0.003 -nan(ind)
0.006 -nan(ind)
0.009 0
0.012 4.35249e-09
0.015 3.00211e-07
0.018 4.72879e-06
0.021 3.23e-05
0.024 0.000131666
0.027 0.000381955
0.03 0.00087565
0.033 0.00169493
0.036 0.0028938
0.039 0.00449069
0.042 0.0064703
0.045 0.00879079
0.048 0.0113929
0.051 0.0142087
0.054 0.0171692
0.057 0.0202092
0.06 0.023271
0.063 0.0263063
0.066 0.0292769
0.069 0.0321542
0.072 0.0349186
0.075 0.0375586
0.078 0.0400693
0.081 0.0424513
0.084 0.0447093
0.087 0.0468518
0.09 0.0488892
0.093 0.0508338
0.096 0.0526989
0.099 0.0544984
0.102 0.0562464
0.105 0.0579567
0.108 0.059643
0.111 0.0613185
0.114 0.0629958
0.117 0.0646869
0.12 0.0664031
0.123 0.068155
0.126 0.0699526
0.129 0.0718049
0.132 0.0737206
0.135 0.0757075
0.138 0.0777726
0.141 0.0799224
0.144 0.0821628
0.147 0.0844987
0.15 0.0869349
0.153 0.089475
0.156 0.0921223
0.159 0.0948795
0.162 0.0977484
0.165 0.100731
0.168 0.103827
0.171 0.107037
0.174 0.110361
0.177 0.113798
0.18 0.117346
0.183 0.121004
0.186 0.124769
0.189 0.128638
0.192 0.132607
0.195 0.136673
0.198 0.140831
0.201 0.145077
0.204 0.149405
0.207 0.153811
0.21 0.158288
0.213 0.162831
0.216 0.167433
0.219 0.172087
0.222 0.176789
0.225 0.18153
0.228 0.186304
0.231 0.191103
0.234 0.195922
0.237 0.200752
0.24 0.205588
0.243 0.210422
0.246 0.215246
0.249 0.220055
0.252 0.224842
0.255 0.2296
0.258 0.234323
0.261 0.239004
0.264 0.243638
0.267 0.248219
0.27 0.252742
0.273 0.2572
0.276 0.26159
0.279 0.265906
0.282 0.270144
0.285 0.274299
0.288 0.278369
0.291 0.282348
0.294 0.286234
0.297 0.290025
0.3 0.293716
0.303 0.297306
0.306 0.300792
0.309 0.304174
0.312 0.307448
0.315 0.310614
0.318 0.313671
0.321 0.316617
0.324 0.319453
0.327 0.322178
0.33 0.324792
0.333 0.327295
0.336 0.329687
0.339 0.33197
0.342 0.334142
0.345 0.336206
0.348 0.338163
0.351 0.340013
0.354 0.341758
0.357 0.343399
0.36 0.344939
0.363 0.346378
0.366 0.347718
0.369 0.348962
0.372 0.35011
0.375 0.351166
0.378 0.352131
0.381 0.353007
0.384 0.353796
0.387 0.354501
0.39 0.355124
0.393 0.355666
0.396 0.356131
0.399 0.35652
0.402 0.356835
0.405 0.35708
0.408 0.357255
0.411 0.357364
0.414 0.357408
0.417 0.35739
0.42 0.357311
0.423 0.357174
0.426 0.356982
0.429 0.356735
0.432 0.356436
0.435 0.356086
0.438 0.355689
0.441 0.355246
0.444 0.354758
0.447 0.354227
0.45 0.353656
0.453 0.353045
0.456 0.352397
0.459 0.351713
0.462 0.350995
0.465 0.350244
0.468 0.349461
0.471 0.348649
0.474 0.347809
0.477 0.346941
0.48 0.346048
0.483 0.34513
0.486 0.344188
0.489 0.343225
0.492 0.342241
0.495 0.341237
0.498 0.340214
0.501 0.339173
0.504 0.338116
0.507 0.337042
0.51 0.335954
0.513 0.334852
0.516 0.333736
0.519 0.332608
0.522 0.331468
0.525 0.330318
0.528 0.329157
0.531 0.327987
0.534 0.326808
0.537 0.32562
0.54 0.324425
0.543 0.323223
0.546 0.322015
0.549 0.320801
0.552 0.319581
0.555 0.318356
0.558 0.317127
0.561 0.315894
0.564 0.314657
0.567 0.313417
0.57 0.312175
0.573 0.310929
0.576 0.309682
0.579 0.308433
0.582 0.307183
0.585 0.305931
0.588 0.304679
0.591 0.303426
0.594 0.302173
0.597 0.30092
0.6 0.299667
0.603 0.298414
0.606 0.297162
0.609 0.295912
0.612 0.294662
0.615 0.293413
0.618 0.292166
0.621 0.290921
0.624 0.289677
0.627 0.288436
0.63 0.287196
0.633 0.285959
0.636 0.284724
0.639 0.283491
0.642 0.282262
0.645 0.281035
0.648 0.279811
0.651 0.27859
0.654 0.277371
0.657 0.276157
0.66 0.274945
0.663 0.273736
0.666 0.272532
0.669 0.27133
0.672 0.270132
0.675 0.268938
0.678 0.267747
0.681 0.266561
0.684 0.265378
0.687 0.264199
0.69 0.263023
0.693 0.261852
0.696 0.260685
0.699 0.259522
0.702 0.258363
0.705 0.257208
0.708 0.256057
0.711 0.254911
0.714 0.253768
0.717 0.25263
0.72 0.251497
0.723 0.250367
0.726 0.249242
0.729 0.248121
0.732 0.247005
0.735 0.245893
0.738 0.244786
0.741 0.243683
0.744 0.242584
0.747 0.24149
0.75 0.240401
0.753 0.239316
0.756 0.238235
0.759 0.237159
0.762 0.236087
0.765 0.23502
0.768 0.233958
0.771 0.2329
0.774 0.231847
0.777 0.230798
0.78 0.229754
0.783 0.228714
0.786 0.227679
0.789 0.226648
0.792 0.225622
0.795 0.224601
0.798 0.223584
0.801 0.222572
0.804 0.221564
0.807 0.220561
0.81 0.219562
0.813 0.218568
0.816 0.217579
0.819 0.216594
0.822 0.215614
0.825 0.214638
0.828 0.213666
0.831 0.2127
0.834 0.211737
0.837 0.210779
0.84 0.209826
0.843 0.208877
0.846 0.207933
0.849 0.206993
0.852 0.206058
0.855 0.205127
0.858 0.2042
0.861 0.203278
0.864 0.202361
0.867 0.201447
0.87 0.200539
0.873 0.199634
0.876 0.198734
0.879 0.197839
0.882 0.196947
0.885 0.19606
0.888 0.195178
0.891 0.1943
0.894 0.193426
0.897 0.192556
0.9 0.191691
0.903 0.19083
0.906 0.189973
0.909 0.18912
0.912 0.188272
0.915 0.187428
0.918 0.186588
0.921 0.185752
0.924 0.184921
0.927 0.184093
0.93 0.18327
0.933 0.182451
0.936 0.181636
0.939 0.180825
0.942 0.180018
0.945 0.179216
0.948 0.178417
0.951 0.177623
0.954 0.176832
0.957 0.176045
0.96 0.175263
0.963 0.174484
0.966 0.17371
0.969 0.172939
0.972 0.172173
0.975 0.17141
0.978 0.170651
0.981 0.169896
0.984 0.169145
0.987 0.168398
0.99 0.167655
0.993 0.166915
0.996 0.16618
0.999 0.165448
1.002 0.16472
1.005 0.163995
1.008 0.163275
1.011 0.162558
1.014 0.161845
1.017 0.161135
1.02 0.16043
1.023 0.159728
1.026 0.159029
1.029 0.158334
1.032 0.157643
1.035 0.156956
1.038 0.156272
1.041 0.155591
1.044 0.154914
1.047 0.154241
1.05 0.153571
1.053 0.152905
1.056 0.152242
1.059 0.151583
1.062 0.150927
1.065 0.150274
1.068 0.149625
1.071 0.14898
1.074 0.148338
1.077 0.147699
1.08 0.147063
1.083 0.146431
1.086 0.145802
1.089 0.145177
1.092 0.144554
1.095 0.143935
1.098 0.14332
1.101 0.142707
1.104 0.142098
1.107 0.141492
1.11 0.140889
1.113 0.140289
1.116 0.139693
1.119 0.1391
1.122 0.138509
1.125 0.137922
1.128 0.137338
1.131 0.136757
1.134 0.136179
1.137 0.135604
1.14 0.135033
1.143 0.134464
1.146 0.133898
1.149 0.133335
1.152 0.132775
1.155 0.132218
1.158 0.131664
1.161 0.131113
1.164 0.130565
1.167 0.13002
1.17 0.129478
1.173 0.128938
1.176 0.128402
1.179 0.127868
1.182 0.127337
1.185 0.126808
1.188 0.126283
1.191 0.12576
1.194 0.12524
1.197 0.124723
1.2 0.124209
1.203 0.123697
1.206 0.123188
1.209 0.122682
1.212 0.122178
1.215 0.121677
1.218 0.121178
1.221 0.120683
1.224 0.120189
1.227 0.119699
1.23 0.119211
1.233 0.118725
1.236 0.118242
1.239 0.117762
1.242 0.117284
1.245 0.116809
1.248 0.116336
1.251 0.115865
1.254 0.115397
1.257 0.114932
1.26 0.114469
1.263 0.114008
1.266 0.11355
1.269 0.113094
1.272 0.112641
1.275 0.11219
1.278 0.111741
1.281 0.111295
1.284 0.110851
1.287 0.110409
1.29 0.109969
1.293 0.109532
1.296 0.109097
1.299 0.108665
1.302 0.108234
1.305 0.107806
1.308 0.10738
1.311 0.106957
1.314 0.106535
1.317 0.106116
1.32 0.105699
1.323 0.105284
1.326 0.104871
1.329 0.10446
1.332 0.104052
1.335 0.103645
1.338 0.103241
1.341 0.102838
1.344 0.102438
1.347 0.10204
1.35 0.101644
1.353 0.10125
1.356 0.100858
1.359 0.100468
1.362 0.10008
1.365 0.0996938
1.368 0.0993098
1.371 0.0989277
1.374 0.0985476
1.377 0.0981694
1.38 0.0977932
1.383 0.0974189
1.386 0.0970465
1.389 0.096676
1.392 0.0963074
1.395 0.0959407
1.398 0.0955758
1.401 0.0952128
1.404 0.0948517
1.407 0.0944924
1.41 0.0941349
1.413 0.0937792
1.416 0.0934253
1.419 0.0930733
1.422 0.092723
1.425 0.0923744
1.428 0.0920277
1.431 0.0916827
1.434 0.0913394
1.437 0.0909979
1.44 0.0906581
1.443 0.09032
1.446 0.0899836
1.449 0.0896488
1.452 0.0893158
1.455 0.0889845
1.458 0.0886548
1.461 0.0883267
1.464 0.0880003
1.467 0.0876755
1.47 0.0873524
1.473 0.0870309
1.476 0.0867109
1.479 0.0863926
1.482 0.0860759
1.485 0.0857607
1.488 0.0854471
1.491 0.0851351
1.494 0.0848246
1.497 0.0845156
1.5 0.0842082
1.503 0.0839023
1.506 0.0835979
1.509 0.083295
1.512 0.0829936
1.515 0.0826937
1.518 0.0823953
1.521 0.0820984
1.524 0.0818029
1.527 0.0815089
1.53 0.0812163
1.533 0.0809251
1.536 0.0806354
1.539 0.0803471
1.542 0.0800602
1.545 0.0797747
1.548 0.0794906
1.551 0.0792079
1.554 0.0789265
1.557 0.0786466
1.56 0.078368
1.563 0.0780907
1.566 0.0778148
1.569 0.0775403
1.572 0.077267
1.575 0.0769951
1.578 0.0767245
1.581 0.0764553
1.584 0.0761873
1.587 0.0759206
1.59 0.0756552
1.593 0.0753911
1.596 0.0751282
1.599 0.0748666
1.602 0.0746063
1.605 0.0743472
1.608 0.0740894
1.611 0.0738327
1.614 0.0735774
1.617 0.0733232
1.62 0.0730703
1.623 0.0728185
1.626 0.072568
1.629 0.0723186
1.632 0.0720705
1.635 0.0718235
1.638 0.0715777
1.641 0.071333
1.644 0.0710895
1.647 0.0708472
1.65 0.070606
1.653 0.070366
1.656 0.070127
1.659 0.0698893
1.662 0.0696526
1.665 0.069417
1.668 0.0691826
1.671 0.0689492
1.674 0.068717
1.677 0.0684858
1.68 0.0682557
1.683 0.0680267
1.686 0.0677987
1.689 0.0675719
1.692 0.067346
1.695 0.0671213
1.698 0.0668975
1.701 0.0666749
1.704 0.0664532
1.707 0.0662326
1.71 0.066013
1.713 0.0657944
1.716 0.0655768
1.719 0.0653602
1.722 0.0651447
1.725 0.0649301
1.728 0.0647165
1.731 0.0645039
1.734 0.0642922
1.737 0.0640816
1.74 0.0638719
1.743 0.0636631
1.746 0.0634554
1.749 0.0632485
1.752 0.0630426
1.755 0.0628377
1.758 0.0626337
1.761 0.0624306
1.764 0.0622284
1.767 0.0620272
1.77 0.0618268
1.773 0.0616274
1.776 0.0614289
1.779 0.0612313
1.782 0.0610345
1.785 0.0608387
1.788 0.0606437
1.791 0.0604496
1.794 0.0602564
1.797 0.0600641
1.8 0.0598726
1.803 0.059682
1.806 0.0594922
1.809 0.0593033
1.812 0.0591152
1.815 0.058928
1.818 0.0587416
1.821 0.058556
1.824 0.0583713
1.827 0.0581873
1.83 0.0580042
1.833 0.0578219
1.836 0.0576405
1.839 0.0574598
1.842 0.0572799
1.845 0.0571008
1.848 0.0569225
1.851 0.056745
1.854 0.0565683
1.857 0.0563923
1.86 0.0562171
1.863 0.0560427
1.866 0.0558691
1.869 0.0556962
1.872 0.055524
1.875 0.0553527
1.878 0.055182
1.881 0.0550121
1.884 0.054843
1.887 0.0546746
1.89 0.0545069
1.893 0.0543399
1.896 0.0541737
1.899 0.0540082
1.902 0.0538434
1.905 0.0536793
1.908 0.053516
1.911 0.0533533
1.914 0.0531913
1.917 0.0530301
1.92 0.0528695
1.923 0.0527096
1.926 0.0525504
1.929 0.0523919
1.932 0.0522341
1.935 0.0520769
1.938 0.0519204
1.941 0.0517646
1.944 0.0516094
1.947 0.0514549
1.95 0.0513011
1.953 0.0511479
1.956 0.0509954
1.959 0.0508435
1.962 0.0506922
1.965 0.0505416
1.968 0.0503916
1.971 0.0502423
1.974 0.0500936
1.977 0.0499455
1.98 0.049798
1.983 0.0496512
1.986 0.049505
1.989 0.0493594
1.992 0.0492144
1.995 0.04907
1.998 0.0489262
2.001 0.048783
2.004 0.0486404
2.007 0.0484984
2.01 0.048357
2.013 0.0482162
2.016 0.0480759
2.019 0.0479363
2.022 0.0477972
2.025 0.0476587
2.028 0.0475208
2.031 0.0473834
2.034 0.0472467
2.037 0.0471104
2.04 0.0469748
2.043 0.0468397
2.046 0.0467051
2.049 0.0465711
2.052 0.0464377
2.055 0.0463048
2.058 0.0461724
2.061 0.0460406
2.064 0.0459093
2.067 0.0457786
2.07 0.0456483
2.073 0.0455187
2.076 0.0453895
2.079 0.0452609
2.082 0.0451328
2.085 0.0450052
2.088 0.0448781
2.091 0.0447515
2.094 0.0446255
2.097 0.0444999
2.1 0.0443749
2.103 0.0442504
2.106 0.0441263
2.109 0.0440028
2.112 0.0438798
2.115 0.0437572
2.118 0.0436352
2.121 0.0435136
2.124 0.0433925
2.127 0.0432719
2.13 0.0431518
2.133 0.0430322
2.136 0.042913
2.139 0.0427943
2.142 0.0426761
2.145 0.0425584
2.148 0.0424411
2.151 0.0423243
2.154 0.0422079
2.157 0.042092
2.16 0.0419766
2.163 0.0418616
2.166 0.041747
2.169 0.041633
2.172 0.0415193
2.175 0.0414061
2.178 0.0412934
2.181 0.0411811
2.184 0.0410692
2.187 0.0409578
2.19 0.0408468
2.193 0.0407362
2.196 0.0406261
2.199 0.0405164
2.202 0.0404071
2.205 0.0402983
2.208 0.0401899
2.211 0.0400818
2.214 0.0399743
2.217 0.0398671
2.22 0.0397603
2.223 0.039654
2.226 0.039548
2.229 0.0394425
2.232 0.0393374
2.235 0.0392326
2.238 0.0391283
2.241 0.0390244
2.244 0.0389209
2.247 0.0388177
2.25 0.038715
2.253 0.0386127
2.256 0.0385107
2.259 0.0384091
2.262 0.038308
2.265 0.0382072
2.268 0.0381068
2.271 0.0380067
2.274 0.0379071
2.277 0.0378078
2.28 0.0377089
2.283 0.0376104
2.286 0.0375122
2.289 0.0374144
2.292 0.037317
2.295 0.03722
2.298 0.0371233
2.301 0.0370269
2.304 0.036931
2.307 0.0368354
2.31 0.0367401
2.313 0.0366452
2.316 0.0365507
2.319 0.0364565
2.322 0.0363627
2.325 0.0362692
2.328 0.0361761
2.331 0.0360833
2.334 0.0359908
2.337 0.0358987
2.34 0.035807
2.343 0.0357155
2.346 0.0356245
2.349 0.0355337
2.352 0.0354433
2.355 0.0353532
2.358 0.0352634
2.361 0.035174
2.364 0.0350849
2.367 0.0349962
2.37 0.0349077
2.373 0.0348196
2.376 0.0347318
2.379 0.0346443
2.382 0.0345572
2.385 0.0344703
2.388 0.0343838
2.391 0.0342976
2.394 0.0342117
2.397 0.0341261
2.4 0.0340408
2.403 0.0339559
2.406 0.0338712
2.409 0.0337869
2.412 0.0337028
2.415 0.0336191
2.418 0.0335356
2.421 0.0334525
2.424 0.0333696
2.427 0.0332871
2.43 0.0332049
2.433 0.0331229
2.436 0.0330412
2.439 0.0329599
2.442 0.0328788
2.445 0.032798
2.448 0.0327175
2.451 0.0326373
2.454 0.0325573
2.457 0.0324777
2.46 0.0323983
2.463 0.0323193
2.466 0.0322405
2.469 0.0321619
2.472 0.0320837
2.475 0.0320057
2.478 0.031928
2.481 0.0318506
2.484 0.0317735
2.487 0.0316966
2.49 0.03162
2.493 0.0315436
2.496 0.0314676
2.499 0.0313918
2.502 0.0313162
2.505 0.031241
2.508 0.031166
2.511 0.0310912
2.514 0.0310167
2.517 0.0309425
2.52 0.0308685
2.523 0.0307948
2.526 0.0307214
2.529 0.0306481
2.532 0.0305752
2.535 0.0305025
2.538 0.0304301
2.541 0.0303579
2.544 0.0302859
2.547 0.0302142
2.55 0.0301428
2.553 0.0300716
2.556 0.0300006
2.559 0.0299299
2.562 0.0298594
2.565 0.0297892
2.568 0.0297192
2.571 0.0296495
2.574 0.0295799
2.577 0.0295107
2.58 0.0294416
2.583 0.0293728
2.586 0.0293042
2.589 0.0292359
2.592 0.0291678
2.595 0.0290999
2.598 0.0290323
2.601 0.0289649
2.604 0.0288977
2.607 0.0288307
2.61 0.028764
2.613 0.0286975
2.616 0.0286312
2.619 0.0285651
2.622 0.0284993
2.625 0.0284337
2.628 0.0283683
2.631 0.0283031
2.634 0.0282381
2.637 0.0281734
2.64 0.0281089
2.643 0.0280446
2.646 0.0279805
2.649 0.0279166
2.652 0.0278529
2.655 0.0277895
2.658 0.0277262
2.661 0.0276632
2.664 0.0276003
2.667 0.0275377
2.67 0.0274753
2.673 0.0274131
2.676 0.0273511
2.679 0.0272893
2.682 0.0272277
2.685 0.0271663
2.688 0.0271051
2.691 0.0270441
2.694 0.0269834
2.697 0.0269228
2.7 0.0268624
2.703 0.0268022
2.706 0.0267422
2.709 0.0266824
2.712 0.0266228
2.715 0.0265634
2.718 0.0265042
2.721 0.0264452
2.724 0.0263863
2.727 0.0263277
2.73 0.0262692
2.733 0.026211
2.736 0.0261529
2.739 0.026095
2.742 0.0260373
2.745 0.0259798
2.748 0.0259225
2.751 0.0258654
2.754 0.0258084
2.757 0.0257516
2.76 0.0256951
2.763 0.0256386
2.766 0.0255824
2.769 0.0255264
2.772 0.0254705
2.775 0.0254148
2.778 0.0253593
2.781 0.025304
2.784 0.0252488
2.787 0.0251939
2.79 0.025139
2.793 0.0250844
2.796 0.02503
2.799 0.0249757
2.802 0.0249216
2.805 0.0248676
2.808 0.0248139
2.811 0.0247603
2.814 0.0247068
2.817 0.0246536
2.82 0.0246005
2.823 0.0245476
2.826 0.0244948
2.829 0.0244422
2.832 0.0243898
2.835 0.0243375
2.838 0.0242854
2.841 0.0242335
2.844 0.0241817
2.847 0.0241301
2.85 0.0240787
2.853 0.0240274
2.856 0.0239762
2.859 0.0239253
2.862 0.0238745
2.865 0.0238238
2.868 0.0237733
2.871 0.023723
2.874 0.0236728
2.877 0.0236228
2.88 0.0235729
2.883 0.0235232
2.886 0.0234736
2.889 0.0234242
2.892 0.0233749
2.895 0.0233258
2.898 0.0232769
2.901 0.0232281
2.904 0.0231794
2.907 0.0231309
2.91 0.0230826
2.913 0.0230343
2.916 0.0229863
2.919 0.0229384
2.922 0.0228906
2.925 0.022843
2.928 0.0227955
2.931 0.0227482
2.934 0.022701
2.937 0.0226539
2.94 0.022607
2.943 0.0225603
2.946 0.0225137
2.949 0.0224672
2.952 0.0224208
2.955 0.0223746
2.958 0.0223286
2.961 0.0222827
2.964 0.0222369
2.967 0.0221913
2.97 0.0221458
2.973 0.0221004
2.976 0.0220552
2.979 0.0220101
2.982 0.0219651
2.985 0.0219203
2.988 0.0218756
2.991 0.021831
2.994 0.0217866
2.997 0.0217423
