0.142857 0.031831 0.0227635
0.142857 0.063662 0.0077647
0.142857 0.095493 0.0389559
0.142857 0.127324 0.00742688
0.142857 0.159155 0.0278456
0.142857 0.190986 0.0432608
0.142857 0.222817 3.71297
0.142857 0.254648 0.0517029
0.142857 0.286479 0.0153345
0.142857 0.31831 0.00890871
0.142857 0.350141 0.00415257
0.142857 0.381972 0.011729
0.142857 0.413803 0.0112546
0.142857 0.445634 0.0031873
0.142857 0.477465 0.00557203
0.142857 0.509296 0.0296651
0.142857 0.541127 0.152729
0.142857 0.572958 0.00472489
0.142857 0.604789 0.00920909
0.142857 0.63662 0.0064926
0.142857 0.668451 0.0409087
0.142857 0.700282 0.021137
0.142857 0.732113 0.0752826
0.142857 0.763944 0.00613986
0.142857 0.795775 0.0679143
0.142857 0.827606 0.0481296
0.142857 0.859437 0.0736174
0.142857 0.891268 0.116039
0.142857 0.923099 0.108084
0.142857 0.95493 0.0303265
0.142857 0.986761 0.0281814

0.285714 0.031831 0.0222523
0.285714 0.063662 0.00644844
0.285714 0.095493 0.0107335
0.285714 0.127324 0.0029867
0.285714 0.159155 0.00675897
0.285714 0.190986 0.00337094
0.285714 0.222817 0.0322645
0.285714 0.254648 0.00524214
0.285714 0.286479 0.00861914
0.285714 0.31831 0.0142227
0.285714 0.350141 0.0295178
0.285714 0.381972 0.183824
0.285714 0.413803 2.8219
0.285714 0.445634 0.0751915
0.285714 0.477465 0.0274413
0.285714 0.509296 0.067385
0.285714 0.541127 0.0552968
0.285714 0.572958 0.00641976
0.285714 0.604789 0.0108482
0.285714 0.63662 0.012182
0.285714 0.668451 0.0127679
0.285714 0.700282 0.00791921
0.285714 0.732113 0.0215432
0.285714 0.763944 0.0144002
0.285714 0.795775 0.0809997
0.285714 0.827606 0.133424
0.285714 0.859437 0.0114151
0.285714 0.891268 0.0252466
0.285714 0.923099 0.00992216
0.285714 0.95493 0.0159355
0.285714 0.986761 0.0232935

0.428571 0.031831 0.0157783
0.428571 0.063662 0.00516258
0.428571 0.095493 0.0459169
0.428571 0.127324 0.00287912
0.428571 0.159155 0.00378602
0.428571 0.190986 0.00259164
0.428571 0.222817 0.043716
0.428571 0.254648 0.00343856
0.428571 0.286479 0.00618132
0.428571 0.31831 0.00753561
0.428571 0.350141 0.00713646
0.428571 0.381972 0.0259513
0.428571 0.413803 0.0248473
0.428571 0.445634 0.0259497
0.428571 0.477465 0.0736004
0.428571 0.509296 0.893844
0.428571 0.541127 0.700272
0.428571 0.572958 0.0616235
0.428571 0.604789 0.0862122
0.428571 0.63662 0.04138
0.428571 0.668451 0.0183116
0.428571 0.700282 0.0155828
0.428571 0.732113 0.0402736
0.428571 0.763944 0.0430742
0.428571 0.795775 0.373028
0.428571 0.827606 0.164994
0.428571 0.859437 0.0789328
0.428571 0.891268 0.0329209
0.428571 0.923099 0.0143749
0.428571 0.95493 0.0297222
0.428571 0.986761 0.0383551

0.571429 0.031831 0.0245771
0.571429 0.063662 0.00791183
0.571429 0.095493 0.0643548
0.571429 0.127324 0.00474284
0.571429 0.159155 0.0290292
0.571429 0.190986 0.00470437
0.571429 0.222817 0.0623544
0.571429 0.254648 0.00444941
0.571429 0.286479 0.00535501
0.571429 0.31831 0.0065959
0.571429 0.350141 0.00913954
0.571429 0.381972 0.058409
0.571429 0.413803 0.0324698
0.571429 0.445634 0.0274252
0.571429 0.477465 0.0604069
0.571429 0.509296 0.249865
0.571429 0.541127 12.5403
0.571429 0.572958 0.190379
0.571429 0.604789 0.0716454
0.571429 0.63662 0.0355511
0.571429 0.668451 0.0519894
0.571429 0.700282 0.0829186
0.571429 0.732113 0.429813
0.571429 0.763944 0.152053
0.571429 0.795775 0.282758
0.571429 0.827606 0.0934318
0.571429 0.859437 0.0271802
0.571429 0.891268 0.0257631
0.571429 0.923099 0.020788
0.571429 0.95493 0.0354908
0.571429 0.986761 0.0527333

0.714286 0.031831 0.0204471
0.714286 0.063662 0.00870736
0.714286 0.095493 0.162385
0.714286 0.127324 0.00695121
0.714286 0.159155 0.0117195
0.714286 0.190986 0.00609311
0.714286 0.222817 0.0742716
0.714286 0.254648 0.00866701
0.714286 0.286479 0.0134697
0.714286 0.31831 0.018489
0.714286 0.350141 0.0256299
0.714286 0.381972 0.150639
0.714286 0.413803 0.216699
0.714286 0.445634 0.957696
0.714286 0.477465 1.0363
0.714286 0.509296 0.169439
0.714286 0.541127 0.202765
0.714286 0.572958 0.0314005
0.714286 0.604789 0.0382748
0.714286 0.63662 0.0381488
0.714286 0.668451 0.0370389
0.714286 0.700282 0.0599514
0.714286 0.732113 1.23842
0.714286 0.763944 0.10116
0.714286 0.795775 0.340255
0.714286 0.827606 0.0693957
0.714286 0.859437 0.0435427
0.714286 0.891268 0.288246
0.714286 0.923099 0.0401186
0.714286 0.95493 0.0591422
0.714286 0.986761 0.0519394

0.857143 0.031831 0.0216193
0.857143 0.063662 0.0157736
0.857143 0.095493 0.306542
0.857143 0.127324 0.0215574
0.857143 0.159155 0.0281562
0.857143 0.190986 0.0453025
0.857143 0.222817 0.975637
0.857143 0.254648 0.189965
0.857143 0.286479 1.46218
0.857143 0.31831 1.68135
0.857143 0.350141 0.191154
0.857143 0.381972 0.316801
0.857143 0.413803 0.0754682
0.857143 0.445634 0.040599
0.857143 0.477465 0.0598021
0.857143 0.509296 0.165426
0.857143 0.541127 0.663082
0.857143 0.572958 0.0549522
0.857143 0.604789 0.147447
0.857143 0.63662 0.279805
0.857143 0.668451 1.093
0.857143 0.700282 0.366103
0.857143 0.732113 0.132223
0.857143 0.763944 0.0876253
0.857143 0.795775 0.43277
0.857143 0.827606 0.184925
0.857143 0.859437 0.131096
0.857143 0.891268 1.72825
0.857143 0.923099 0.152779
0.857143 0.95493 0.82225
0.857143 0.986761 0.733547

1 0.031831 0.240553
1 0.063662 0.881547
1 0.095493 30.5332
1 0.127324 1.16842
1 0.159155 0.277747
1 0.190986 0.126172
1 0.222817 0.230536
1 0.254648 0.0560344
1 0.286479 0.0577936
1 0.31831 0.0720675
1 0.350141 0.280146
1 0.381972 0.343873
1 0.413803 0.150007
1 0.445634 0.133621
1 0.477465 0.469251
1 0.509296 2.18219
1 0.541127 0.456846
1 0.572958 0.233233
1 0.604789 0.140927
1 0.63662 0.300729
1 0.668451 0.139846
1 0.700282 0.376861
1 0.732113 1.2457
1 0.763944 0.403622
1 0.795775 0.246441
1 0.827606 1.4466
1 0.859437 1.3399
1 0.891268 1.57556
1 0.923099 0.336618
1 0.95493 0.180884
1 0.986761 0.274037

