0.003 -nan(ind)
0.006 -nan(ind)
0.009 6.89239e-11
0.012 3.68806e-08
0.015 1.42965e-06
0.018 1.53129e-05
0.021 7.94087e-05
0.024 0.000263268
0.027 0.000650323
0.03 0.00131098
0.033 0.00228424
0.036 0.00357319
0.039 0.00515081
0.042 0.00697031
0.045 0.00897562
0.048 0.0111099
0.051 0.0133212
0.054 0.0155659
0.057 0.0178097
0.06 0.020028
0.063 0.0222043
0.066 0.0243298
0.069 0.0264011
0.072 0.0284195
0.075 0.0303893
0.078 0.0323172
0.081 0.0342109
0.084 0.0360791
0.087 0.0379304
0.09 0.0397732
0.093 0.0416157
0.096 0.0434652
0.099 0.0453285
0.102 0.0472116
0.105 0.0491198
0.108 0.0510576
0.111 0.053029
0.114 0.0550371
0.117 0.0570848
0.12 0.0591742
0.123 0.0613071
0.126 0.0634847
0.129 0.0657081
0.132 0.0679778
0.135 0.0702942
0.138 0.0726575
0.141 0.0750675
0.144 0.077524
0.147 0.0800265
0.15 0.0825743
0.153 0.0851667
0.156 0.0878029
0.159 0.0904818
0.162 0.0932024
0.165 0.0959635
0.168 0.0987638
0.171 0.101602
0.174 0.104477
0.177 0.107387
0.18 0.11033
0.183 0.113305
0.186 0.11631
0.189 0.119344
0.192 0.122405
0.195 0.125491
0.198 0.1286
0.201 0.13173
0.204 0.13488
0.207 0.138048
0.21 0.141231
0.213 0.144428
0.216 0.147636
0.219 0.150855
0.222 0.154081
0.225 0.157313
0.228 0.160549
0.231 0.163787
0.234 0.167024
0.237 0.17026
0.24 0.173492
0.243 0.176718
0.246 0.179937
0.249 0.183145
0.252 0.186343
0.255 0.189527
0.258 0.192696
0.261 0.195849
0.264 0.198983
0.267 0.202097
0.27 0.205189
0.273 0.208258
0.276 0.211302
0.279 0.21432
0.282 0.21731
0.285 0.22027
0.288 0.223201
0.291 0.226099
0.294 0.228965
0.297 0.231796
0.3 0.234592
0.303 0.237352
0.306 0.240074
0.309 0.242757
0.312 0.245401
0.315 0.248005
0.318 0.250567
0.321 0.253088
0.324 0.255565
0.327 0.258
0.33 0.26039
0.333 0.262736
0.336 0.265036
0.339 0.267291
0.342 0.2695
0.345 0.271662
0.348 0.273778
0.351 0.275846
0.354 0.277867
0.357 0.27984
0.36 0.281765
0.363 0.283642
0.366 0.285471
0.369 0.287251
0.372 0.288984
0.375 0.290668
0.378 0.292304
0.381 0.293891
0.384 0.295431
0.387 0.296922
0.39 0.298366
0.393 0.299761
0.396 0.30111
0.399 0.302411
0.402 0.303665
0.405 0.304873
0.408 0.306034
0.411 0.307149
0.414 0.308218
0.417 0.309242
0.42 0.31022
0.423 0.311155
0.426 0.312045
0.429 0.312891
0.432 0.313694
0.435 0.314454
0.438 0.315172
0.441 0.315848
0.444 0.316483
0.447 0.317076
0.45 0.31763
0.453 0.318143
0.456 0.318618
0.459 0.319053
0.462 0.319451
0.465 0.31981
0.468 0.320133
0.471 0.320419
0.474 0.320669
0.477 0.320884
0.48 0.321064
0.483 0.32121
0.486 0.321322
0.489 0.321401
0.492 0.321447
0.495 0.321462
0.498 0.321445
0.501 0.321398
0.504 0.32132
0.507 0.321213
0.51 0.321077
0.513 0.320912
0.516 0.32072
0.519 0.3205
0.522 0.320254
0.525 0.319981
0.528 0.319683
0.531 0.31936
0.534 0.319012
0.537 0.318641
0.54 0.318246
0.543 0.317828
0.546 0.317387
0.549 0.316925
0.552 0.316442
0.555 0.315938
0.558 0.315414
0.561 0.31487
0.564 0.314306
0.567 0.313724
0.57 0.313124
0.573 0.312506
0.576 0.31187
0.579 0.311218
0.582 0.31055
0.585 0.309865
0.588 0.309165
0.591 0.30845
0.594 0.30772
0.597 0.306977
0.6 0.306219
0.603 0.305448
0.606 0.304665
0.609 0.303868
0.612 0.30306
0.615 0.30224
0.618 0.301409
0.621 0.300566
0.624 0.299713
0.627 0.29885
0.63 0.297977
0.633 0.297095
0.636 0.296203
0.639 0.295302
0.642 0.294393
0.645 0.293476
0.648 0.292551
0.651 0.291619
0.654 0.290679
0.657 0.289732
0.66 0.288779
0.663 0.287819
0.666 0.286853
0.669 0.285882
0.672 0.284905
0.675 0.283922
0.678 0.282935
0.681 0.281943
0.684 0.280947
0.687 0.279946
0.69 0.278941
0.693 0.277933
0.696 0.276921
0.699 0.275906
0.702 0.274887
0.705 0.273866
0.708 0.272842
0.711 0.271816
0.714 0.270787
0.717 0.269756
0.72 0.268724
0.723 0.267689
0.726 0.266654
0.729 0.265616
0.732 0.264578
0.735 0.263539
0.738 0.262499
0.741 0.261458
0.744 0.260417
0.747 0.259375
0.75 0.258333
0.753 0.257291
0.756 0.256249
0.759 0.255207
0.762 0.254166
0.765 0.253125
0.768 0.252085
0.771 0.251045
0.774 0.250006
0.777 0.248968
0.78 0.247931
0.783 0.246896
0.786 0.245861
0.789 0.244828
0.792 0.243797
0.795 0.242767
0.798 0.241738
0.801 0.240712
0.804 0.239687
0.807 0.238664
0.81 0.237644
0.813 0.236625
0.816 0.235609
0.819 0.234594
0.822 0.233582
0.825 0.232573
0.828 0.231566
0.831 0.230561
0.834 0.229559
0.837 0.22856
0.84 0.227563
0.843 0.22657
0.846 0.225579
0.849 0.224591
0.852 0.223605
0.855 0.222623
0.858 0.221644
0.861 0.220668
0.864 0.219695
0.867 0.218725
0.87 0.217759
0.873 0.216795
0.876 0.215835
0.879 0.214879
0.882 0.213925
0.885 0.212976
0.888 0.212029
0.891 0.211086
0.894 0.210146
0.897 0.20921
0.9 0.208278
0.903 0.207349
0.906 0.206423
0.909 0.205502
0.912 0.204584
0.915 0.203669
0.918 0.202758
0.921 0.201851
0.924 0.200948
0.927 0.200048
0.93 0.199152
0.933 0.19826
0.936 0.197372
0.939 0.196487
0.942 0.195606
0.945 0.194729
0.948 0.193856
0.951 0.192987
0.954 0.192121
0.957 0.191259
0.96 0.190401
0.963 0.189547
0.966 0.188697
0.969 0.187851
0.972 0.187008
0.975 0.18617
0.978 0.185335
0.981 0.184504
0.984 0.183677
0.987 0.182854
0.99 0.182034
0.993 0.181219
0.996 0.180407
0.999 0.179599
1.002 0.178796
1.005 0.177995
1.008 0.177199
1.011 0.176407
1.014 0.175618
1.017 0.174834
1.02 0.174053
1.023 0.173276
1.026 0.172503
1.029 0.171733
1.032 0.170968
1.035 0.170206
1.038 0.169448
1.041 0.168694
1.044 0.167943
1.047 0.167196
1.05 0.166454
1.053 0.165714
1.056 0.164979
1.059 0.164247
1.062 0.163519
1.065 0.162795
1.068 0.162074
1.071 0.161357
1.074 0.160644
1.077 0.159934
1.08 0.159228
1.083 0.158526
1.086 0.157827
1.089 0.157132
1.092 0.156441
1.095 0.155753
1.098 0.155068
1.101 0.154387
1.104 0.15371
1.107 0.153036
1.11 0.152366
1.113 0.1517
1.116 0.151036
1.119 0.150377
1.122 0.14972
1.125 0.149067
1.128 0.148418
1.131 0.147772
1.134 0.14713
1.137 0.14649
1.14 0.145855
1.143 0.145222
1.146 0.144593
1.149 0.143967
1.152 0.143345
1.155 0.142726
1.158 0.14211
1.161 0.141497
1.164 0.140888
1.167 0.140282
1.17 0.139679
1.173 0.139079
1.176 0.138483
1.179 0.13789
1.182 0.137299
1.185 0.136713
1.188 0.136129
1.191 0.135548
1.194 0.13497
1.197 0.134396
1.2 0.133824
1.203 0.133256
1.206 0.132691
1.209 0.132128
1.212 0.131569
1.215 0.131013
1.218 0.130459
1.221 0.129909
1.224 0.129362
1.227 0.128817
1.23 0.128276
1.233 0.127737
1.236 0.127201
1.239 0.126668
1.242 0.126138
1.245 0.125611
1.248 0.125087
1.251 0.124565
1.254 0.124046
1.257 0.12353
1.26 0.123017
1.263 0.122507
1.266 0.121999
1.269 0.121494
1.272 0.120991
1.275 0.120492
1.278 0.119995
1.281 0.119501
1.284 0.119009
1.287 0.11852
1.29 0.118033
1.293 0.11755
1.296 0.117068
1.299 0.11659
1.302 0.116114
1.305 0.11564
1.308 0.115169
1.311 0.114701
1.314 0.114235
1.317 0.113771
1.32 0.11331
1.323 0.112851
1.326 0.112395
1.329 0.111942
1.332 0.11149
1.335 0.111041
1.338 0.110595
1.341 0.110151
1.344 0.109709
1.347 0.109269
1.35 0.108832
1.353 0.108398
1.356 0.107965
1.359 0.107535
1.362 0.107107
1.365 0.106681
1.368 0.106258
1.371 0.105837
1.374 0.105418
1.377 0.105001
1.38 0.104587
1.383 0.104174
1.386 0.103764
1.389 0.103356
1.392 0.10295
1.395 0.102546
1.398 0.102145
1.401 0.101745
1.404 0.101348
1.407 0.100953
1.41 0.100559
1.413 0.100168
1.416 0.099779
1.419 0.0993919
1.422 0.0990069
1.425 0.0986238
1.428 0.0982427
1.431 0.0978636
1.434 0.0974865
1.437 0.0971114
1.44 0.0967382
1.443 0.096367
1.446 0.0959976
1.449 0.0956302
1.452 0.0952647
1.455 0.0949011
1.458 0.0945394
1.461 0.0941795
1.464 0.0938215
1.467 0.0934654
1.47 0.0931111
1.473 0.0927586
1.476 0.092408
1.479 0.0920591
1.482 0.091712
1.485 0.0913668
1.488 0.0910232
1.491 0.0906815
1.494 0.0903415
1.497 0.0900033
1.5 0.0896667
1.503 0.0893319
1.506 0.0889989
1.509 0.0886675
1.512 0.0883378
1.515 0.0880097
1.518 0.0876834
1.521 0.0873587
1.524 0.0870356
1.527 0.0867142
1.53 0.0863945
1.533 0.0860763
1.536 0.0857598
1.539 0.0854448
1.542 0.0851315
1.545 0.0848197
1.548 0.0845095
1.551 0.0842009
1.554 0.0838938
1.557 0.0835882
1.56 0.0832842
1.563 0.0829817
1.566 0.0826808
1.569 0.0823813
1.572 0.0820833
1.575 0.0817869
1.578 0.0814919
1.581 0.0811984
1.584 0.0809063
1.587 0.0806157
1.59 0.0803265
1.593 0.0800388
1.596 0.0797525
1.599 0.0794676
1.602 0.0791842
1.605 0.0789021
1.608 0.0786214
1.611 0.0783422
1.614 0.0780643
1.617 0.0777877
1.62 0.0775125
1.623 0.0772387
1.626 0.0769662
1.629 0.0766951
1.632 0.0764253
1.635 0.0761568
1.638 0.0758896
1.641 0.0756238
1.644 0.0753592
1.647 0.0750959
1.65 0.0748339
1.653 0.0745732
1.656 0.0743137
1.659 0.0740555
1.662 0.0737986
1.665 0.0735429
1.668 0.0732884
1.671 0.0730352
1.674 0.0727832
1.677 0.0725324
1.68 0.0722828
1.683 0.0720344
1.686 0.0717872
1.689 0.0715412
1.692 0.0712964
1.695 0.0710528
1.698 0.0708103
1.701 0.070569
1.704 0.0703288
1.707 0.0700898
1.71 0.0698519
1.713 0.0696151
1.716 0.0693795
1.719 0.069145
1.722 0.0689116
1.725 0.0686793
1.728 0.0684482
1.731 0.0682181
1.734 0.0679891
1.737 0.0677611
1.74 0.0675343
1.743 0.0673085
1.746 0.0670838
1.749 0.0668601
1.752 0.0666375
1.755 0.066416
1.758 0.0661954
1.761 0.0659759
1.764 0.0657575
1.767 0.06554
1.77 0.0653236
1.773 0.0651082
1.776 0.0648937
1.779 0.0646803
1.782 0.0644679
1.785 0.0642564
1.788 0.064046
1.791 0.0638365
1.794 0.0636279
1.797 0.0634204
1.8 0.0632138
1.803 0.0630081
1.806 0.0628034
1.809 0.0625996
1.812 0.0623968
1.815 0.0621949
1.818 0.0619939
1.821 0.0617938
1.824 0.0615947
1.827 0.0613965
1.83 0.0611991
1.833 0.0610027
1.836 0.0608072
1.839 0.0606125
1.842 0.0604187
1.845 0.0602258
1.848 0.0600338
1.851 0.0598427
1.854 0.0596524
1.857 0.059463
1.86 0.0592744
1.863 0.0590867
1.866 0.0588998
1.869 0.0587138
1.872 0.0585286
1.875 0.0583442
1.878 0.0581607
1.881 0.0579779
1.884 0.057796
1.887 0.0576149
1.89 0.0574346
1.893 0.0572552
1.896 0.0570765
1.899 0.0568986
1.902 0.0567215
1.905 0.0565452
1.908 0.0563696
1.911 0.0561949
1.914 0.0560209
1.917 0.0558477
1.92 0.0556752
1.923 0.0555035
1.926 0.0553326
1.929 0.0551624
1.932 0.0549929
1.935 0.0548242
1.938 0.0546562
1.941 0.054489
1.944 0.0543225
1.947 0.0541567
1.95 0.0539917
1.953 0.0538274
1.956 0.0536637
1.959 0.0535008
1.962 0.0533386
1.965 0.0531771
1.968 0.0530163
1.971 0.0528562
1.974 0.0526968
1.977 0.0525381
1.98 0.0523801
1.983 0.0522227
1.986 0.052066
1.989 0.05191
1.992 0.0517547
1.995 0.0516
1.998 0.051446
2.001 0.0512926
2.004 0.0511399
2.007 0.0509879
2.01 0.0508365
2.013 0.0506857
2.016 0.0505356
2.019 0.0503861
2.022 0.0502373
2.025 0.050089
2.028 0.0499414
2.031 0.0497945
2.034 0.0496481
2.037 0.0495024
2.04 0.0493573
2.043 0.0492128
2.046 0.0490689
2.049 0.0489256
2.052 0.0487829
2.055 0.0486408
2.058 0.0484993
2.061 0.0483584
2.064 0.0482181
2.067 0.0480784
2.07 0.0479392
2.073 0.0478006
2.076 0.0476626
2.079 0.0475252
2.082 0.0473883
2.085 0.0472521
2.088 0.0471163
2.091 0.0469812
2.094 0.0468466
2.097 0.0467125
2.1 0.046579
2.103 0.046446
2.106 0.0463136
2.109 0.0461818
2.112 0.0460505
2.115 0.0459197
2.118 0.0457894
2.121 0.0456597
2.124 0.0455305
2.127 0.0454019
2.13 0.0452737
2.133 0.0451461
2.136 0.045019
2.139 0.0448924
2.142 0.0447664
2.145 0.0446408
2.148 0.0445157
2.151 0.0443912
2.154 0.0442672
2.157 0.0441436
2.16 0.0440206
2.163 0.043898
2.166 0.043776
2.169 0.0436544
2.172 0.0435333
2.175 0.0434127
2.178 0.0432926
2.181 0.043173
2.184 0.0430538
2.187 0.0429351
2.19 0.0428169
2.193 0.0426992
2.196 0.0425819
2.199 0.0424651
2.202 0.0423487
2.205 0.0422329
2.208 0.0421174
2.211 0.0420025
2.214 0.0418879
2.217 0.0417739
2.22 0.0416603
2.223 0.0415471
2.226 0.0414344
2.229 0.0413221
2.232 0.0412102
2.235 0.0410988
2.238 0.0409879
2.241 0.0408773
2.244 0.0407672
2.247 0.0406576
2.25 0.0405483
2.253 0.0404395
2.256 0.0403311
2.259 0.0402231
2.262 0.0401156
2.265 0.0400084
2.268 0.0399017
2.271 0.0397954
2.274 0.0396895
2.277 0.039584
2.28 0.0394789
2.283 0.0393742
2.286 0.0392699
2.289 0.039166
2.292 0.0390625
2.295 0.0389594
2.298 0.0388567
2.301 0.0387544
2.304 0.0386525
2.307 0.038551
2.31 0.0384499
2.313 0.0383491
2.316 0.0382487
2.319 0.0381487
2.322 0.0380491
2.325 0.0379499
2.328 0.037851
2.331 0.0377526
2.334 0.0376545
2.337 0.0375567
2.34 0.0374593
2.343 0.0373623
2.346 0.0372657
2.349 0.0371694
2.352 0.0370735
2.355 0.0369779
2.358 0.0368827
2.361 0.0367879
2.364 0.0366934
2.367 0.0365993
2.37 0.0365055
2.373 0.036412
2.376 0.036319
2.379 0.0362262
2.382 0.0361338
2.385 0.0360418
2.388 0.03595
2.391 0.0358587
2.394 0.0357676
2.397 0.0356769
2.4 0.0355865
2.403 0.0354965
2.406 0.0354068
2.409 0.0353174
2.412 0.0352284
2.415 0.0351397
2.418 0.0350513
2.421 0.0349632
2.424 0.0348755
2.427 0.034788
2.43 0.0347009
2.433 0.0346141
2.436 0.0345276
2.439 0.0344415
2.442 0.0343556
2.445 0.0342701
2.448 0.0341849
2.451 0.0340999
2.454 0.0340153
2.457 0.033931
2.46 0.033847
2.463 0.0337633
2.466 0.0336799
2.469 0.0335968
2.472 0.033514
2.475 0.0334315
2.478 0.0333493
2.481 0.0332674
2.484 0.0331858
2.487 0.0331045
2.49 0.0330234
2.493 0.0329427
2.496 0.0328622
2.499 0.0327821
2.502 0.0327022
2.505 0.0326226
2.508 0.0325433
2.511 0.0324642
2.514 0.0323855
2.517 0.032307
2.52 0.0322288
2.523 0.0321508
2.526 0.0320732
2.529 0.0319958
2.532 0.0319187
2.535 0.0318419
2.538 0.0317653
2.541 0.031689
2.544 0.031613
2.547 0.0315372
2.55 0.0314617
2.553 0.0313865
2.556 0.0313115
2.559 0.0312368
2.562 0.0311624
2.565 0.0310882
2.568 0.0310142
2.571 0.0309406
2.574 0.0308671
2.577 0.030794
2.58 0.0307211
2.583 0.0306484
2.586 0.030576
2.589 0.0305038
2.592 0.0304319
2.595 0.0303603
2.598 0.0302888
2.601 0.0302177
2.604 0.0301467
2.607 0.0300761
2.61 0.0300056
2.613 0.0299354
2.616 0.0298655
2.619 0.0297957
2.622 0.0297263
2.625 0.029657
2.628 0.029588
2.631 0.0295192
2.634 0.0294507
2.637 0.0293824
2.64 0.0293143
2.643 0.0292464
2.646 0.0291788
2.649 0.0291114
2.652 0.0290443
2.655 0.0289773
2.658 0.0289106
2.661 0.0288442
2.664 0.0287779
2.667 0.0287119
2.67 0.028646
2.673 0.0285804
2.676 0.0285151
2.679 0.0284499
2.682 0.028385
2.685 0.0283203
2.688 0.0282558
2.691 0.0281915
2.694 0.0281274
2.697 0.0280635
2.7 0.0279999
2.703 0.0279364
2.706 0.0278732
2.709 0.0278102
2.712 0.0277474
2.715 0.0276848
2.718 0.0276224
2.721 0.0275602
2.724 0.0274982
2.727 0.0274364
2.73 0.0273748
2.733 0.0273135
2.736 0.0272523
2.739 0.0271913
2.742 0.0271305
2.745 0.02707
2.748 0.0270096
2.751 0.0269494
2.754 0.0268894
2.757 0.0268297
2.76 0.0267701
2.763 0.0267107
2.766 0.0266515
2.769 0.0265925
2.772 0.0265336
2.775 0.026475
2.778 0.0264166
2.781 0.0263583
2.784 0.0263003
2.787 0.0262424
2.79 0.0261847
2.793 0.0261272
2.796 0.0260699
2.799 0.0260127
2.802 0.0259558
2.805 0.025899
2.808 0.0258424
2.811 0.025786
2.814 0.0257298
2.817 0.0256738
2.82 0.0256179
2.823 0.0255622
2.826 0.0255067
2.829 0.0254514
2.832 0.0253962
2.835 0.0253413
2.838 0.0252865
2.841 0.0252318
2.844 0.0251774
2.847 0.0251231
2.85 0.025069
2.853 0.025015
2.856 0.0249613
2.859 0.0249077
2.862 0.0248542
2.865 0.024801
2.868 0.0247479
2.871 0.0246949
2.874 0.0246422
2.877 0.0245896
2.88 0.0245371
2.883 0.0244849
2.886 0.0244328
2.889 0.0243808
2.892 0.0243291
2.895 0.0242774
2.898 0.024226
2.901 0.0241747
2.904 0.0241235
2.907 0.0240726
2.91 0.0240217
2.913 0.0239711
2.916 0.0239206
2.919 0.0238702
2.922 0.02382
2.925 0.02377
2.928 0.0237201
2.931 0.0236704
2.934 0.0236208
2.937 0.0235714
2.94 0.0235221
2.943 0.023473
2.946 0.023424
2.949 0.0233752
2.952 0.0233265
2.955 0.023278
2.958 0.0232296
2.961 0.0231814
2.964 0.0231333
2.967 0.0230854
2.97 0.0230376
2.973 0.02299
2.976 0.0229425
2.979 0.0228951
2.982 0.0228479
2.985 0.0228009
2.988 0.0227539
2.991 0.0227072
2.994 0.0226605
2.997 0.022614
