0			0			0.5
1			0			0.5
2			0			0.5
3			0			0.5
4			0			0.5
5			0			-0.5
6			0			-0.5
7			0			-0.5
8			0			-0.5
9			0			-0.5

0			0.05			0.5
1			0.05			0.5
2			0.05			0.5
3			0.05			0.5
4			0.05			0.499375
5			0.05			-0.499375
6			0.05			-0.5
7			0.05			-0.5
8			0.05			-0.5
9			0.05			-0.5

0			0.1			0.5
1			0.1			0.5
2			0.1			0.5
3			0.1			0.499998
4			0.1			0.497507
5			0.1			-0.497507
6			0.1			-0.499998
7			0.1			-0.5
8			0.1			-0.5
9			0.1			-0.5

0			0.15			0.5
1			0.15			0.5
2			0.15			0.5
3			0.15			0.499992
4			0.15			0.494409
5			0.15			-0.494409
6			0.15			-0.499992
7			0.15			-0.5
8			0.15			-0.5
9			0.15			-0.5

0			0.2			0.5
1			0.2			0.5
2			0.2			0.5
3			0.2			0.499975
4			0.2			0.490108
5			0.2			-0.490108
6			0.2			-0.499975
7			0.2			-0.5
8			0.2			-0.5
9			0.2			-0.5

0			0.25			0.5
1			0.25			0.5
2			0.25			0.5
3			0.25			0.49994
4			0.25			0.484637
5			0.25			-0.484637
6			0.25			-0.49994
7			0.25			-0.5
8			0.25			-0.5
9			0.25			-0.5

0			0.3			0.5
1			0.3			0.5
2			0.3			0.5
3			0.3			0.499876
4			0.3			0.478042
5			0.3			-0.478042
6			0.3			-0.499876
7			0.3			-0.5
8			0.3			-0.5
9			0.3			-0.5

0			0.35			0.5
1			0.35			0.5
2			0.35			0.499999
3			0.35			0.499771
4			0.35			0.470374
5			0.35			-0.470374
6			0.35			-0.499771
7			0.35			-0.499999
8			0.35			-0.5
9			0.35			-0.5

0			0.4			0.5
1			0.4			0.5
2			0.4			0.499998
3			0.4			0.499612
4			0.4			0.461695
5			0.4			-0.461695
6			0.4			-0.499612
7			0.4			-0.499998
8			0.4			-0.5
9			0.4			-0.5

0			0.45			0.5
1			0.45			0.5
2			0.45			0.499997
3			0.45			0.499384
4			0.45			0.452075
5			0.45			-0.452075
6			0.45			-0.499384
7			0.45			-0.499997
8			0.45			-0.5
9			0.45			-0.5

0			0.5			0.5
1			0.5			0.5
2			0.5			0.499993
3			0.5			0.49907
4			0.5			0.441588
5			0.5			-0.441588
6			0.5			-0.49907
7			0.5			-0.499993
8			0.5			-0.5
9			0.5			-0.5

0			0.55			0.5
1			0.55			0.5
2			0.55			0.499989
3			0.55			0.498652
4			0.55			0.430318
5			0.55			-0.430318
6			0.55			-0.498652
7			0.55			-0.499989
8			0.55			-0.5
9			0.55			-0.5

0			0.6			0.5
1			0.6			0.5
2			0.6			0.499981
3			0.6			0.498112
4			0.6			0.418351
5			0.6			-0.418351
6			0.6			-0.498112
7			0.6			-0.499981
8			0.6			-0.5
9			0.6			-0.5

0			0.65			0.5
1			0.65			0.5
2			0.65			0.499969
3			0.65			0.497431
4			0.65			0.405779
5			0.65			-0.405779
6			0.65			-0.497431
7			0.65			-0.499969
8			0.65			-0.5
9			0.65			-0.5

0			0.7			0.5
1			0.7			0.5
2			0.7			0.499952
3			0.7			0.496591
4			0.7			0.392699
5			0.7			-0.392699
6			0.7			-0.496591
7			0.7			-0.499952
8			0.7			-0.5
9			0.7			-0.5

0			0.75			0.5
1			0.75			0.499999
2			0.75			0.499929
3			0.75			0.49557
4			0.75			0.379208
5			0.75			-0.379208
6			0.75			-0.49557
7			0.75			-0.499929
8			0.75			-0.499999
9			0.75			-0.5

0			0.8			0.5
1			0.8			0.499999
2			0.8			0.499896
3			0.8			0.494352
4			0.8			0.365406
5			0.8			-0.365406
6			0.8			-0.494352
7			0.8			-0.499896
8			0.8			-0.499999
9			0.8			-0.5

0			0.85			0.5
1			0.85			0.499998
2			0.85			0.499853
3			0.85			0.492918
4			0.85			0.351394
5			0.85			-0.351394
6			0.85			-0.492918
7			0.85			-0.499853
8			0.85			-0.499998
9			0.85			-0.5

0			0.9			0.5
1			0.9			0.499997
2			0.9			0.499795
3			0.9			0.491251
4			0.9			0.337272
5			0.9			-0.337272
6			0.9			-0.491251
7			0.9			-0.499795
8			0.9			-0.499997
9			0.9			-0.5

0			0.95			0.5
1			0.95			0.499996
2			0.95			0.499721
3			0.95			0.489334
4			0.95			0.32314
5			0.95			-0.32314
6			0.95			-0.489334
7			0.95			-0.499721
8			0.95			-0.499996
9			0.95			-0.5

0			1			0.5
1			1			0.499994
2			1			0.499626
3			1			0.487154
4			1			0.309093
5			1			-0.309093
6			1			-0.487154
7			1			-0.499626
8			1			-0.499994
9			1			-0.5

0			1.05			0.5
1			1.05			0.499991
2			1.05			0.499506
3			1.05			0.484699
4			1.05			0.295227
5			1.05			-0.295227
6			1.05			-0.484699
7			1.05			-0.499506
8			1.05			-0.499991
9			1.05			-0.5

0			1.1			0.5
1			1.1			0.499987
2			1.1			0.499357
3			1.1			0.481957
4			1.1			0.281632
5			1.1			-0.281632
6			1.1			-0.481957
7			1.1			-0.499357
8			1.1			-0.499987
9			1.1			-0.5

0			1.15			0.5
1			1.15			0.499982
2			1.15			0.499175
3			1.15			0.478921
4			1.15			0.268392
5			1.15			-0.268392
6			1.15			-0.478921
7			1.15			-0.499175
8			1.15			-0.499982
9			1.15			-0.5

0			1.2			0.5
1			1.2			0.499975
2			1.2			0.498953
3			1.2			0.475585
4			1.2			0.255589
5			1.2			-0.255589
6			1.2			-0.475585
7			1.2			-0.498953
8			1.2			-0.499975
9			1.2			-0.5

0			1.25			0.499999
1			1.25			0.499966
2			1.25			0.498687
3			1.25			0.471945
4			1.25			0.243295
5			1.25			-0.243295
6			1.25			-0.471945
7			1.25			-0.498687
8			1.25			-0.499966
9			1.25			-0.499999

0			1.3			0.499999
1			1.3			0.499955
2			1.3			0.49837
3			1.3			0.468002
4			1.3			0.231579
5			1.3			-0.231579
6			1.3			-0.468002
7			1.3			-0.49837
8			1.3			-0.499955
9			1.3			-0.499999

0			1.35			0.499999
1			1.35			0.49994
2			1.35			0.497996
3			1.35			0.463757
4			1.35			0.2205
5			1.35			-0.2205
6			1.35			-0.463757
7			1.35			-0.497996
8			1.35			-0.49994
9			1.35			-0.499999

0			1.4			0.499998
1			1.4			0.499921
2			1.4			0.497558
3			1.4			0.459217
4			1.4			0.210111
5			1.4			-0.210111
6			1.4			-0.459217
7			1.4			-0.497558
8			1.4			-0.499921
9			1.4			-0.499998

0			1.45			0.499998
1			1.45			0.499897
2			1.45			0.49705
3			1.45			0.454391
4			1.45			0.200457
5			1.45			-0.200457
6			1.45			-0.454391
7			1.45			-0.49705
8			1.45			-0.499897
9			1.45			-0.499998

0			1.5			0.499997
1			1.5			0.499867
2			1.5			0.496464
3			1.5			0.449288
4			1.5			0.191574
5			1.5			-0.191574
6			1.5			-0.449288
7			1.5			-0.496464
8			1.5			-0.499867
9			1.5			-0.499997

0			1.55			0.499996
1			1.55			0.49983
2			1.55			0.495793
3			1.55			0.443924
4			1.55			0.18349
5			1.55			-0.18349
6			1.55			-0.443924
7			1.55			-0.495793
8			1.55			-0.49983
9			1.55			-0.499996

0			1.6			0.499994
1			1.6			0.499785
2			1.6			0.49503
3			1.6			0.438316
4			1.6			0.176224
5			1.6			-0.176224
6			1.6			-0.438316
7			1.6			-0.49503
8			1.6			-0.499785
9			1.6			-0.499994

0			1.65			0.499992
1			1.65			0.49973
2			1.65			0.494168
3			1.65			0.432485
4			1.65			0.169788
5			1.65			-0.169788
6			1.65			-0.432485
7			1.65			-0.494168
8			1.65			-0.49973
9			1.65			-0.499992

0			1.7			0.499989
1			1.7			0.499664
2			1.7			0.4932
3			1.7			0.426452
4			1.7			0.164184
5			1.7			-0.164184
6			1.7			-0.426452
7			1.7			-0.4932
8			1.7			-0.499664
9			1.7			-0.499989

0			1.75			0.499986
1			1.75			0.499585
2			1.75			0.492118
3			1.75			0.420242
4			1.75			0.159407
5			1.75			-0.159407
6			1.75			-0.420242
7			1.75			-0.492118
8			1.75			-0.499585
9			1.75			-0.499986

0			1.8			0.499982
1			1.8			0.499491
2			1.8			0.490916
3			1.8			0.413884
4			1.8			0.155443
5			1.8			-0.155443
6			1.8			-0.413884
7			1.8			-0.490916
8			1.8			-0.499491
9			1.8			-0.499982

0			1.85			0.499976
1			1.85			0.49938
2			1.85			0.489587
3			1.85			0.407407
4			1.85			0.152271
5			1.85			-0.152271
6			1.85			-0.407407
7			1.85			-0.489587
8			1.85			-0.49938
9			1.85			-0.499976

0			1.9			0.49997
1			1.9			0.49925
2			1.9			0.488127
3			1.9			0.400841
4			1.9			0.149863
5			1.9			-0.149863
6			1.9			-0.400841
7			1.9			-0.488127
8			1.9			-0.49925
9			1.9			-0.49997

0			1.95			0.499961
1			1.95			0.499099
2			1.95			0.486529
3			1.95			0.394219
4			1.95			0.148183
5			1.95			-0.148183
6			1.95			-0.394219
7			1.95			-0.486529
8			1.95			-0.499099
9			1.95			-0.499961

0			2			0.499951
1			2			0.498922
2			2			0.484789
3			2			0.387576
4			2			0.147191
5			2			-0.147191
6			2			-0.387576
7			2			-0.484789
8			2			-0.498922
9			2			-0.499951

0			2.05			0.499938
1			2.05			0.498719
2			2.05			0.482903
3			2.05			0.380944
4			2.05			0.14684
5			2.05			-0.14684
6			2.05			-0.380944
7			2.05			-0.482903
8			2.05			-0.498719
9			2.05			-0.499938

0			2.1			0.499923
1			2.1			0.498486
2			2.1			0.480869
3			2.1			0.37436
4			2.1			0.147077
5			2.1			-0.147077
6			2.1			-0.37436
7			2.1			-0.480869
8			2.1			-0.498486
9			2.1			-0.499923

0			2.15			0.499904
1			2.15			0.498219
2			2.15			0.478683
3			2.15			0.367859
4			2.15			0.147846
5			2.15			-0.147846
6			2.15			-0.367859
7			2.15			-0.478683
8			2.15			-0.498219
9			2.15			-0.499904

0			2.2			0.499881
1			2.2			0.497916
2			2.2			0.476344
3			2.2			0.361475
4			2.2			0.149087
5			2.2			-0.149087
6			2.2			-0.361475
7			2.2			-0.476344
8			2.2			-0.497916
9			2.2			-0.499881

0			2.25			0.499854
1			2.25			0.497573
2			2.25			0.473853
3			2.25			0.355243
4			2.25			0.150737
5			2.25			-0.150737
6			2.25			-0.355243
7			2.25			-0.473853
8			2.25			-0.497573
9			2.25			-0.499854

0			2.3			0.499822
1			2.3			0.497187
2			2.3			0.471211
3			2.3			0.349197
4			2.3			0.152731
5			2.3			-0.152731
6			2.3			-0.349197
7			2.3			-0.471211
8			2.3			-0.497187
9			2.3			-0.499822

0			2.35			0.499784
1			2.35			0.496754
2			2.35			0.468419
3			2.35			0.343368
4			2.35			0.155003
5			2.35			-0.155003
6			2.35			-0.343368
7			2.35			-0.468419
8			2.35			-0.496754
9			2.35			-0.499784

0			2.4			0.499739
1			2.4			0.49627
2			2.4			0.465482
3			2.4			0.337787
4			2.4			0.157483
5			2.4			-0.157483
6			2.4			-0.337787
7			2.4			-0.465482
8			2.4			-0.49627
9			2.4			-0.499739

0			2.45			0.499686
1			2.45			0.495732
2			2.45			0.462402
3			2.45			0.332483
4			2.45			0.160106
5			2.45			-0.160106
6			2.45			-0.332483
7			2.45			-0.462402
8			2.45			-0.495732
9			2.45			-0.499686

0			2.5			0.499624
1			2.5			0.495136
2			2.5			0.459188
3			2.5			0.327482
4			2.5			0.162804
5			2.5			-0.162804
6			2.5			-0.327482
7			2.5			-0.459188
8			2.5			-0.495136
9			2.5			-0.499624

0			2.55			0.499551
1			2.55			0.494479
2			2.55			0.455844
3			2.55			0.322809
4			2.55			0.165511
5			2.55			-0.165511
6			2.55			-0.322809
7			2.55			-0.455844
8			2.55			-0.494479
9			2.55			-0.499551

0			2.6			0.499467
1			2.6			0.493757
2			2.6			0.452381
3			2.6			0.318484
4			2.6			0.168164
5			2.6			-0.168164
6			2.6			-0.318484
7			2.6			-0.452381
8			2.6			-0.493757
9			2.6			-0.499467

0			2.65			0.49937
1			2.65			0.492966
2			2.65			0.448806
3			2.65			0.314525
4			2.65			0.170702
5			2.65			-0.170702
6			2.65			-0.314525
7			2.65			-0.448806
8			2.65			-0.492966
9			2.65			-0.49937

0			2.7			0.499259
1			2.7			0.492104
2			2.7			0.445132
3			2.7			0.310949
4			2.7			0.173066
5			2.7			-0.173066
6			2.7			-0.310949
7			2.7			-0.445132
8			2.7			-0.492104
9			2.7			-0.499259

0			2.75			0.49913
1			2.75			0.491167
2			2.75			0.44137
3			2.75			0.307765
4			2.75			0.175204
5			2.75			-0.175204
6			2.75			-0.307765
7			2.75			-0.44137
8			2.75			-0.491167
9			2.75			-0.49913

0			2.8			0.498984
1			2.8			0.490152
2			2.8			0.437533
3			2.8			0.304983
4			2.8			0.177065
5			2.8			-0.177065
6			2.8			-0.304983
7			2.8			-0.437533
8			2.8			-0.490152
9			2.8			-0.498984

0			2.85			0.498817
1			2.85			0.489057
2			2.85			0.433635
3			2.85			0.302607
4			2.85			0.178605
5			2.85			-0.178605
6			2.85			-0.302607
7			2.85			-0.433635
8			2.85			-0.489057
9			2.85			-0.498817

0			2.9			0.498628
1			2.9			0.48788
2			2.9			0.429691
3			2.9			0.300638
4			2.9			0.179783
5			2.9			-0.179783
6			2.9			-0.300638
7			2.9			-0.429691
8			2.9			-0.48788
9			2.9			-0.498628

0			2.95			0.498414
1			2.95			0.486618
2			2.95			0.425717
3			2.95			0.299073
4			2.95			0.180565
5			2.95			-0.180565
6			2.95			-0.299073
7			2.95			-0.425717
8			2.95			-0.486618
9			2.95			-0.498414

0			3			0.498173
1			3			0.485271
2			3			0.421729
3			3			0.297905
4			3			0.180921
5			3			-0.180921
6			3			-0.297905
7			3			-0.421729
8			3			-0.485271
9			3			-0.498173

0			3.05			0.497902
1			3.05			0.483837
2			3.05			0.417744
3			3.05			0.297125
4			3.05			0.180829
5			3.05			-0.180829
6			3.05			-0.297125
7			3.05			-0.417744
8			3.05			-0.483837
9			3.05			-0.497902

0			3.1			0.497598
1			3.1			0.482315
2			3.1			0.41378
3			3.1			0.296719
4			3.1			0.180272
5			3.1			-0.180272
6			3.1			-0.296719
7			3.1			-0.41378
8			3.1			-0.482315
9			3.1			-0.497598

0			3.15			0.497259
1			3.15			0.480707
2			3.15			0.409855
3			3.15			0.29667
4			3.15			0.179238
5			3.15			-0.179238
6			3.15			-0.29667
7			3.15			-0.409855
8			3.15			-0.480707
9			3.15			-0.497259

0			3.2			0.496882
1			3.2			0.479012
2			3.2			0.405986
3			3.2			0.296958
4			3.2			0.177723
5			3.2			-0.177723
6			3.2			-0.296958
7			3.2			-0.405986
8			3.2			-0.479012
9			3.2			-0.496882

0			3.25			0.496463
1			3.25			0.477232
2			3.25			0.402191
3			3.25			0.297558
4			3.25			0.175728
5			3.25			-0.175728
6			3.25			-0.297558
7			3.25			-0.402191
8			3.25			-0.477232
9			3.25			-0.496463

0			3.3			0.495999
1			3.3			0.475369
2			3.3			0.398488
3			3.3			0.298446
4			3.3			0.173259
5			3.3			-0.173259
6			3.3			-0.298446
7			3.3			-0.398488
8			3.3			-0.475369
9			3.3			-0.495999

0			3.35			0.495487
1			3.35			0.473426
2			3.35			0.394895
3			3.35			0.299591
4			3.35			0.170329
5			3.35			-0.170329
6			3.35			-0.299591
7			3.35			-0.394895
8			3.35			-0.473426
9			3.35			-0.495487

0			3.4			0.494923
1			3.4			0.471405
2			3.4			0.391429
3			3.4			0.300964
4			3.4			0.166957
5			3.4			-0.166957
6			3.4			-0.300964
7			3.4			-0.391429
8			3.4			-0.471405
9			3.4			-0.494923

0			3.45			0.494304
1			3.45			0.469312
2			3.45			0.388106
3			3.45			0.302531
4			3.45			0.163165
5			3.45			-0.163165
6			3.45			-0.302531
7			3.45			-0.388106
8			3.45			-0.469312
9			3.45			-0.494304

0			3.5			0.493626
1			3.5			0.46715
2			3.5			0.38494
3			3.5			0.304256
4			3.5			0.158982
5			3.5			-0.158982
6			3.5			-0.304256
7			3.5			-0.38494
8			3.5			-0.46715
9			3.5			-0.493626

0			3.55			0.492886
1			3.55			0.464925
2			3.55			0.381948
3			3.55			0.306105
4			3.55			0.15444
5			3.55			-0.15444
6			3.55			-0.306105
7			3.55			-0.381948
8			3.55			-0.464925
9			3.55			-0.492886

0			3.6			0.492079
1			3.6			0.462644
2			3.6			0.379142
3			3.6			0.308039
4			3.6			0.149577
5			3.6			-0.149577
6			3.6			-0.308039
7			3.6			-0.379142
8			3.6			-0.462644
9			3.6			-0.492079

0			3.65			0.491202
1			3.65			0.460314
2			3.65			0.376534
3			3.65			0.310021
4			3.65			0.144432
5			3.65			-0.144432
6			3.65			-0.310021
7			3.65			-0.376534
8			3.65			-0.460314
9			3.65			-0.491202

0			3.7			0.490252
1			3.7			0.457943
2			3.7			0.374134
3			3.7			0.312013
4			3.7			0.139048
5			3.7			-0.139048
6			3.7			-0.312013
7			3.7			-0.374134
8			3.7			-0.457943
9			3.7			-0.490252

0			3.75			0.489224
1			3.75			0.455538
2			3.75			0.371953
3			3.75			0.313976
4			3.75			0.133473
5			3.75			-0.133473
6			3.75			-0.313976
7			3.75			-0.371953
8			3.75			-0.455538
9			3.75			-0.489224

0			3.8			0.488116
1			3.8			0.453109
2			3.8			0.369997
3			3.8			0.315873
4			3.8			0.127753
5			3.8			-0.127753
6			3.8			-0.315873
7			3.8			-0.369997
8			3.8			-0.453109
9			3.8			-0.488116

0			3.85			0.486922
1			3.85			0.450666
2			3.85			0.368273
3			3.85			0.317667
4			3.85			0.12194
5			3.85			-0.12194
6			3.85			-0.317667
7			3.85			-0.368273
8			3.85			-0.450666
9			3.85			-0.486922

0			3.9			0.485641
1			3.9			0.44822
2			3.9			0.366783
3			3.9			0.319323
4			3.9			0.116082
5			3.9			-0.116082
6			3.9			-0.319323
7			3.9			-0.366783
8			3.9			-0.44822
9			3.9			-0.485641

0			3.95			0.484269
1			3.95			0.445781
2			3.95			0.365529
3			3.95			0.320805
4			3.95			0.110232
5			3.95			-0.110232
6			3.95			-0.320805
7			3.95			-0.365529
8			3.95			-0.445781
9			3.95			-0.484269

0			4			0.482801
1			4			0.44336
2			4			0.364513
3			4			0.322083
4			4			0.104441
5			4			-0.104441
6			4			-0.322083
7			4			-0.364513
8			4			-0.44336
9			4			-0.482801

0			4.05			0.481237
1			4.05			0.44097
2			4.05			0.363731
3			4.05			0.323126
4			4.05			0.0987574
5			4.05			-0.0987574
6			4.05			-0.323126
7			4.05			-0.363731
8			4.05			-0.44097
9			4.05			-0.481237

0			4.1			0.479572
1			4.1			0.438622
2			4.1			0.363179
3			4.1			0.323906
4			4.1			0.0932319
5			4.1			-0.0932319
6			4.1			-0.323906
7			4.1			-0.363179
8			4.1			-0.438622
9			4.1			-0.479572

0			4.15			0.477805
1			4.15			0.436329
2			4.15			0.362852
3			4.15			0.324398
4			4.15			0.0879113
5			4.15			-0.0879113
6			4.15			-0.324398
7			4.15			-0.362852
8			4.15			-0.436329
9			4.15			-0.477805

0			4.2			0.475933
1			4.2			0.434104
2			4.2			0.36274
3			4.2			0.324579
4			4.2			0.0828408
5			4.2			-0.0828408
6			4.2			-0.324579
7			4.2			-0.36274
8			4.2			-0.434104
9			4.2			-0.475933

0			4.25			0.473954
1			4.25			0.43196
2			4.25			0.362835
3			4.25			0.324432
4			4.25			0.0780627
5			4.25			-0.0780627
6			4.25			-0.324432
7			4.25			-0.362835
8			4.25			-0.43196
9			4.25			-0.473954

0			4.3			0.471866
1			4.3			0.429908
2			4.3			0.363123
3			4.3			0.32394
4			4.3			0.0736165
5			4.3			-0.0736165
6			4.3			-0.32394
7			4.3			-0.363123
8			4.3			-0.429908
9			4.3			-0.471866

0			4.35			0.469669
1			4.35			0.427962
2			4.35			0.363592
3			4.35			0.32309
4			4.35			0.0695381
5			4.35			-0.0695381
6			4.35			-0.32309
7			4.35			-0.363592
8			4.35			-0.427962
9			4.35			-0.469669

0			4.4			0.467362
1			4.4			0.426134
2			4.4			0.364224
3			4.4			0.321875
4			4.4			0.0658595
5			4.4			-0.0658595
6			4.4			-0.321875
7			4.4			-0.364224
8			4.4			-0.426134
9			4.4			-0.467362

0			4.45			0.464944
1			4.45			0.424436
2			4.45			0.365004
3			4.45			0.320289
4			4.45			0.0626086
5			4.45			-0.0626086
6			4.45			-0.320289
7			4.45			-0.365004
8			4.45			-0.424436
9			4.45			-0.464944

0			4.5			0.462416
1			4.5			0.42288
2			4.5			0.365913
3			4.5			0.318331
4			4.5			0.059809
5			4.5			-0.059809
6			4.5			-0.318331
7			4.5			-0.365913
8			4.5			-0.42288
9			4.5			-0.462416

0			4.55			0.459777
1			4.55			0.421477
2			4.55			0.366929
3			4.55			0.316002
4			4.55			0.0574796
5			4.55			-0.0574796
6			4.55			-0.316002
7			4.55			-0.366929
8			4.55			-0.421477
9			4.55			-0.459777

0			4.6			0.45703
1			4.6			0.420237
2			4.6			0.368033
3			4.6			0.313309
4			4.6			0.0556346
5			4.6			-0.0556346
6			4.6			-0.313309
7			4.6			-0.368033
8			4.6			-0.420237
9			4.6			-0.45703

0			4.65			0.454175
1			4.65			0.41917
2			4.65			0.369202
3			4.65			0.310261
4			4.65			0.0542834
5			4.65			-0.0542834
6			4.65			-0.310261
7			4.65			-0.369202
8			4.65			-0.41917
9			4.65			-0.454175

0			4.7			0.451215
1			4.7			0.418285
2			4.7			0.370414
3			4.7			0.30687
4			4.7			0.0534304
5			4.7			-0.0534304
6			4.7			-0.30687
7			4.7			-0.370414
8			4.7			-0.418285
9			4.7			-0.451215

0			4.75			0.448151
1			4.75			0.41759
2			4.75			0.371643
3			4.75			0.303154
4			4.75			0.053075
5			4.75			-0.053075
6			4.75			-0.303154
7			4.75			-0.371643
8			4.75			-0.41759
9			4.75			-0.448151

0			4.8			0.444989
1			4.8			0.417092
2			4.8			0.372867
3			4.8			0.29913
4			4.8			0.0532119
5			4.8			-0.0532119
6			4.8			-0.29913
7			4.8			-0.372867
8			4.8			-0.417092
9			4.8			-0.444989

0			4.85			0.44173
1			4.85			0.416797
2			4.85			0.374062
3			4.85			0.294821
4			4.85			0.0538309
5			4.85			-0.0538309
6			4.85			-0.294821
7			4.85			-0.374062
8			4.85			-0.416797
9			4.85			-0.44173

0			4.9			0.43838
1			4.9			0.416708
2			4.9			0.375203
3			4.9			0.290252
4			4.9			0.0549171
5			4.9			-0.0549171
6			4.9			-0.290252
7			4.9			-0.375203
8			4.9			-0.416708
9			4.9			-0.43838

0			4.95			0.434943
1			4.95			0.41683
2			4.95			0.376266
3			4.95			0.28545
4			4.95			0.0564514
5			4.95			-0.0564514
6			4.95			-0.28545
7			4.95			-0.376266
8			4.95			-0.41683
9			4.95			-0.434943

0			5			0.431425
1			5			0.417164
2			5			0.377229
3			5			0.280443
4			5			0.0584103
5			5			-0.0584103
6			5			-0.280443
7			5			-0.377229
8			5			-0.417164
9			5			-0.431425

0			5.05			0.427832
1			5.05			0.417711
2			5.05			0.378068
3			5.05			0.275264
4			5.05			0.0607663
5			5.05			-0.0607663
6			5.05			-0.275264
7			5.05			-0.378068
8			5.05			-0.417711
9			5.05			-0.427832

0			5.1			0.424169
1			5.1			0.41847
2			5.1			0.378763
3			5.1			0.269945
4			5.1			0.0634883
5			5.1			-0.0634883
6			5.1			-0.269945
7			5.1			-0.378763
8			5.1			-0.41847
9			5.1			-0.424169

0			5.15			0.420445
1			5.15			0.419437
2			5.15			0.379292
3			5.15			0.264518
4			5.15			0.0665421
5			5.15			-0.0665421
6			5.15			-0.264518
7			5.15			-0.379292
8			5.15			-0.419437
9			5.15			-0.420445

0			5.2			0.416666
1			5.2			0.42061
2			5.2			0.379637
3			5.2			0.25902
4			5.2			0.0698903
5			5.2			-0.0698903
6			5.2			-0.25902
7			5.2			-0.379637
8			5.2			-0.42061
9			5.2			-0.416666

0			5.25			0.41284
1			5.25			0.421982
2			5.25			0.37978
3			5.25			0.253484
4			5.25			0.0734932
5			5.25			-0.0734932
6			5.25			-0.253484
7			5.25			-0.37978
8			5.25			-0.421982
9			5.25			-0.41284

0			5.3			0.408976
1			5.3			0.423546
2			5.3			0.379706
3			5.3			0.247947
4			5.3			0.0773087
5			5.3			-0.0773087
6			5.3			-0.247947
7			5.3			-0.379706
8			5.3			-0.423546
9			5.3			-0.408976

0			5.35			0.405083
1			5.35			0.425294
2			5.35			0.379401
3			5.35			0.242442
4			5.35			0.0812935
5			5.35			-0.0812935
6			5.35			-0.242442
7			5.35			-0.379401
8			5.35			-0.425294
9			5.35			-0.405083

0			5.4			0.40117
1			5.4			0.427214
2			5.4			0.378853
3			5.4			0.237004
4			5.4			0.0854026
5			5.4			-0.0854026
6			5.4			-0.237004
7			5.4			-0.378853
8			5.4			-0.427214
9			5.4			-0.40117

0			5.45			0.397245
1			5.45			0.429295
2			5.45			0.378054
3			5.45			0.231666
4			5.45			0.0895905
5			5.45			-0.0895905
6			5.45			-0.231666
7			5.45			-0.378054
8			5.45			-0.429295
9			5.45			-0.397245

0			5.5			0.39332
1			5.5			0.431524
2			5.5			0.376995
3			5.5			0.22646
4			5.5			0.0938113
5			5.5			-0.0938113
6			5.5			-0.22646
7			5.5			-0.376995
8			5.5			-0.431524
9			5.5			-0.39332

0			5.55			0.389404
1			5.55			0.433886
2			5.55			0.375672
3			5.55			0.221416
4			5.55			0.0980192
5			5.55			-0.0980192
6			5.55			-0.221416
7			5.55			-0.375672
8			5.55			-0.433886
9			5.55			-0.389404

0			5.6			0.385506
1			5.6			0.436365
2			5.6			0.374084
3			5.6			0.216564
4			5.6			0.102169
5			5.6			-0.102169
6			5.6			-0.216564
7			5.6			-0.374084
8			5.6			-0.436365
9			5.6			-0.385506

0			5.65			0.381638
1			5.65			0.438943
2			5.65			0.372232
3			5.65			0.211928
4			5.65			0.106217
5			5.65			-0.106217
6			5.65			-0.211928
7			5.65			-0.372232
8			5.65			-0.438943
9			5.65			-0.381638

0			5.7			0.37781
1			5.7			0.441602
2			5.7			0.370117
3			5.7			0.207533
4			5.7			0.110119
5			5.7			-0.110119
6			5.7			-0.207533
7			5.7			-0.370117
8			5.7			-0.441602
9			5.7			-0.37781

0			5.75			0.374032
1			5.75			0.444322
2			5.75			0.367747
3			5.75			0.203399
4			5.75			0.113836
5			5.75			-0.113836
6			5.75			-0.203399
7			5.75			-0.367747
8			5.75			-0.444322
9			5.75			-0.374032

0			5.8			0.370314
1			5.8			0.447084
2			5.8			0.36513
3			5.8			0.199545
4			5.8			0.117328
5			5.8			-0.117328
6			5.8			-0.199545
7			5.8			-0.36513
8			5.8			-0.447084
9			5.8			-0.370314

0			5.85			0.366666
1			5.85			0.449864
2			5.85			0.362277
3			5.85			0.195987
4			5.85			0.120559
5			5.85			-0.120559
6			5.85			-0.195987
7			5.85			-0.362277
8			5.85			-0.449864
9			5.85			-0.366666

0			5.9			0.363099
1			5.9			0.452643
2			5.9			0.359202
3			5.9			0.192735
4			5.9			0.123495
5			5.9			-0.123495
6			5.9			-0.192735
7			5.9			-0.359202
8			5.9			-0.452643
9			5.9			-0.363099

0			5.95			0.359622
1			5.95			0.455396
2			5.95			0.355922
3			5.95			0.189798
4			5.95			0.126107
5			5.95			-0.126107
6			5.95			-0.189798
7			5.95			-0.355922
8			5.95			-0.455396
9			5.95			-0.359622

0			6			0.356245
1			6			0.458101
2			6			0.352454
3			6			0.187182
4			6			0.128367
5			6			-0.128367
6			6			-0.187182
7			6			-0.352454
8			6			-0.458101
9			6			-0.356245

0			6.05			0.352977
1			6.05			0.460736
2			6.05			0.34882
3			6.05			0.184888
4			6.05			0.130252
5			6.05			-0.130252
6			6.05			-0.184888
7			6.05			-0.34882
8			6.05			-0.460736
9			6.05			-0.352977

0			6.1			0.349826
1			6.1			0.463276
2			6.1			0.345042
3			6.1			0.182915
4			6.1			0.131743
5			6.1			-0.131743
6			6.1			-0.182915
7			6.1			-0.345042
8			6.1			-0.463276
9			6.1			-0.349826

0			6.15			0.346801
1			6.15			0.465699
2			6.15			0.341145
3			6.15			0.181257
4			6.15			0.132823
5			6.15			-0.132823
6			6.15			-0.181257
7			6.15			-0.341145
8			6.15			-0.465699
9			6.15			-0.346801

0			6.2			0.343908
1			6.2			0.467983
2			6.2			0.337156
3			6.2			0.179907
4			6.2			0.133481
5			6.2			-0.133481
6			6.2			-0.179907
7			6.2			-0.337156
8			6.2			-0.467983
9			6.2			-0.343908

0			6.25			0.341156
1			6.25			0.470104
2			6.25			0.333103
3			6.25			0.178853
4			6.25			0.133709
5			6.25			-0.133709
6			6.25			-0.178853
7			6.25			-0.333103
8			6.25			-0.470104
9			6.25			-0.341156

0			6.3			0.33855
1			6.3			0.472041
2			6.3			0.329014
3			6.3			0.17808
4			6.3			0.133503
5			6.3			-0.133503
6			6.3			-0.17808
7			6.3			-0.329014
8			6.3			-0.472041
9			6.3			-0.33855

0			6.35			0.336096
1			6.35			0.473774
2			6.35			0.324919
3			6.35			0.177571
4			6.35			0.132864
5			6.35			-0.132864
6			6.35			-0.177571
7			6.35			-0.324919
8			6.35			-0.473774
9			6.35			-0.336096

0			6.4			0.333798
1			6.4			0.475282
2			6.4			0.32085
3			6.4			0.177306
4			6.4			0.131794
5			6.4			-0.131794
6			6.4			-0.177306
7			6.4			-0.32085
8			6.4			-0.475282
9			6.4			-0.333798

0			6.45			0.33166
1			6.45			0.476547
2			6.45			0.316838
3			6.45			0.177262
4			6.45			0.130303
5			6.45			-0.130303
6			6.45			-0.177262
7			6.45			-0.316838
8			6.45			-0.476547
9			6.45			-0.33166

0			6.5			0.329686
1			6.5			0.477551
2			6.5			0.312915
3			6.5			0.177415
4			6.5			0.1284
5			6.5			-0.1284
6			6.5			-0.177415
7			6.5			-0.312915
8			6.5			-0.477551
9			6.5			-0.329686

0			6.55			0.327878
1			6.55			0.478278
2			6.55			0.30911
3			6.55			0.177738
4			6.55			0.126102
5			6.55			-0.126102
6			6.55			-0.177738
7			6.55			-0.30911
8			6.55			-0.478278
9			6.55			-0.327878

0			6.6			0.326236
1			6.6			0.478714
2			6.6			0.305457
3			6.6			0.178203
4			6.6			0.123426
5			6.6			-0.123426
6			6.6			-0.178203
7			6.6			-0.305457
8			6.6			-0.478714
9			6.6			-0.326236

0			6.65			0.324762
1			6.65			0.478845
2			6.65			0.301984
3			6.65			0.178781
4			6.65			0.120392
5			6.65			-0.120392
6			6.65			-0.178781
7			6.65			-0.301984
8			6.65			-0.478845
9			6.65			-0.324762

0			6.7			0.323454
1			6.7			0.478661
2			6.7			0.298722
3			6.7			0.179442
4			6.7			0.117025
5			6.7			-0.117025
6			6.7			-0.179442
7			6.7			-0.298722
8			6.7			-0.478661
9			6.7			-0.323454

0			6.75			0.32231
1			6.75			0.478153
2			6.75			0.295698
3			6.75			0.180154
4			6.75			0.113351
5			6.75			-0.113351
6			6.75			-0.180154
7			6.75			-0.295698
8			6.75			-0.478153
9			6.75			-0.32231

0			6.8			0.321329
1			6.8			0.477313
2			6.8			0.292939
3			6.8			0.180886
4			6.8			0.109398
5			6.8			-0.109398
6			6.8			-0.180886
7			6.8			-0.292939
8			6.8			-0.477313
9			6.8			-0.321329

0			6.85			0.320506
1			6.85			0.476137
2			6.85			0.290469
3			6.85			0.181608
4			6.85			0.105195
5			6.85			-0.105195
6			6.85			-0.181608
7			6.85			-0.290469
8			6.85			-0.476137
9			6.85			-0.320506

0			6.9			0.319836
1			6.9			0.474621
2			6.9			0.288313
3			6.9			0.182289
4			6.9			0.100775
5			6.9			-0.100775
6			6.9			-0.182289
7			6.9			-0.288313
8			6.9			-0.474621
9			6.9			-0.319836

0			6.95			0.319315
1			6.95			0.472766
2			6.95			0.286489
3			6.95			0.182899
4			6.95			0.0961684
5			6.95			-0.0961684
6			6.95			-0.182899
7			6.95			-0.286489
8			6.95			-0.472766
9			6.95			-0.319315

0			7			0.318935
1			7			0.470571
2			7			0.285017
3			7			0.183409
4			7			0.09141
5			7			-0.09141
6			7			-0.183409
7			7			-0.285017
8			7			-0.470571
9			7			-0.318935

0			7.05			0.318689
1			7.05			0.468042
2			7.05			0.283912
3			7.05			0.183793
4			7.05			0.0865328
5			7.05			-0.0865328
6			7.05			-0.183793
7			7.05			-0.283912
8			7.05			-0.468042
9			7.05			-0.318689

0			7.1			0.318569
1			7.1			0.465185
2			7.1			0.283186
3			7.1			0.184024
4			7.1			0.0815704
5			7.1			-0.0815704
6			7.1			-0.184024
7			7.1			-0.283186
8			7.1			-0.465185
9			7.1			-0.318569

0			7.15			0.318565
1			7.15			0.462007
2			7.15			0.28285
3			7.15			0.184081
4			7.15			0.0765563
5			7.15			-0.0765563
6			7.15			-0.184081
7			7.15			-0.28285
8			7.15			-0.462007
9			7.15			-0.318565

0			7.2			0.318667
1			7.2			0.458518
2			7.2			0.28291
3			7.2			0.183941
4			7.2			0.0715231
5			7.2			-0.0715231
6			7.2			-0.183941
7			7.2			-0.28291
8			7.2			-0.458518
9			7.2			-0.318667

0			7.25			0.318865
1			7.25			0.454732
2			7.25			0.283369
3			7.25			0.183586
4			7.25			0.0665026
5			7.25			-0.0665026
6			7.25			-0.183586
7			7.25			-0.283369
8			7.25			-0.454732
9			7.25			-0.318865

0			7.3			0.319148
1			7.3			0.450662
2			7.3			0.284228
3			7.3			0.183
4			7.3			0.0615255
5			7.3			-0.0615255
6			7.3			-0.183
7			7.3			-0.284228
8			7.3			-0.450662
9			7.3			-0.319148

0			7.35			0.319502
1			7.35			0.446326
2			7.35			0.285484
3			7.35			0.182172
4			7.35			0.0566207
5			7.35			-0.0566207
6			7.35			-0.182172
7			7.35			-0.285484
8			7.35			-0.446326
9			7.35			-0.319502

0			7.4			0.319917
1			7.4			0.441742
2			7.4			0.287131
3			7.4			0.181091
4			7.4			0.0518156
5			7.4			-0.0518156
6			7.4			-0.181091
7			7.4			-0.287131
8			7.4			-0.441742
9			7.4			-0.319917

0			7.45			0.320377
1			7.45			0.436929
2			7.45			0.28916
3			7.45			0.179751
4			7.45			0.0471357
5			7.45			-0.0471357
6			7.45			-0.179751
7			7.45			-0.28916
8			7.45			-0.436929
9			7.45			-0.320377

0			7.5			0.320871
1			7.5			0.431909
2			7.5			0.291557
3			7.5			0.178149
4			7.5			0.0426039
5			7.5			-0.0426039
6			7.5			-0.178149
7			7.5			-0.291557
8			7.5			-0.431909
9			7.5			-0.320871

0			7.55			0.321385
1			7.55			0.426705
2			7.55			0.294307
3			7.55			0.176285
4			7.55			0.0382412
5			7.55			-0.0382412
6			7.55			-0.176285
7			7.55			-0.294307
8			7.55			-0.426705
9			7.55			-0.321385

0			7.6			0.321903
1			7.6			0.421341
2			7.6			0.297391
3			7.6			0.174163
4			7.6			0.034066
5			7.6			-0.034066
6			7.6			-0.174163
7			7.6			-0.297391
8			7.6			-0.421341
9			7.6			-0.321903

0			7.65			0.322413
1			7.65			0.415844
2			7.65			0.300788
3			7.65			0.171791
4			7.65			0.0300939
5			7.65			-0.0300939
6			7.65			-0.171791
7			7.65			-0.300788
8			7.65			-0.415844
9			7.65			-0.322413

0			7.7			0.3229
1			7.7			0.410239
2			7.7			0.304473
3			7.7			0.169178
4			7.7			0.0263381
5			7.7			-0.0263381
6			7.7			-0.169178
7			7.7			-0.304473
8			7.7			-0.410239
9			7.7			-0.3229

0			7.75			0.323351
1			7.75			0.404552
2			7.75			0.308421
3			7.75			0.166339
4			7.75			0.0228088
5			7.75			-0.0228088
6			7.75			-0.166339
7			7.75			-0.308421
8			7.75			-0.404552
9			7.75			-0.323351

0			7.8			0.32375
1			7.8			0.398813
2			7.8			0.312601
3			7.8			0.16329
4			7.8			0.0195138
5			7.8			-0.0195138
6			7.8			-0.16329
7			7.8			-0.312601
8			7.8			-0.398813
9			7.8			-0.32375

0			7.85			0.324085
1			7.85			0.393048
2			7.85			0.316983
3			7.85			0.160052
4			7.85			0.0164579
5			7.85			-0.0164579
6			7.85			-0.160052
7			7.85			-0.316983
8			7.85			-0.393048
9			7.85			-0.324085

0			7.9			0.324342
1			7.9			0.387286
2			7.9			0.321534
3			7.9			0.156645
4			7.9			0.0136434
5			7.9			-0.0136434
6			7.9			-0.156645
7			7.9			-0.321534
8			7.9			-0.387286
9			7.9			-0.324342

0			7.95			0.324509
1			7.95			0.381554
2			7.95			0.32622
3			7.95			0.153097
4			7.95			0.0110699
5			7.95			-0.0110699
6			7.95			-0.153097
7			7.95			-0.32622
8			7.95			-0.381554
9			7.95			-0.324509

0			8			0.324572
1			8			0.375879
2			8			0.331006
3			8			0.149433
4			8			0.00873469
5			8			-0.00873469
6			8			-0.149433
7			8			-0.331006
8			8			-0.375879
9			8			-0.324572

0			8.05			0.32452
1			8.05			0.37029
2			8.05			0.335855
3			8.05			0.145683
4			8.05			0.00663267
5			8.05			-0.00663267
6			8.05			-0.145683
7			8.05			-0.335855
8			8.05			-0.37029
9			8.05			-0.32452

0			8.1			0.324342
1			8.1			0.364811
2			8.1			0.340729
3			8.1			0.14188
4			8.1			0.00475655
5			8.1			-0.00475655
6			8.1			-0.14188
7			8.1			-0.340729
8			8.1			-0.364811
9			8.1			-0.324342

0			8.15			0.324027
1			8.15			0.359469
2			8.15			0.345593
3			8.15			0.138054
4			8.15			0.0030971
5			8.15			-0.0030971
6			8.15			-0.138054
7			8.15			-0.345593
8			8.15			-0.359469
9			8.15			-0.324027

0			8.2			0.323566
1			8.2			0.354287
2			8.2			0.350408
3			8.2			0.13424
4			8.2			0.00164334
5			8.2			-0.00164334
6			8.2			-0.13424
7			8.2			-0.350408
8			8.2			-0.354287
9			8.2			-0.323566

0			8.25			0.322951
1			8.25			0.349287
2			8.25			0.355138
3			8.25			0.130473
4			8.25			0.000382731
5			8.25			-0.000382731
6			8.25			-0.130473
7			8.25			-0.355138
8			8.25			-0.349287
9			8.25			-0.322951

0			8.3			0.322173
1			8.3			0.344492
2			8.3			0.359746
3			8.3			0.126786
4			8.3			-0.000698531
5			8.3			0.000698531
6			8.3			-0.126786
7			8.3			-0.359746
8			8.3			-0.344492
9			8.3			-0.322173

0			8.35			0.321225
1			8.35			0.339921
2			8.35			0.364198
3			8.35			0.123216
4			8.35			-0.00161529
5			8.35			0.00161529
6			8.35			-0.123216
7			8.35			-0.364198
8			8.35			-0.339921
9			8.35			-0.321225

0			8.4			0.320103
1			8.4			0.33559
2			8.4			0.368459
3			8.4			0.119798
4			8.4			-0.00238315
5			8.4			0.00238315
6			8.4			-0.119798
7			8.4			-0.368459
8			8.4			-0.33559
9			8.4			-0.320103

0			8.45			0.318801
1			8.45			0.331516
2			8.45			0.372497
3			8.45			0.116565
4			8.45			-0.0030182
5			8.45			0.0030182
6			8.45			-0.116565
7			8.45			-0.372497
8			8.45			-0.331516
9			8.45			-0.318801

0			8.5			0.317317
1			8.5			0.327713
2			8.5			0.376281
3			8.5			0.11355
4			8.5			-0.00353677
5			8.5			0.00353677
6			8.5			-0.11355
7			8.5			-0.376281
8			8.5			-0.327713
9			8.5			-0.317317

0			8.55			0.315648
1			8.55			0.324191
2			8.55			0.379784
3			8.55			0.110786
4			8.55			-0.00395512
5			8.55			0.00395512
6			8.55			-0.110786
7			8.55			-0.379784
8			8.55			-0.324191
9			8.55			-0.315648

0			8.6			0.313794
1			8.6			0.320959
2			8.6			0.382978
3			8.6			0.108304
4			8.6			-0.00428918
5			8.6			0.00428918
6			8.6			-0.108304
7			8.6			-0.382978
8			8.6			-0.320959
9			8.6			-0.313794

0			8.65			0.311753
1			8.65			0.318023
2			8.65			0.385841
3			8.65			0.106132
4			8.65			-0.00455428
5			8.65			0.00455428
6			8.65			-0.106132
7			8.65			-0.385841
8			8.65			-0.318023
9			8.65			-0.311753

0			8.7			0.309529
1			8.7			0.315389
2			8.7			0.388352
3			8.7			0.104296
4			8.7			-0.00476493
5			8.7			0.00476493
6			8.7			-0.104296
7			8.7			-0.388352
8			8.7			-0.315389
9			8.7			-0.309529

0			8.75			0.307122
1			8.75			0.313056
2			8.75			0.390493
3			8.75			0.102821
4			8.75			-0.00493454
5			8.75			0.00493454
6			8.75			-0.102821
7			8.75			-0.390493
8			8.75			-0.313056
9			8.75			-0.307122

0			8.8			0.304539
1			8.8			0.311024
2			8.8			0.392249
3			8.8			0.101727
4			8.8			-0.0050752
5			8.8			0.0050752
6			8.8			-0.101727
7			8.8			-0.392249
8			8.8			-0.311024
9			8.8			-0.304539

0			8.85			0.301782
1			8.85			0.30929
2			8.85			0.393608
3			8.85			0.101034
4			8.85			-0.00519751
5			8.85			0.00519751
6			8.85			-0.101034
7			8.85			-0.393608
8			8.85			-0.30929
9			8.85			-0.301782

0			8.9			0.298858
1			8.9			0.307846
2			8.9			0.394562
3			8.9			0.100758
4			8.9			-0.00531036
5			8.9			0.00531036
6			8.9			-0.100758
7			8.9			-0.394562
8			8.9			-0.307846
9			8.9			-0.298858

0			8.95			0.295775
1			8.95			0.306685
2			8.95			0.395107
3			8.95			0.10091
4			8.95			-0.00542078
5			8.95			0.00542078
6			8.95			-0.10091
7			8.95			-0.395107
8			8.95			-0.306685
9			8.95			-0.295775

0			9			0.29254
1			9			0.305796
2			9			0.39524
3			9			0.1015
4			9			-0.0055338
5			9			0.0055338
6			9			-0.1015
7			9			-0.39524
8			9			-0.305796
9			9			-0.29254

0			9.05			0.289163
1			9.05			0.305165
2			9.05			0.394963
3			9.05			0.102533
4			9.05			-0.00565238
5			9.05			0.00565238
6			9.05			-0.102533
7			9.05			-0.394963
8			9.05			-0.305165
9			9.05			-0.289163

0			9.1			0.285654
1			9.1			0.304776
2			9.1			0.394281
3			9.1			0.104012
4			9.1			-0.00577727
5			9.1			0.00577727
6			9.1			-0.104012
7			9.1			-0.394281
8			9.1			-0.304776
9			9.1			-0.285654

0			9.15			0.282024
1			9.15			0.304612
2			9.15			0.393202
3			9.15			0.105936
4			9.15			-0.00590703
5			9.15			0.00590703
6			9.15			-0.105936
7			9.15			-0.393202
8			9.15			-0.304612
9			9.15			-0.282024

0			9.2			0.278284
1			9.2			0.304654
2			9.2			0.391739
3			9.2			0.1083
4			9.2			-0.00603796
5			9.2			0.00603796
6			9.2			-0.1083
7			9.2			-0.391739
8			9.2			-0.304654
9			9.2			-0.278284

0			9.25			0.274446
1			9.25			0.30488
2			9.25			0.389904
3			9.25			0.111095
4			9.25			-0.00616416
5			9.25			0.00616416
6			9.25			-0.111095
7			9.25			-0.389904
8			9.25			-0.30488
9			9.25			-0.274446

0			9.3			0.270525
1			9.3			0.305267
2			9.3			0.387716
3			9.3			0.114312
4			9.3			-0.00627752
5			9.3			0.00627752
6			9.3			-0.114312
7			9.3			-0.387716
8			9.3			-0.305267
9			9.3			-0.270525

0			9.35			0.266532
1			9.35			0.305792
2			9.35			0.385195
3			9.35			0.117934
4			9.35			-0.00636788
5			9.35			0.00636788
6			9.35			-0.117934
7			9.35			-0.385195
8			9.35			-0.305792
9			9.35			-0.266532

0			9.4			0.262483
1			9.4			0.306427
2			9.4			0.382363
3			9.4			0.121946
4			9.4			-0.00642306
5			9.4			0.00642306
6			9.4			-0.121946
7			9.4			-0.382363
8			9.4			-0.306427
9			9.4			-0.262483

0			9.45			0.25839
1			9.45			0.307147
2			9.45			0.379245
3			9.45			0.126325
4			9.45			-0.00642905
5			9.45			0.00642905
6			9.45			-0.126325
7			9.45			-0.379245
8			9.45			-0.307147
9			9.45			-0.25839

0			9.5			0.25427
1			9.5			0.307925
2			9.5			0.375868
3			9.5			0.13105
4			9.5			-0.00637015
5			9.5			0.00637015
6			9.5			-0.13105
7			9.5			-0.375868
8			9.5			-0.307925
9			9.5			-0.25427

0			9.55			0.250135
1			9.55			0.308731
2			9.55			0.372261
3			9.55			0.136094
4			9.55			-0.00622919
5			9.55			0.00622919
6			9.55			-0.136094
7			9.55			-0.372261
8			9.55			-0.308731
9			9.55			-0.250135

0			9.6			0.246
1			9.6			0.309539
2			9.6			0.368454
3			9.6			0.141429
4			9.6			-0.0059877
5			9.6			0.0059877
6			9.6			-0.141429
7			9.6			-0.368454
8			9.6			-0.309539
9			9.6			-0.246

0			9.65			0.24188
1			9.65			0.31032
2			9.65			0.36448
3			9.65			0.147027
4			9.65			-0.00562623
5			9.65			0.00562623
6			9.65			-0.147027
7			9.65			-0.36448
8			9.65			-0.31032
9			9.65			-0.24188

0			9.7			0.237789
1			9.7			0.311045
2			9.7			0.36037
3			9.7			0.152854
4			9.7			-0.00512453
5			9.7			0.00512453
6			9.7			-0.152854
7			9.7			-0.36037
8			9.7			-0.311045
9			9.7			-0.237789

0			9.75			0.233741
1			9.75			0.311687
2			9.75			0.356159
3			9.75			0.158879
4			9.75			-0.00446187
5			9.75			0.00446187
6			9.75			-0.158879
7			9.75			-0.356159
8			9.75			-0.311687
9			9.75			-0.233741

0			9.8			0.229749
1			9.8			0.312219
2			9.8			0.35188
3			9.8			0.165067
4			9.8			-0.00361733
5			9.8			0.00361733
6			9.8			-0.165067
7			9.8			-0.35188
8			9.8			-0.312219
9			9.8			-0.229749

0			9.85			0.225826
1			9.85			0.312613
2			9.85			0.347568
3			9.85			0.171383
4			9.85			-0.00257006
5			9.85			0.00257006
6			9.85			-0.171383
7			9.85			-0.347568
8			9.85			-0.312613
9			9.85			-0.225826

0			9.9			0.221984
1			9.9			0.312845
2			9.9			0.343256
3			9.9			0.177793
4			9.9			-0.00129966
5			9.9			0.00129966
6			9.9			-0.177793
7			9.9			-0.343256
8			9.9			-0.312845
9			9.9			-0.221984

0			9.95			0.218234
1			9.95			0.312891
2			9.95			0.338978
3			9.95			0.18426
4			9.95			0.000213568
5			9.95			-0.000213568
6			9.95			-0.18426
7			9.95			-0.338978
8			9.95			-0.312891
9			9.95			-0.218234

0			10			0.214588
1			10			0.312727
2			10			0.334766
3			10			0.190749
4			10			0.00198831
5			10			-0.00198831
6			10			-0.190749
7			10			-0.334766
8			10			-0.312727
9			10			-0.214588

0			10.05			0.211055
1			10.05			0.312334
2			10.05			0.330653
3			10.05			0.197227
4			10.05			0.0040419
5			10.05			-0.0040419
6			10.05			-0.197227
7			10.05			-0.330653
8			10.05			-0.312334
9			10.05			-0.211055

0			10.1			0.207645
1			10.1			0.311692
2			10.1			0.326669
3			10.1			0.203658
4			10.1			0.00639005
5			10.1			-0.00639005
6			10.1			-0.203658
7			10.1			-0.326669
8			10.1			-0.311692
9			10.1			-0.207645

0			10.15			0.204365
1			10.15			0.310783
2			10.15			0.322844
3			10.15			0.21001
4			10.15			0.00904656
5			10.15			-0.00904656
6			10.15			-0.21001
7			10.15			-0.322844
8			10.15			-0.310783
9			10.15			-0.204365

0			10.2			0.201222
1			10.2			0.309594
2			10.2			0.319203
3			10.2			0.216251
4			10.2			0.012023
5			10.2			-0.012023
6			10.2			-0.216251
7			10.2			-0.319203
8			10.2			-0.309594
9			10.2			-0.201222

0			10.25			0.198222
1			10.25			0.308111
2			10.25			0.315774
3			10.25			0.222351
4			10.25			0.0153287
5			10.25			-0.0153287
6			10.25			-0.222351
7			10.25			-0.315774
8			10.25			-0.308111
9			10.25			-0.198222

0			10.3			0.19537
1			10.3			0.306323
2			10.3			0.31258
3			10.3			0.228283
4			10.3			0.01897
5			10.3			-0.01897
6			10.3			-0.228283
7			10.3			-0.31258
8			10.3			-0.306323
9			10.3			-0.19537

0			10.35			0.192669
1			10.35			0.304225
2			10.35			0.309641
3			10.35			0.23402
4			10.35			0.0229506
5			10.35			-0.0229506
6			10.35			-0.23402
7			10.35			-0.309641
8			10.35			-0.304225
9			10.35			-0.192669

0			10.4			0.190121
1			10.4			0.301809
2			10.4			0.306976
3			10.4			0.239539
4			10.4			0.0272711
5			10.4			-0.0272711
6			10.4			-0.239539
7			10.4			-0.306976
8			10.4			-0.301809
9			10.4			-0.190121

0			10.45			0.187728
1			10.45			0.299074
2			10.45			0.304601
3			10.45			0.244819
4			10.45			0.031929
5			10.45			-0.031929
6			10.45			-0.244819
7			10.45			-0.304601
8			10.45			-0.299074
9			10.45			-0.187728

0			10.5			0.185489
1			10.5			0.296019
2			10.5			0.30253
3			10.5			0.249841
4			10.5			0.0369184
5			10.5			-0.0369184
6			10.5			-0.249841
7			10.5			-0.30253
8			10.5			-0.296019
9			10.5			-0.185489

0			10.55			0.183403
1			10.55			0.292647
2			10.55			0.300773
3			10.55			0.25459
4			10.55			0.04223
5			10.55			-0.04223
6			10.55			-0.25459
7			10.55			-0.300773
8			10.55			-0.292647
9			10.55			-0.183403

0			10.6			0.181467
1			10.6			0.288964
2			10.6			0.299338
3			10.6			0.259052
4			10.6			0.0478512
5			10.6			-0.0478512
6			10.6			-0.259052
7			10.6			-0.299338
8			10.6			-0.288964
9			10.6			-0.181467

0			10.65			0.179678
1			10.65			0.284976
2			10.65			0.298231
3			10.65			0.263218
4			10.65			0.0537659
5			10.65			-0.0537659
6			10.65			-0.263218
7			10.65			-0.298231
8			10.65			-0.284976
9			10.65			-0.179678

0			10.7			0.17803
1			10.7			0.280696
2			10.7			0.297454
3			10.7			0.267082
4			10.7			0.0599547
5			10.7			-0.0599547
6			10.7			-0.267082
7			10.7			-0.297454
8			10.7			-0.280696
9			10.7			-0.17803

0			10.75			0.176517
1			10.75			0.276134
2			10.75			0.297006
3			10.75			0.270638
4			10.75			0.0663947
5			10.75			-0.0663947
6			10.75			-0.270638
7			10.75			-0.297006
8			10.75			-0.276134
9			10.75			-0.176517

0			10.8			0.175133
1			10.8			0.271308
2			10.8			0.296884
3			10.8			0.273887
4			10.8			0.0730602
5			10.8			-0.0730602
6			10.8			-0.273887
7			10.8			-0.296884
8			10.8			-0.271308
9			10.8			-0.175133

0			10.85			0.173869
1			10.85			0.266233
2			10.85			0.297082
3			10.85			0.27683
4			10.85			0.0799219
5			10.85			-0.0799219
6			10.85			-0.27683
7			10.85			-0.297082
8			10.85			-0.266233
9			10.85			-0.173869

0			10.9			0.172715
1			10.9			0.260929
2			10.9			0.297593
3			10.9			0.279472
4			10.9			0.0869482
5			10.9			-0.0869482
6			10.9			-0.279472
7			10.9			-0.297593
8			10.9			-0.260929
9			10.9			-0.172715

0			10.95			0.171663
1			10.95			0.255418
2			10.95			0.298405
3			10.95			0.281822
4			10.95			0.0941043
5			10.95			-0.0941043
6			10.95			-0.281822
7			10.95			-0.298405
8			10.95			-0.255418
9			10.95			-0.171663

0			11			0.170701
1			11			0.249724
2			11			0.299504
3			11			0.283888
4			11			0.101354
5			11			-0.101354
6			11			-0.283888
7			11			-0.299504
8			11			-0.249724
9			11			-0.170701

0			11.05			0.169817
1			11.05			0.24387
2			11.05			0.300877
3			11.05			0.285684
4			11.05			0.108657
5			11.05			-0.108657
6			11.05			-0.285684
7			11.05			-0.300877
8			11.05			-0.24387
9			11.05			-0.169817

0			11.1			0.168999
1			11.1			0.237883
2			11.1			0.302505
3			11.1			0.287225
4			11.1			0.115974
5			11.1			-0.115974
6			11.1			-0.287225
7			11.1			-0.302505
8			11.1			-0.237883
9			11.1			-0.168999

0			11.15			0.168235
1			11.15			0.231791
2			11.15			0.30437
3			11.15			0.288527
4			11.15			0.123261
5			11.15			-0.123261
6			11.15			-0.288527
7			11.15			-0.30437
8			11.15			-0.231791
9			11.15			-0.168235

0			11.2			0.167511
1			11.2			0.225622
2			11.2			0.306451
3			11.2			0.28961
4			11.2			0.130476
5			11.2			-0.130476
6			11.2			-0.28961
7			11.2			-0.306451
8			11.2			-0.225622
9			11.2			-0.167511

0			11.25			0.166814
1			11.25			0.219405
2			11.25			0.308725
3			11.25			0.290494
4			11.25			0.137575
5			11.25			-0.137575
6			11.25			-0.290494
7			11.25			-0.308725
8			11.25			-0.219405
9			11.25			-0.166814

0			11.3			0.16613
1			11.3			0.21317
2			11.3			0.311171
3			11.3			0.291202
4			11.3			0.144513
5			11.3			-0.144513
6			11.3			-0.291202
7			11.3			-0.311171
8			11.3			-0.21317
9			11.3			-0.16613

0			11.35			0.165445
1			11.35			0.206948
2			11.35			0.313762
3			11.35			0.291755
4			11.35			0.151246
5			11.35			-0.151246
6			11.35			-0.291755
7			11.35			-0.313762
8			11.35			-0.206948
9			11.35			-0.165445

0			11.4			0.164744
1			11.4			0.200768
2			11.4			0.316476
3			11.4			0.292178
4			11.4			0.15773
5			11.4			-0.15773
6			11.4			-0.292178
7			11.4			-0.316476
8			11.4			-0.200768
9			11.4			-0.164744

0			11.45			0.164014
1			11.45			0.194661
2			11.45			0.319285
3			11.45			0.292495
4			11.45			0.163921
5			11.45			-0.163921
6			11.45			-0.292495
7			11.45			-0.319285
8			11.45			-0.194661
9			11.45			-0.164014

0			11.5			0.163241
1			11.5			0.188657
2			11.5			0.322165
3			11.5			0.292732
4			11.5			0.16978
5			11.5			-0.16978
6			11.5			-0.292732
7			11.5			-0.322165
8			11.5			-0.188657
9			11.5			-0.163241

0			11.55			0.162411
1			11.55			0.182785
2			11.55			0.32509
3			11.55			0.292911
4			11.55			0.175264
5			11.55			-0.175264
6			11.55			-0.292911
7			11.55			-0.32509
8			11.55			-0.182785
9			11.55			-0.162411

0			11.6			0.161511
1			11.6			0.177074
2			11.6			0.328034
3			11.6			0.293058
4			11.6			0.180337
5			11.6			-0.180337
6			11.6			-0.293058
7			11.6			-0.328034
8			11.6			-0.177074
9			11.6			-0.161511

0			11.65			0.160529
1			11.65			0.171551
2			11.65			0.330972
3			11.65			0.293196
4			11.65			0.184964
5			11.65			-0.184964
6			11.65			-0.293196
7			11.65			-0.330972
8			11.65			-0.171551
9			11.65			-0.160529

0			11.7			0.159451
1			11.7			0.166243
2			11.7			0.333879
3			11.7			0.293349
4			11.7			0.189111
5			11.7			-0.189111
6			11.7			-0.293349
7			11.7			-0.333879
8			11.7			-0.166243
9			11.7			-0.159451

0			11.75			0.158266
1			11.75			0.161174
2			11.75			0.336733
3			11.75			0.293537
4			11.75			0.19275
5			11.75			-0.19275
6			11.75			-0.293537
7			11.75			-0.336733
8			11.75			-0.161174
9			11.75			-0.158266

0			11.8			0.156964
1			11.8			0.15637
2			11.8			0.339509
3			11.8			0.293782
4			11.8			0.195854
5			11.8			-0.195854
6			11.8			-0.293782
7			11.8			-0.339509
8			11.8			-0.15637
9			11.8			-0.156964

0			11.85			0.155533
1			11.85			0.151851
2			11.85			0.342186
3			11.85			0.294101
4			11.85			0.198401
5			11.85			-0.198401
6			11.85			-0.294101
7			11.85			-0.342186
8			11.85			-0.151851
9			11.85			-0.155533

0			11.9			0.153965
1			11.9			0.147637
2			11.9			0.344745
3			11.9			0.294513
4			11.9			0.200375
5			11.9			-0.200375
6			11.9			-0.294513
7			11.9			-0.344745
8			11.9			-0.147637
9			11.9			-0.153965

0			11.95			0.152252
1			11.95			0.143748
2			11.95			0.347165
3			11.95			0.295033
4			11.95			0.201759
5			11.95			-0.201759
6			11.95			-0.295033
7			11.95			-0.347165
8			11.95			-0.143748
9			11.95			-0.152252

0			12			0.150385
1			12			0.140199
2			12			0.349431
3			12			0.295673
4			12			0.202546
5			12			-0.202546
6			12			-0.295673
7			12			-0.349431
8			12			-0.140199
9			12			-0.150385

0			12.05			0.148359
1			12.05			0.137004
2			12.05			0.351526
3			12.05			0.296444
4			12.05			0.202731
5			12.05			-0.202731
6			12.05			-0.296444
7			12.05			-0.351526
8			12.05			-0.137004
9			12.05			-0.148359

0			12.1			0.146169
1			12.1			0.134175
2			12.1			0.353436
3			12.1			0.297354
4			12.1			0.202312
5			12.1			-0.202312
6			12.1			-0.297354
7			12.1			-0.353436
8			12.1			-0.134175
9			12.1			-0.146169

0			12.15			0.143809
1			12.15			0.131721
2			12.15			0.35515
3			12.15			0.29841
4			12.15			0.201296
5			12.15			-0.201296
6			12.15			-0.29841
7			12.15			-0.35515
8			12.15			-0.131721
9			12.15			-0.143809

0			12.2			0.141278
1			12.2			0.12965
2			12.2			0.356658
3			12.2			0.299614
4			12.2			0.19969
5			12.2			-0.19969
6			12.2			-0.299614
7			12.2			-0.356658
8			12.2			-0.12965
9			12.2			-0.141278

0			12.25			0.138573
1			12.25			0.127965
2			12.25			0.357951
3			12.25			0.300968
4			12.25			0.197509
5			12.25			-0.197509
6			12.25			-0.300968
7			12.25			-0.357951
8			12.25			-0.127965
9			12.25			-0.138573

0			12.3			0.135693
1			12.3			0.126671
2			12.3			0.359024
3			12.3			0.30247
4			12.3			0.194772
5			12.3			-0.194772
6			12.3			-0.30247
7			12.3			-0.359024
8			12.3			-0.126671
9			12.3			-0.135693

0			12.35			0.13264
1			12.35			0.125766
2			12.35			0.359873
3			12.35			0.304115
4			12.35			0.1915
5			12.35			-0.1915
6			12.35			-0.304115
7			12.35			-0.359873
8			12.35			-0.125766
9			12.35			-0.13264

0			12.4			0.129414
1			12.4			0.125248
2			12.4			0.360495
3			12.4			0.305898
4			12.4			0.187722
5			12.4			-0.187722
6			12.4			-0.305898
7			12.4			-0.360495
8			12.4			-0.125248
9			12.4			-0.129414

0			12.45			0.12602
1			12.45			0.125112
2			12.45			0.36089
3			12.45			0.307808
4			12.45			0.183469
5			12.45			-0.183469
6			12.45			-0.307808
7			12.45			-0.36089
8			12.45			-0.125112
9			12.45			-0.12602

0			12.5			0.12246
1			12.5			0.125352
2			12.5			0.36106
3			12.5			0.309834
4			12.5			0.178776
5			12.5			-0.178776
6			12.5			-0.309834
7			12.5			-0.36106
8			12.5			-0.125352
9			12.5			-0.12246

0			12.55			0.118741
1			12.55			0.125958
2			12.55			0.361009
3			12.55			0.311963
4			12.55			0.173682
5			12.55			-0.173682
6			12.55			-0.311963
7			12.55			-0.361009
8			12.55			-0.125958
9			12.55			-0.118741

0			12.6			0.114868
1			12.6			0.126919
2			12.6			0.36074
3			12.6			0.31418
4			12.6			0.168228
5			12.6			-0.168228
6			12.6			-0.31418
7			12.6			-0.36074
8			12.6			-0.126919
9			12.6			-0.114868

0			12.65			0.110848
1			12.65			0.128221
2			12.65			0.360262
3			12.65			0.316466
4			12.65			0.16246
5			12.65			-0.16246
6			12.65			-0.316466
7			12.65			-0.360262
8			12.65			-0.128221
9			12.65			-0.110848

0			12.7			0.106691
1			12.7			0.129849
2			12.7			0.359582
3			12.7			0.318804
4			12.7			0.156425
5			12.7			-0.156425
6			12.7			-0.318804
7			12.7			-0.359582
8			12.7			-0.129849
9			12.7			-0.106691

0			12.75			0.102406
1			12.75			0.131786
2			12.75			0.358711
3			12.75			0.321173
4			12.75			0.150172
5			12.75			-0.150172
6			12.75			-0.321173
7			12.75			-0.358711
8			12.75			-0.131786
9			12.75			-0.102406

0			12.8			0.0980028
1			12.8			0.134014
2			12.8			0.357657
3			12.8			0.323551
4			12.8			0.143753
5			12.8			-0.143753
6			12.8			-0.323551
7			12.8			-0.357657
8			12.8			-0.134014
9			12.8			-0.0980028

0			12.85			0.0934926
1			12.85			0.136512
2			12.85			0.356435
3			12.85			0.325916
4			12.85			0.13722
5			12.85			-0.13722
6			12.85			-0.325916
7			12.85			-0.356435
8			12.85			-0.136512
9			12.85			-0.0934926

0			12.9			0.0888875
1			12.9			0.139258
2			12.9			0.355055
3			12.9			0.328246
4			12.9			0.130627
5			12.9			-0.130627
6			12.9			-0.328246
7			12.9			-0.355055
8			12.9			-0.139258
9			12.9			-0.0888875

0			12.95			0.0842001
1			12.95			0.14223
2			12.95			0.353532
3			12.95			0.330517
4			12.95			0.124026
5			12.95			-0.124026
6			12.95			-0.330517
7			12.95			-0.353532
8			12.95			-0.14223
9			12.95			-0.0842001

0			13			0.0794436
1			13			0.145404
2			13			0.35188
3			13			0.332705
4			13			0.117472
5			13			-0.117472
6			13			-0.332705
7			13			-0.35188
8			13			-0.145404
9			13			-0.0794436

0			13.05			0.074632
1			13.05			0.148756
2			13.05			0.350114
3			13.05			0.334788
4			13.05			0.111016
5			13.05			-0.111016
6			13.05			-0.334788
7			13.05			-0.350114
8			13.05			-0.148756
9			13.05			-0.074632

0			13.1			0.0697796
1			13.1			0.152258
2			13.1			0.348247
3			13.1			0.336742
4			13.1			0.104711
5			13.1			-0.104711
6			13.1			-0.336742
7			13.1			-0.348247
8			13.1			-0.152258
9			13.1			-0.0697796

0			13.15			0.064901
1			13.15			0.155887
2			13.15			0.346295
3			13.15			0.338546
4			13.15			0.0986069
5			13.15			-0.0986069
6			13.15			-0.338546
7			13.15			-0.346295
8			13.15			-0.155887
9			13.15			-0.064901

0			13.2			0.0600113
1			13.2			0.159614
2			13.2			0.344272
3			13.2			0.340178
4			13.2			0.0927514
5			13.2			-0.0927514
6			13.2			-0.340178
7			13.2			-0.344272
8			13.2			-0.159614
9			13.2			-0.0600113

0			13.25			0.0551258
1			13.25			0.163414
2			13.25			0.342194
3			13.25			0.341618
4			13.25			0.0871905
5			13.25			-0.0871905
6			13.25			-0.341618
7			13.25			-0.342194
8			13.25			-0.163414
9			13.25			-0.0551258

0			13.3			0.0502598
1			13.3			0.16726
2			13.3			0.340074
3			13.3			0.342849
4			13.3			0.0819671
5			13.3			-0.0819671
6			13.3			-0.342849
7			13.3			-0.340074
8			13.3			-0.16726
9			13.3			-0.0502598

0			13.35			0.0454288
1			13.35			0.171124
2			13.35			0.337925
3			13.35			0.343852
4			13.35			0.0771209
5			13.35			-0.0771209
6			13.35			-0.343852
7			13.35			-0.337925
8			13.35			-0.171124
9			13.35			-0.0454288

0			13.4			0.0406483
1			13.4			0.174982
2			13.4			0.335761
3			13.4			0.344614
4			13.4			0.0726881
5			13.4			-0.0726881
6			13.4			-0.344614
7			13.4			-0.335761
8			13.4			-0.174982
9			13.4			-0.0406483

0			13.45			0.0359335
1			13.45			0.178806
2			13.45			0.333594
3			13.45			0.345121
4			13.45			0.0687011
5			13.45			-0.0687011
6			13.45			-0.345121
7			13.45			-0.333594
8			13.45			-0.178806
9			13.45			-0.0359335

0			13.5			0.0312996
1			13.5			0.182572
2			13.5			0.331434
3			13.5			0.345363
4			13.5			0.0651882
5			13.5			-0.0651882
6			13.5			-0.345363
7			13.5			-0.331434
8			13.5			-0.182572
9			13.5			-0.0312996

0			13.55			0.0267615
1			13.55			0.186254
2			13.55			0.329291
3			13.55			0.345331
4			13.55			0.0621731
5			13.55			-0.0621731
6			13.55			-0.345331
7			13.55			-0.329291
8			13.55			-0.186254
9			13.55			-0.0267615

0			13.6			0.0223336
1			13.6			0.18983
2			13.6			0.327176
3			13.6			0.345019
4			13.6			0.0596752
5			13.6			-0.0596752
6			13.6			-0.345019
7			13.6			-0.327176
8			13.6			-0.18983
9			13.6			-0.0223336

0			13.65			0.0180302
1			13.65			0.193276
2			13.65			0.325094
3			13.65			0.344425
4			13.65			0.0577091
5			13.65			-0.0577091
6			13.65			-0.344425
7			13.65			-0.325094
8			13.65			-0.193276
9			13.65			-0.0180302

0			13.7			0.0138647
1			13.7			0.19657
2			13.7			0.323053
3			13.7			0.343546
4			13.7			0.0562847
5			13.7			-0.0562847
6			13.7			-0.343546
7			13.7			-0.323053
8			13.7			-0.19657
9			13.7			-0.0138647

0			13.75			0.00985032
1			13.75			0.199692
2			13.75			0.321058
3			13.75			0.342386
4			13.75			0.0554067
5			13.75			-0.0554067
6			13.75			-0.342386
7			13.75			-0.321058
8			13.75			-0.199692
9			13.75			-0.00985032

0			13.8			0.0059995
1			13.8			0.202622
2			13.8			0.319113
3			13.8			0.340948
4			13.8			0.0550753
5			13.8			-0.0550753
6			13.8			-0.340948
7			13.8			-0.319113
8			13.8			-0.202622
9			13.8			-0.0059995

0			13.85			0.00232405
1			13.85			0.205343
2			13.85			0.317219
3			13.85			0.33924
4			13.85			0.0552855
5			13.85			-0.0552855
6			13.85			-0.33924
7			13.85			-0.317219
8			13.85			-0.205343
9			13.85			-0.00232405

0			13.9			-0.00116493
1			13.9			0.207838
2			13.9			0.315377
3			13.9			0.337271
4			13.9			0.0560276
5			13.9			-0.0560276
6			13.9			-0.337271
7			13.9			-0.315377
8			13.9			-0.207838
9			13.9			0.00116493

0			13.95			-0.00445709
1			13.95			0.210092
2			13.95			0.313587
3			13.95			0.335053
4			13.95			0.0572872
5			13.95			-0.0572872
6			13.95			-0.335053
7			13.95			-0.313587
8			13.95			-0.210092
9			13.95			0.00445709

0			14			-0.0075429
1			14			0.212091
2			14			0.311848
3			14			0.332601
4			14			0.0590455
5			14			-0.0590455
6			14			-0.332601
7			14			-0.311848
8			14			-0.212091
9			14			0.0075429

0			14.05			-0.0104136
1			14.05			0.213824
2			14.05			0.310155
3			14.05			0.329932
4			14.05			0.0612793
5			14.05			-0.0612793
6			14.05			-0.329932
7			14.05			-0.310155
8			14.05			-0.213824
9			14.05			0.0104136

0			14.1			-0.0130615
1			14.1			0.215281
2			14.1			0.308504
3			14.1			0.327064
4			14.1			0.0639612
5			14.1			-0.0639612
6			14.1			-0.327064
7			14.1			-0.308504
8			14.1			-0.215281
9			14.1			0.0130615

0			14.15			-0.0154794
1			14.15			0.216453
2			14.15			0.306891
3			14.15			0.324018
4			14.15			0.0670602
5			14.15			-0.0670602
6			14.15			-0.324018
7			14.15			-0.306891
8			14.15			-0.216453
9			14.15			0.0154794

0			14.2			-0.0176614
1			14.2			0.217332
2			14.2			0.305306
3			14.2			0.320817
4			14.2			0.0705418
5			14.2			-0.0705418
6			14.2			-0.320817
7			14.2			-0.305306
8			14.2			-0.217332
9			14.2			0.0176614

0			14.25			-0.0196023
1			14.25			0.217914
2			14.25			0.303744
3			14.25			0.317483
4			14.25			0.0743684
5			14.25			-0.0743684
6			14.25			-0.317483
7			14.25			-0.303744
8			14.25			-0.217914
9			14.25			0.0196023

0			14.3			-0.0212979
1			14.3			0.218194
2			14.3			0.302195
3			14.3			0.314043
4			14.3			0.0784994
5			14.3			-0.0784994
6			14.3			-0.314043
7			14.3			-0.302195
8			14.3			-0.218194
9			14.3			0.0212979

0			14.35			-0.022745
1			14.35			0.218172
2			14.35			0.300649
3			14.35			0.310523
4			14.35			0.0828922
5			14.35			-0.0828922
6			14.35			-0.310523
7			14.35			-0.300649
8			14.35			-0.218172
9			14.35			0.022745

0			14.4			-0.0239411
1			14.4			0.217845
2			14.4			0.299096
3			14.4			0.30695
4			14.4			0.0875022
5			14.4			-0.0875022
6			14.4			-0.30695
7			14.4			-0.299096
8			14.4			-0.217845
9			14.4			0.0239411

0			14.45			-0.0248848
1			14.45			0.217215
2			14.45			0.297525
3			14.45			0.30335
4			14.45			0.0922832
5			14.45			-0.0922832
6			14.45			-0.30335
7			14.45			-0.297525
8			14.45			-0.217215
9			14.45			0.0248848

0			14.5			-0.0255756
1			14.5			0.216285
2			14.5			0.295924
3			14.5			0.299752
4			14.5			0.0971882
5			14.5			-0.0971882
6			14.5			-0.299752
7			14.5			-0.295924
8			14.5			-0.216285
9			14.5			0.0255756

0			14.55			-0.0260139
1			14.55			0.215058
2			14.55			0.294282
3			14.55			0.296183
4			14.55			0.102169
5			14.55			-0.102169
6			14.55			-0.296183
7			14.55			-0.294282
8			14.55			-0.215058
9			14.55			0.0260139

0			14.6			-0.0262009
1			14.6			0.213539
2			14.6			0.292588
3			14.6			0.292671
4			14.6			0.107179
5			14.6			-0.107179
6			14.6			-0.292671
7			14.6			-0.292588
8			14.6			-0.213539
9			14.6			0.0262009

0			14.65			-0.0261387
1			14.65			0.211735
2			14.65			0.290828
3			14.65			0.289242
4			14.65			0.112169
5			14.65			-0.112169
6			14.65			-0.289242
7			14.65			-0.290828
8			14.65			-0.211735
9			14.65			0.0261387

0			14.7			-0.0258302
1			14.7			0.209654
2			14.7			0.288992
3			14.7			0.285923
4			14.7			0.117094
5			14.7			-0.117094
6			14.7			-0.285923
7			14.7			-0.288992
8			14.7			-0.209654
9			14.7			0.0258302

0			14.75			-0.0252792
1			14.75			0.207303
2			14.75			0.287067
3			14.75			0.282737
4			14.75			0.121908
5			14.75			-0.121908
6			14.75			-0.282737
7			14.75			-0.287067
8			14.75			-0.207303
9			14.75			0.0252792

0			14.8			-0.02449
1			14.8			0.204693
2			14.8			0.285043
3			14.8			0.279709
4			14.8			0.126567
5			14.8			-0.126567
6			14.8			-0.279709
7			14.8			-0.285043
8			14.8			-0.204693
9			14.8			0.02449

0			14.85			-0.0234679
1			14.85			0.201834
2			14.85			0.282909
3			14.85			0.276861
4			14.85			0.13103
5			14.85			-0.13103
6			14.85			-0.276861
7			14.85			-0.282909
8			14.85			-0.201834
9			14.85			0.0234679

0			14.9			-0.0222187
1			14.9			0.198738
2			14.9			0.280655
3			14.9			0.274211
4			14.9			0.135257
5			14.9			-0.135257
6			14.9			-0.274211
7			14.9			-0.280655
8			14.9			-0.198738
9			14.9			0.0222187

0			14.95			-0.020749
1			14.95			0.195417
2			14.95			0.278271
3			14.95			0.271779
4			14.95			0.139213
5			14.95			-0.139213
6			14.95			-0.271779
7			14.95			-0.278271
8			14.95			-0.195417
9			14.95			0.020749

0			15			-0.019066
1			15			0.191884
2			15			0.27575
3			15			0.269579
4			15			0.142864
5			15			-0.142864
6			15			-0.269579
7			15			-0.27575
8			15			-0.191884
9			15			0.019066

0			15.05			-0.0171772
1			15.05			0.188151
2			15.05			0.273084
3			15.05			0.267626
4			15.05			0.14618
5			15.05			-0.14618
6			15.05			-0.267626
7			15.05			-0.273084
8			15.05			-0.188151
9			15.05			0.0171772

0			15.1			-0.0150909
1			15.1			0.184233
2			15.1			0.270266
3			15.1			0.265931
4			15.1			0.149136
5			15.1			-0.149136
6			15.1			-0.265931
7			15.1			-0.270266
8			15.1			-0.184233
9			15.1			0.0150909

0			15.15			-0.0128159
1			15.15			0.180144
2			15.15			0.267292
3			15.15			0.264501
4			15.15			0.15171
5			15.15			-0.15171
6			15.15			-0.264501
7			15.15			-0.267292
8			15.15			-0.180144
9			15.15			0.0128159

0			15.2			-0.0103611
1			15.2			0.175897
2			15.2			0.264157
3			15.2			0.263342
4			15.2			0.153884
5			15.2			-0.153884
6			15.2			-0.263342
7			15.2			-0.264157
8			15.2			-0.175897
9			15.2			0.0103611

0			15.25			-0.00773615
1			15.25			0.171509
2			15.25			0.260859
3			15.25			0.262457
4			15.25			0.155644
5			15.25			-0.155644
6			15.25			-0.262457
7			15.25			-0.260859
8			15.25			-0.171509
9			15.25			0.00773615

0			15.3			-0.00495086
1			15.3			0.166993
2			15.3			0.257397
3			15.3			0.261845
4			15.3			0.156981
5			15.3			-0.156981
6			15.3			-0.261845
7			15.3			-0.257397
8			15.3			-0.166993
9			15.3			0.00495086

0			15.35			-0.00201537
1			15.35			0.162363
2			15.35			0.25377
3			15.35			0.261505
4			15.35			0.15789
5			15.35			-0.15789
6			15.35			-0.261505
7			15.35			-0.25377
8			15.35			-0.162363
9			15.35			0.00201537

0			15.4			0.00105991
1			15.4			0.157636
2			15.4			0.24998
3			15.4			0.261429
4			15.4			0.158372
5			15.4			-0.158372
6			15.4			-0.261429
7			15.4			-0.24998
8			15.4			-0.157636
9			15.4			-0.00105991

0			15.45			0.00426437
1			15.45			0.152824
2			15.45			0.24603
3			15.45			0.26161
4			15.45			0.158428
5			15.45			-0.158428
6			15.45			-0.26161
7			15.45			-0.24603
8			15.45			-0.152824
9			15.45			-0.00426437

0			15.5			0.00758719
1			15.5			0.147943
2			15.5			0.241923
3			15.5			0.262036
4			15.5			0.158069
5			15.5			-0.158069
6			15.5			-0.262036
7			15.5			-0.241923
8			15.5			-0.147943
9			15.5			-0.00758719

0			15.55			0.0110175
1			15.55			0.143005
2			15.55			0.237666
3			15.55			0.262693
4			15.55			0.157307
5			15.55			-0.157307
6			15.55			-0.262693
7			15.55			-0.237666
8			15.55			-0.143005
9			15.55			-0.0110175

0			15.6			0.0145441
1			15.6			0.138026
2			15.6			0.233265
3			15.6			0.263564
4			15.6			0.156157
5			15.6			-0.156157
6			15.6			-0.263564
7			15.6			-0.233265
8			15.6			-0.138026
9			15.6			-0.0145441

0			15.65			0.0181561
1			15.65			0.133019
2			15.65			0.228728
3			15.65			0.264631
4			15.65			0.154641
5			15.65			-0.154641
6			15.65			-0.264631
7			15.65			-0.228728
8			15.65			-0.133019
9			15.65			-0.0181561

0			15.7			0.0218422
1			15.7			0.127996
2			15.7			0.224064
3			15.7			0.265872
4			15.7			0.152782
5			15.7			-0.152782
6			15.7			-0.265872
7			15.7			-0.224064
8			15.7			-0.127996
9			15.7			-0.0218422

0			15.75			0.0255914
1			15.75			0.12297
2			15.75			0.219283
3			15.75			0.267265
4			15.75			0.150607
5			15.75			-0.150607
6			15.75			-0.267265
7			15.75			-0.219283
8			15.75			-0.12297
9			15.75			-0.0255914

0			15.8			0.0293926
1			15.8			0.117954
2			15.8			0.214398
3			15.8			0.268783
4			15.8			0.148147
5			15.8			-0.148147
6			15.8			-0.268783
7			15.8			-0.214398
8			15.8			-0.117954
9			15.8			-0.0293926

0			15.85			0.0332347
1			15.85			0.112959
2			15.85			0.209418
3			15.85			0.270401
4			15.85			0.145433
5			15.85			-0.145433
6			15.85			-0.270401
7			15.85			-0.209418
8			15.85			-0.112959
9			15.85			-0.0332347

0			15.9			0.0371068
1			15.9			0.107997
2			15.9			0.204359
3			15.9			0.27209
4			15.9			0.142503
5			15.9			-0.142503
6			15.9			-0.27209
7			15.9			-0.204359
8			15.9			-0.107997
9			15.9			-0.0371068

0			15.95			0.040998
1			15.95			0.103079
2			15.95			0.199233
3			15.95			0.273821
4			15.95			0.139392
5			15.95			-0.139392
6			15.95			-0.273821
7			15.95			-0.199233
8			15.95			-0.103079
9			15.95			-0.040998

0			16			0.0448977
1			16			0.098214
2			16			0.194054
3			16			0.275565
4			16			0.136139
5			16			-0.136139
6			16			-0.275565
7			16			-0.194054
8			16			-0.098214
9			16			-0.0448977

0			16.05			0.0487953
1			16.05			0.0934137
2			16.05			0.188838
3			16.05			0.277289
4			16.05			0.132784
5			16.05			-0.132784
6			16.05			-0.277289
7			16.05			-0.188838
8			16.05			-0.0934137
9			16.05			-0.0487953

0			16.1			0.0526805
1			16.1			0.088687
2			16.1			0.183599
3			16.1			0.278963
4			16.1			0.129368
5			16.1			-0.129368
6			16.1			-0.278963
7			16.1			-0.183599
8			16.1			-0.088687
9			16.1			-0.0526805

0			16.15			0.0565432
1			16.15			0.0840432
2			16.15			0.178353
3			16.15			0.280557
4			16.15			0.125932
5			16.15			-0.125932
6			16.15			-0.280557
7			16.15			-0.178353
8			16.15			-0.0840432
9			16.15			-0.0565432

0			16.2			0.0603733
1			16.2			0.079491
2			16.2			0.173113
3			16.2			0.282039
4			16.2			0.122516
5			16.2			-0.122516
6			16.2			-0.282039
7			16.2			-0.173113
8			16.2			-0.079491
9			16.2			-0.0603733

0			16.25			0.0641613
1			16.25			0.0750388
2			16.25			0.167896
3			16.25			0.283378
4			16.25			0.119161
5			16.25			-0.119161
6			16.25			-0.283378
7			16.25			-0.167896
8			16.25			-0.0750388
9			16.25			-0.0641613

0			16.3			0.0678977
1			16.3			0.0706944
2			16.3			0.162716
3			16.3			0.284546
4			16.3			0.115906
5			16.3			-0.115906
6			16.3			-0.284546
7			16.3			-0.162716
8			16.3			-0.0706944
9			16.3			-0.0678977

0			16.35			0.0715732
1			16.35			0.0664656
2			16.35			0.157587
3			16.35			0.285513
4			16.35			0.112789
5			16.35			-0.112789
6			16.35			-0.285513
7			16.35			-0.157587
8			16.35			-0.0664656
9			16.35			-0.0715732

0			16.4			0.075179
1			16.4			0.0623596
2			16.4			0.152523
3			16.4			0.286253
4			16.4			0.109847
5			16.4			-0.109847
6			16.4			-0.286253
7			16.4			-0.152523
8			16.4			-0.0623596
9			16.4			-0.075179

0			16.45			0.0787065
1			16.45			0.0583833
2			16.45			0.147537
3			16.45			0.28674
4			16.45			0.107115
5			16.45			-0.107115
6			16.45			-0.28674
7			16.45			-0.147537
8			16.45			-0.0583833
9			16.45			-0.0787065

0			16.5			0.0821474
1			16.5			0.0545434
2			16.5			0.142642
3			16.5			0.28695
4			16.5			0.104624
5			16.5			-0.104624
6			16.5			-0.28695
7			16.5			-0.142642
8			16.5			-0.0545434
9			16.5			-0.0821474

0			16.55			0.0854937
1			16.55			0.0508462
2			16.55			0.137849
3			16.55			0.286862
4			16.55			0.102404
5			16.55			-0.102404
6			16.55			-0.286862
7			16.55			-0.137849
8			16.55			-0.0508462
9			16.55			-0.0854937

0			16.6			0.0887377
1			16.6			0.0472979
2			16.6			0.133168
3			16.6			0.286455
4			16.6			0.100481
5			16.6			-0.100481
6			16.6			-0.286455
7			16.6			-0.133168
8			16.6			-0.0472979
9			16.6			-0.0887377

0			16.65			0.0918721
1			16.65			0.0439043
2			16.65			0.128608
3			16.65			0.285712
4			16.65			0.0988794
5			16.65			-0.0988794
6			16.65			-0.285712
7			16.65			-0.128608
8			16.65			-0.0439043
9			16.65			-0.0918721

0			16.7			0.0948899
1			16.7			0.0406709
2			16.7			0.124179
3			16.7			0.28462
4			16.7			0.0976183
5			16.7			-0.0976183
6			16.7			-0.28462
7			16.7			-0.124179
8			16.7			-0.0406709
9			16.7			-0.0948899

0			16.75			0.0977846
1			16.75			0.037603
2			16.75			0.119886
3			16.75			0.283165
4			16.75			0.0967143
5			16.75			-0.0967143
6			16.75			-0.283165
7			16.75			-0.119886
8			16.75			-0.037603
9			16.75			-0.0977846

0			16.8			0.10055
1			16.8			0.0347058
2			16.8			0.115735
3			16.8			0.281339
4			16.8			0.0961799
5			16.8			-0.0961799
6			16.8			-0.281339
7			16.8			-0.115735
8			16.8			-0.0347058
9			16.8			-0.10055

0			16.85			0.10318
1			16.85			0.0319841
2			16.85			0.111731
3			16.85			0.279136
4			16.85			0.0960241
5			16.85			-0.0960241
6			16.85			-0.279136
7			16.85			-0.111731
8			16.85			-0.0319841
9			16.85			-0.10318

0			16.9			0.10567
1			16.9			0.0294424
2			16.9			0.107877
3			16.9			0.276553
4			16.9			0.0962516
5			16.9			-0.0962516
6			16.9			-0.276553
7			16.9			-0.107877
8			16.9			-0.0294424
9			16.9			-0.10567

0			16.95			0.108013
1			16.95			0.0270851
2			16.95			0.104174
3			16.95			0.273588
4			16.95			0.0968634
5			16.95			-0.0968634
6			16.95			-0.273588
7			16.95			-0.104174
8			16.95			-0.0270851
9			16.95			-0.108013

0			17			0.110207
1			17			0.0249162
2			17			0.100622
3			17			0.270246
4			17			0.0978565
5			17			-0.0978565
6			17			-0.270246
7			17			-0.100622
8			17			-0.0249162
9			17			-0.110207

0			17.05			0.112246
1			17.05			0.0229393
2			17.05			0.09722
3			17.05			0.26653
4			17.05			0.0992239
5			17.05			-0.0992239
6			17.05			-0.26653
7			17.05			-0.09722
8			17.05			-0.0229393
9			17.05			-0.112246

0			17.1			0.114127
1			17.1			0.021158
2			17.1			0.093966
3			17.1			0.262451
4			17.1			0.100955
5			17.1			-0.100955
6			17.1			-0.262451
7			17.1			-0.093966
8			17.1			-0.021158
9			17.1			-0.114127

0			17.15			0.115847
1			17.15			0.0195751
2			17.15			0.090856
3			17.15			0.25802
4			17.15			0.103035
5			17.15			-0.103035
6			17.15			-0.25802
7			17.15			-0.090856
8			17.15			-0.0195751
9			17.15			-0.115847

0			17.2			0.117402
1			17.2			0.0181935
2			17.2			0.0878852
3			17.2			0.25325
4			17.2			0.105447
5			17.2			-0.105447
6			17.2			-0.25325
7			17.2			-0.0878852
8			17.2			-0.0181935
9			17.2			-0.117402

0			17.25			0.118791
1			17.25			0.0170153
2			17.25			0.0850475
3			17.25			0.248159
4			17.25			0.108168
5			17.25			-0.108168
6			17.25			-0.248159
7			17.25			-0.0850475
8			17.25			-0.0170153
9			17.25			-0.118791

0			17.3			0.120011
1			17.3			0.0160422
2			17.3			0.0823358
3			17.3			0.242765
4			17.3			0.111174
5			17.3			-0.111174
6			17.3			-0.242765
7			17.3			-0.0823358
8			17.3			-0.0160422
9			17.3			-0.120011

0			17.35			0.121062
1			17.35			0.0152756
2			17.35			0.0797423
3			17.35			0.23709
4			17.35			0.114438
5			17.35			-0.114438
6			17.35			-0.23709
7			17.35			-0.0797423
8			17.35			-0.0152756
9			17.35			-0.121062

0			17.4			0.121942
1			17.4			0.0147161
2			17.4			0.0772581
3			17.4			0.231158
4			17.4			0.11793
5			17.4			-0.11793
6			17.4			-0.231158
7			17.4			-0.0772581
8			17.4			-0.0147161
9			17.4			-0.121942

0			17.45			0.122651
1			17.45			0.014364
2			17.45			0.0748738
3			17.45			0.224995
4			17.45			0.121616
5			17.45			-0.121616
6			17.45			-0.224995
7			17.45			-0.0748738
8			17.45			-0.014364
9			17.45			-0.122651

0			17.5			0.12319
1			17.5			0.0142187
2			17.5			0.0725796
3			17.5			0.218626
4			17.5			0.125462
5			17.5			-0.125462
6			17.5			-0.218626
7			17.5			-0.0725796
8			17.5			-0.0142187
9			17.5			-0.12319

0			17.55			0.123558
1			17.55			0.0142791
2			17.55			0.0703649
3			17.55			0.212081
4			17.55			0.129431
5			17.55			-0.129431
6			17.55			-0.212081
7			17.55			-0.0703649
8			17.55			-0.0142791
9			17.55			-0.123558

0			17.6			0.123758
1			17.6			0.0145434
2			17.6			0.0682191
3			17.6			0.205389
4			17.6			0.133487
5			17.6			-0.133487
6			17.6			-0.205389
7			17.6			-0.0682191
8			17.6			-0.0145434
9			17.6			-0.123758

0			17.65			0.123791
1			17.65			0.015009
2			17.65			0.0661316
3			17.65			0.198581
4			17.65			0.137588
5			17.65			-0.137588
6			17.65			-0.198581
7			17.65			-0.0661316
8			17.65			-0.015009
9			17.65			-0.123791

0			17.7			0.12366
1			17.7			0.0156725
2			17.7			0.0640915
3			17.7			0.191687
4			17.7			0.141696
5			17.7			-0.141696
6			17.7			-0.191687
7			17.7			-0.0640915
8			17.7			-0.0156725
9			17.7			-0.12366

0			17.75			0.123367
1			17.75			0.0165298
2			17.75			0.0620885
3			17.75			0.18474
4			17.75			0.14577
5			17.75			-0.14577
6			17.75			-0.18474
7			17.75			-0.0620885
8			17.75			-0.0165298
9			17.75			-0.123367

0			17.8			0.122916
1			17.8			0.0175757
2			17.8			0.0601123
3			17.8			0.17777
4			17.8			0.149769
5			17.8			-0.149769
6			17.8			-0.17777
7			17.8			-0.0601123
8			17.8			-0.0175757
9			17.8			-0.122916

0			17.85			0.12231
1			17.85			0.0188045
2			17.85			0.0581533
3			17.85			0.170808
4			17.85			0.153655
5			17.85			-0.153655
6			17.85			-0.170808
7			17.85			-0.0581533
8			17.85			-0.0188045
9			17.85			-0.12231

0			17.9			0.121554
1			17.9			0.0202094
2			17.9			0.0562024
3			17.9			0.163885
4			17.9			0.157386
5			17.9			-0.157386
6			17.9			-0.163885
7			17.9			-0.0562024
8			17.9			-0.0202094
9			17.9			-0.121554

0			17.95			0.120653
1			17.95			0.0217826
2			17.95			0.0542514
3			17.95			0.157031
4			17.95			0.160925
5			17.95			-0.160925
6			17.95			-0.157031
7			17.95			-0.0542514
8			17.95			-0.0217826
9			17.95			-0.120653

0			18			0.119613
1			18			0.0235157
2			18			0.0522928
3			18			0.150275
4			18			0.164234
5			18			-0.164234
6			18			-0.150275
7			18			-0.0522928
8			18			-0.0235157
9			18			-0.119613

0			18.05			0.118439
1			18.05			0.0253992
2			18.05			0.0503203
3			18.05			0.143643
4			18.05			0.167277
5			18.05			-0.167277
6			18.05			-0.143643
7			18.05			-0.0503203
8			18.05			-0.0253992
9			18.05			-0.118439

0			18.1			0.117138
1			18.1			0.0274228
2			18.1			0.0483286
3			18.1			0.137162
4			18.1			0.170022
5			18.1			-0.170022
6			18.1			-0.137162
7			18.1			-0.0483286
8			18.1			-0.0274228
9			18.1			-0.117138

0			18.15			0.115716
1			18.15			0.0295751
2			18.15			0.0463136
3			18.15			0.130857
4			18.15			0.172435
5			18.15			-0.172435
6			18.15			-0.130857
7			18.15			-0.0463136
8			18.15			-0.0295751
9			18.15			-0.115716

0			18.2			0.11418
1			18.2			0.0318442
2			18.2			0.0442725
3			18.2			0.124748
4			18.2			0.174488
5			18.2			-0.174488
6			18.2			-0.124748
7			18.2			-0.0442725
8			18.2			-0.0318442
9			18.2			-0.11418

0			18.25			0.112538
1			18.25			0.0342172
2			18.25			0.0422038
3			18.25			0.118856
4			18.25			0.176154
5			18.25			-0.176154
6			18.25			-0.118856
7			18.25			-0.0422038
8			18.25			-0.0342172
9			18.25			-0.112538

0			18.3			0.110799
1			18.3			0.0366804
2			18.3			0.0401073
3			18.3			0.113199
4			18.3			0.177409
5			18.3			-0.177409
6			18.3			-0.113199
7			18.3			-0.0401073
8			18.3			-0.0366804
9			18.3			-0.110799

0			18.35			0.10897
1			18.35			0.0392196
2			18.35			0.0379845
3			18.35			0.107792
4			18.35			0.178232
5			18.35			-0.178232
6			18.35			-0.107792
7			18.35			-0.0379845
8			18.35			-0.0392196
9			18.35			-0.10897

0			18.4			0.107059
1			18.4			0.0418196
2			18.4			0.0358379
3			18.4			0.102647
4			18.4			0.178606
5			18.4			-0.178606
6			18.4			-0.102647
7			18.4			-0.0358379
8			18.4			-0.0418196
9			18.4			-0.107059

0			18.45			0.105075
1			18.45			0.0444649
2			18.45			0.0336716
3			18.45			0.0977752
4			18.45			0.178516
5			18.45			-0.178516
6			18.45			-0.0977752
7			18.45			-0.0336716
8			18.45			-0.0444649
9			18.45			-0.105075

0			18.5			0.103028
1			18.5			0.0471394
2			18.5			0.0314912
3			18.5			0.0931835
4			18.5			0.177951
5			18.5			-0.177951
6			18.5			-0.0931835
7			18.5			-0.0314912
8			18.5			-0.0471394
9			18.5			-0.103028

0			18.55			0.100926
1			18.55			0.0498266
2			18.55			0.0293034
3			18.55			0.0888764
4			18.55			0.176905
5			18.55			-0.176905
6			18.55			-0.0888764
7			18.55			-0.0293034
8			18.55			-0.0498266
9			18.55			-0.100926

0			18.6			0.0987786
1			18.6			0.0525096
2			18.6			0.0271164
3			18.6			0.084856
4			18.6			0.175371
5			18.6			-0.175371
6			18.6			-0.084856
7			18.6			-0.0271164
8			18.6			-0.0525096
9			18.6			-0.0987786

0			18.65			0.0965947
1			18.65			0.0551714
2			18.65			0.0249393
3			18.65			0.0811213
4			18.65			0.173351
5			18.65			-0.173351
6			18.65			-0.0811213
7			18.65			-0.0249393
8			18.65			-0.0551714
9			18.65			-0.0965947

0			18.7			0.0943836
1			18.7			0.0577947
2			18.7			0.0227827
3			18.7			0.0776688
4			18.7			0.170847
5			18.7			-0.170847
6			18.7			-0.0776688
7			18.7			-0.0227827
8			18.7			-0.0577947
9			18.7			-0.0943836

0			18.75			0.0921544
1			18.75			0.0603622
2			18.75			0.0206577
3			18.75			0.0744924
4			18.75			0.167864
5			18.75			-0.167864
6			18.75			-0.0744924
7			18.75			-0.0206577
8			18.75			-0.0603622
9			18.75			-0.0921544

0			18.8			0.0899164
1			18.8			0.0628569
2			18.8			0.0185768
3			18.8			0.0715835
4			18.8			0.164414
5			18.8			-0.164414
6			18.8			-0.0715835
7			18.8			-0.0185768
8			18.8			-0.0628569
9			18.8			-0.0899164

0			18.85			0.0876784
1			18.85			0.0652618
2			18.85			0.0165528
3			18.85			0.0689311
4			18.85			0.160508
5			18.85			-0.160508
6			18.85			-0.0689311
7			18.85			-0.0165528
8			18.85			-0.0652618
9			18.85			-0.0876784

0			18.9			0.0854491
1			18.9			0.0675604
2			18.9			0.0145994
3			18.9			0.0665218
4			18.9			0.156163
5			18.9			-0.156163
6			18.9			-0.0665218
7			18.9			-0.0145994
8			18.9			-0.0675604
9			18.9			-0.0854491

0			18.95			0.0832371
1			18.95			0.0697364
2			18.95			0.0127306
3			18.95			0.0643403
4			18.95			0.151398
5			18.95			-0.151398
6			18.95			-0.0643403
7			18.95			-0.0127306
8			18.95			-0.0697364
9			18.95			-0.0832371

0			19			0.0810506
1			19			0.0717744
2			19			0.0109605
3			19			0.0623693
4			19			0.146234
5			19			-0.146234
6			19			-0.0623693
7			19			-0.0109605
8			19			-0.0717744
9			19			-0.0810506

0			19.05			0.0788973
1			19.05			0.0736596
2			19.05			0.00930367
3			19.05			0.0605897
4			19.05			0.140696
5			19.05			-0.140696
6			19.05			-0.0605897
7			19.05			-0.00930367
8			19.05			-0.0736596
9			19.05			-0.0788973

0			19.1			0.0767849
1			19.1			0.0753778
2			19.1			0.00777434
3			19.1			0.0589811
4			19.1			0.134811
5			19.1			-0.134811
6			19.1			-0.0589811
7			19.1			-0.00777434
8			19.1			-0.0753778
9			19.1			-0.0767849

0			19.15			0.0747202
1			19.15			0.0769161
2			19.15			0.00638656
3			19.15			0.0575217
4			19.15			0.128607
5			19.15			-0.128607
6			19.15			-0.0575217
7			19.15			-0.00638656
8			19.15			-0.0769161
9			19.15			-0.0747202

0			19.2			0.07271
1			19.2			0.0782623
2			19.2			0.00515394
3			19.2			0.0561885
4			19.2			0.122115
5			19.2			-0.122115
6			19.2			-0.0561885
7			19.2			-0.00515394
8			19.2			-0.0782623
9			19.2			-0.07271

0			19.25			0.0707602
1			19.25			0.0794056
2			19.25			0.0040895
3			19.25			0.0549579
4			19.25			0.115368
5			19.25			-0.115368
6			19.25			-0.0549579
7			19.25			-0.0040895
8			19.25			-0.0794056
9			19.25			-0.0707602

0			19.3			0.0688762
1			19.3			0.0803364
2			19.3			0.00320545
3			19.3			0.0538056
4			19.3			0.1084
5			19.3			-0.1084
6			19.3			-0.0538056
7			19.3			-0.00320545
8			19.3			-0.0803364
9			19.3			-0.0688762

0			19.35			0.067063
1			19.35			0.0810465
2			19.35			0.00251306
3			19.35			0.0527072
4			19.35			0.101246
5			19.35			-0.101246
6			19.35			-0.0527072
7			19.35			-0.00251306
8			19.35			-0.0810465
9			19.35			-0.067063

0			19.4			0.0653249
1			19.4			0.0815291
2			19.4			0.00202249
3			19.4			0.0516379
4			19.4			0.0939406
5			19.4			-0.0939406
6			19.4			-0.0516379
7			19.4			-0.00202249
8			19.4			-0.0815291
9			19.4			-0.0653249

0			19.45			0.0636654
1			19.45			0.0817788
2			19.45			0.00174262
3			19.45			0.0505734
4			19.45			0.0865215
5			19.45			-0.0865215
6			19.45			-0.0505734
7			19.45			-0.00174262
8			19.45			-0.0817788
9			19.45			-0.0636654

0			19.5			0.0620875
1			19.5			0.081792
2			19.5			0.00168091
3			19.5			0.0494895
4			19.5			0.0790251
5			19.5			-0.0790251
6			19.5			-0.0494895
7			19.5			-0.00168091
8			19.5			-0.081792
9			19.5			-0.0620875

0			19.55			0.0605935
1			19.55			0.0815666
2			19.55			0.00184329
3			19.55			0.048363
4			19.55			0.071488
5			19.55			-0.071488
6			19.55			-0.048363
7			19.55			-0.00184329
8			19.55			-0.0815666
9			19.55			-0.0605935

0			19.6			0.0591849
1			19.6			0.0811022
2			19.6			0.00223402
3			19.6			0.0471714
4			19.6			0.0639467
5			19.6			-0.0639467
6			19.6			-0.0471714
7			19.6			-0.00223402
8			19.6			-0.0811022
9			19.6			-0.0591849

0			19.65			0.0578625
1			19.65			0.0804002
2			19.65			0.00285557
3			19.65			0.0458932
4			19.65			0.0564372
5			19.65			-0.0564372
6			19.65			-0.0458932
7			19.65			-0.00285557
8			19.65			-0.0804002
9			19.65			-0.0578625

0			19.7			0.0566266
1			19.7			0.0794637
2			19.7			0.00370858
3			19.7			0.0445086
4			19.7			0.0489946
5			19.7			-0.0489946
6			19.7			-0.0445086
7			19.7			-0.00370858
8			19.7			-0.0794637
9			19.7			-0.0566266

0			19.75			0.0554766
1			19.75			0.0782974
2			19.75			0.00479175
3			19.75			0.0429988
4			19.75			0.041653
5			19.75			-0.041653
6			19.75			-0.0429988
7			19.75			-0.00479175
8			19.75			-0.0782974
9			19.75			-0.0554766

0			19.8			0.0544111
1			19.8			0.076908
2			19.8			0.00610179
3			19.8			0.0413471
4			19.8			0.0344453
5			19.8			-0.0344453
6			19.8			-0.0413471
7			19.8			-0.00610179
8			19.8			-0.076908
9			19.8			-0.0544111

0			19.85			0.0534283
1			19.85			0.0753035
2			19.85			0.0076334
3			19.85			0.0395383
4			19.85			0.0274028
5			19.85			-0.0274028
6			19.85			-0.0395383
7			19.85			-0.0076334
8			19.85			-0.0753035
9			19.85			-0.0534283

0			19.9			0.0525256
1			19.9			0.0734939
2			19.9			0.00937924
3			19.9			0.0375595
4			19.9			0.0205552
5			19.9			-0.0205552
6			19.9			-0.0375595
7			19.9			-0.00937924
8			19.9			-0.0734939
9			19.9			-0.0525256

0			19.95			0.0516996
1			19.95			0.0714907
2			19.95			0.0113299
3			19.95			0.0353996
4			19.95			0.0139302
5			19.95			-0.0139302
6			19.95			-0.0353996
7			19.95			-0.0113299
8			19.95			-0.0714907
9			19.95			-0.0516996

