0.05			-0.582898
0.0833333			-0.581583
0.116667			-0.580144
0.15			-0.578774
0.183333			-0.577273
0.216667			-0.575399
0.25			-0.572953
0.283333			-0.569786
0.316667			-0.5658
0.35			-0.560947
0.383333			-0.555225
0.416667			-0.548669
0.45			-0.541347
0.483333			-0.533347
0.516667			-0.524771
0.55			-0.515725
0.583333			-0.506315
0.616667			-0.496642
0.65			-0.4868
0.683333			-0.476872
0.716667			-0.466931
0.75			-0.457039
0.783333			-0.447249
0.816667			-0.437603
0.85			-0.428135
0.883333			-0.418873
0.916667			-0.409836
0.95			-0.401039
0.983333			-0.392493
1.01667			-0.384202
1.05			-0.37617
1.08333			-0.368398
1.11667			-0.360882
1.15			-0.35362
1.18333			-0.346607
1.21667			-0.339837
1.25			-0.333303
1.28333			-0.326998
1.31667			-0.320915
1.35			-0.315046
1.38333			-0.309384
1.41667			-0.30392
1.45			-0.298647
1.48333			-0.293557
1.51667			-0.288644
1.55			-0.283899
1.58333			-0.279316
1.61667			-0.274889
1.65			-0.27061
1.68333			-0.266474
1.71667			-0.262474
1.75			-0.258604
1.78333			-0.25486
1.81667			-0.251236
1.85			-0.247727
1.88333			-0.244327
1.91667			-0.241034
1.95			-0.237841
1.98333			-0.234746
2.01667			-0.231744
2.05			-0.228831
2.08333			-0.226003
2.11667			-0.223258
2.15			-0.220592
2.18333			-0.218002
2.21667			-0.215484
2.25			-0.213037
2.28333			-0.210657
2.31667			-0.208342
2.35			-0.206089
2.38333			-0.203896
2.41667			-0.201761
2.45			-0.199682
2.48333			-0.197656
2.51667			-0.195682
2.55			-0.193757
2.58333			-0.191881
2.61667			-0.190051
2.65			-0.188266
2.68333			-0.186524
2.71667			-0.184823
2.75			-0.183163
2.78333			-0.181542
2.81667			-0.179958
2.85			-0.178411
2.88333			-0.176899
2.91667			-0.175421
2.95			-0.173976
2.98333			-0.172563
3.01667			-0.17118
3.05			-0.169828
3.08333			-0.168504
3.11667			-0.167209
3.15			-0.165941
3.18333			-0.164699
3.21667			-0.163483
3.25			-0.162292
3.28333			-0.161125
3.31667			-0.159981
3.35			-0.15886
3.38333			-0.157761
3.41667			-0.156683
3.45			-0.155627
3.48333			-0.15459
3.51667			-0.153573
3.55			-0.152576
3.58333			-0.151597
3.61667			-0.150636
3.65			-0.149693
3.68333			-0.148767
3.71667			-0.147857
3.75			-0.146964
3.78333			-0.146087
3.81667			-0.145225
3.85			-0.144378
3.88333			-0.143546
3.91667			-0.142728
3.95			-0.141925
3.98333			-0.141134
4.01667			-0.140357
4.05			-0.139593
4.08333			-0.138841
4.11667			-0.138102
4.15			-0.137375
4.18333			-0.136659
4.21667			-0.135955
4.25			-0.135263
4.28333			-0.134581
4.31667			-0.133909
4.35			-0.133248
4.38333			-0.132598
4.41667			-0.131957
4.45			-0.131326
4.48333			-0.130704
4.51667			-0.130092
4.55			-0.129489
4.58333			-0.128895
4.61667			-0.128309
4.65			-0.127732
4.68333			-0.127164
4.71667			-0.126603
4.75			-0.126051
4.78333			-0.125506
4.81667			-0.124969
4.85			-0.124439
4.88333			-0.123917
4.91667			-0.123402
4.95			-0.122894
4.98333			-0.122393
5.01667			-0.121899
5.05			-0.121411
5.08333			-0.12093
5.11667			-0.120455
5.15			-0.119987
5.18333			-0.119524
5.21667			-0.119068
5.25			-0.118617
5.28333			-0.118173
5.31667			-0.117734
5.35			-0.1173
5.38333			-0.116872
5.41667			-0.11645
5.45			-0.116032
5.48333			-0.11562
5.51667			-0.115213
5.55			-0.114811
5.58333			-0.114413
5.61667			-0.114021
5.65			-0.113633
5.68333			-0.11325
5.71667			-0.112871
5.75			-0.112497
5.78333			-0.112128
5.81667			-0.111762
5.85			-0.111401
5.88333			-0.111044
5.91667			-0.110691
5.95			-0.110342
5.98333			-0.109997
6.01667			-0.109656
6.05			-0.109319
6.08333			-0.108985
6.11667			-0.108656
6.15			-0.10833
6.18333			-0.108007
6.21667			-0.107688
6.25			-0.107373
6.28333			-0.10706
6.31667			-0.106752
6.35			-0.106446
6.38333			-0.106144
6.41667			-0.105845
6.45			-0.105549
6.48333			-0.105256
6.51667			-0.104967
6.55			-0.10468
6.58333			-0.104396
6.61667			-0.104115
6.65			-0.103837
6.68333			-0.103562
6.71667			-0.10329
6.75			-0.10302
6.78333			-0.102753
6.81667			-0.102489
6.85			-0.102227
6.88333			-0.101968
6.91667			-0.101712
6.95			-0.101457
6.98333			-0.101206
7.01667			-0.100957
7.05			-0.10071
7.08333			-0.100466
7.11667			-0.100224
7.15			-0.099984
7.18333			-0.0997465
7.21667			-0.0995113
7.25			-0.0992782
7.28333			-0.0990474
7.31667			-0.0988187
7.35			-0.0985921
7.38333			-0.0983675
7.41667			-0.0981451
7.45			-0.0979246
7.48333			-0.0977062
7.51667			-0.0974897
7.55			-0.0972752
7.58333			-0.0970626
7.61667			-0.0968519
7.65			-0.0966431
7.68333			-0.0964361
7.71667			-0.096231
7.75			-0.0960276
7.78333			-0.095826
7.81667			-0.0956261
7.85			-0.095428
7.88333			-0.0952316
7.91667			-0.0950369
7.95			-0.0948438
7.98333			-0.0946524
8.01667			-0.0944626
8.05			-0.0942744
8.08333			-0.0940878
8.11667			-0.0939027
8.15			-0.0937192
8.18333			-0.0935372
8.21667			-0.0933567
8.25			-0.0931777
8.28333			-0.0930001
8.31667			-0.092824
8.35			-0.0926494
8.38333			-0.0924761
8.41667			-0.0923043
8.45			-0.0921338
8.48333			-0.0919647
8.51667			-0.0917969
8.55			-0.0916305
8.58333			-0.0914654
8.61667			-0.0913016
8.65			-0.091139
8.68333			-0.0909778
8.71667			-0.0908178
8.75			-0.090659
8.78333			-0.0905014
8.81667			-0.0903451
8.85			-0.09019
8.88333			-0.090036
8.91667			-0.0898833
8.95			-0.0897316
8.98333			-0.0895812
9.01667			-0.0894318
9.05			-0.0892836
9.08333			-0.0891365
9.11667			-0.0889905
9.15			-0.0888455
9.18333			-0.0887016
9.21667			-0.0885588
9.25			-0.0884171
9.28333			-0.0882763
9.31667			-0.0881366
9.35			-0.0879979
9.38333			-0.0878603
9.41667			-0.0877236
9.45			-0.0875878
9.48333			-0.0874531
9.51667			-0.0873193
9.55			-0.0871865
9.58333			-0.0870546
9.61667			-0.0869236
9.65			-0.0867936
9.68333			-0.0866644
9.71667			-0.0865362
9.75			-0.0864088
9.78333			-0.0862824
9.81667			-0.0861568
9.85			-0.086032
9.88333			-0.0859082
9.91667			-0.0857852
9.95			-0.085663
9.98333			-0.0855416
10.0167			-0.0854211
10.05			-0.0853013
10.0833			-0.0851824
10.1167			-0.0850643
10.15			-0.084947
10.1833			-0.0848304
10.2167			-0.0847146
10.25			-0.0845996
10.2833			-0.0844854
10.3167			-0.0843719
10.35			-0.0842591
10.3833			-0.0841471
10.4167			-0.0840358
10.45			-0.0839252
10.4833			-0.0838153
10.5167			-0.0837062
10.55			-0.0835977
10.5833			-0.0834899
10.6167			-0.0833829
10.65			-0.0832765
10.6833			-0.0831707
10.7167			-0.0830657
10.75			-0.0829613
10.7833			-0.0828576
10.8167			-0.0827545
10.85			-0.082652
10.8833			-0.0825502
10.9167			-0.0824491
10.95			-0.0823485
10.9833			-0.0822486
11.0167			-0.0821493
11.05			-0.0820506
11.0833			-0.0819525
11.1167			-0.081855
11.15			-0.0817581
11.1833			-0.0816617
11.2167			-0.081566
11.25			-0.0814708
11.2833			-0.0813762
11.3167			-0.0812822
11.35			-0.0811887
11.3833			-0.0810958
11.4167			-0.0810035
11.45			-0.0809116
11.4833			-0.0808204
11.5167			-0.0807296
11.55			-0.0806394
11.5833			-0.0805497
11.6167			-0.0804606
11.65			-0.0803719
11.6833			-0.0802838
11.7167			-0.0801962
11.75			-0.0801091
11.7833			-0.0800225
11.8167			-0.0799363
11.85			-0.0798507
11.8833			-0.0797656
11.9167			-0.0796809
11.95			-0.0795967
11.9833			-0.079513
12.0167			-0.0794298
12.05			-0.079347
12.0833			-0.0792647
12.1167			-0.0791829
12.15			-0.0791015
12.1833			-0.0790206
12.2167			-0.0789401
12.25			-0.0788601
12.2833			-0.0787805
12.3167			-0.0787013
12.35			-0.0786226
12.3833			-0.0785443
12.4167			-0.0784664
12.45			-0.078389
12.4833			-0.0783119
12.5167			-0.0782353
12.55			-0.0781591
12.5833			-0.0780833
12.6167			-0.0780079
12.65			-0.077933
12.6833			-0.0778584
12.7167			-0.0777842
12.75			-0.0777104
12.7833			-0.077637
12.8167			-0.077564
12.85			-0.0774914
12.8833			-0.0774191
12.9167			-0.0773472
12.95			-0.0772757
12.9833			-0.0772046
13.0167			-0.0771339
13.05			-0.0770635
13.0833			-0.0769935
13.1167			-0.0769238
13.15			-0.0768545
13.1833			-0.0767855
13.2167			-0.0767169
13.25			-0.0766487
13.2833			-0.0765808
13.3167			-0.0765132
13.35			-0.076446
13.3833			-0.0763792
13.4167			-0.0763126
13.45			-0.0762464
13.4833			-0.0761805
13.5167			-0.076115
13.55			-0.0760498
13.5833			-0.0759849
13.6167			-0.0759203
13.65			-0.0758561
13.6833			-0.0757922
13.7167			-0.0757285
13.75			-0.0756652
13.7833			-0.0756022
13.8167			-0.0755396
13.85			-0.0754772
13.8833			-0.0754151
13.9167			-0.0753533
13.95			-0.0752919
13.9833			-0.0752307
14.0167			-0.0751698
14.05			-0.0751092
14.0833			-0.0750489
14.1167			-0.0749889
14.15			-0.0749292
14.1833			-0.0748697
14.2167			-0.0748106
14.25			-0.0747517
14.2833			-0.0746931
14.3167			-0.0746348
14.35			-0.0745767
14.3833			-0.0745189
14.4167			-0.0744614
14.45			-0.0744042
14.4833			-0.0743472
14.5167			-0.0742905
14.55			-0.0742341
14.5833			-0.0741779
14.6167			-0.074122
14.65			-0.0740663
14.6833			-0.0740109
14.7167			-0.0739558
14.75			-0.0739009
14.7833			-0.0738462
14.8167			-0.0737918
14.85			-0.0737377
14.8833			-0.0736838
14.9167			-0.0736301
14.95			-0.0735767
14.9833			-0.0735235
15.0167			-0.0734706
15.05			-0.0734179
15.0833			-0.0733654
15.1167			-0.0733132
15.15			-0.0732612
15.1833			-0.0732094
15.2167			-0.0731578
15.25			-0.0731065
15.2833			-0.0730554
15.3167			-0.0730046
15.35			-0.072954
15.3833			-0.0729035
15.4167			-0.0728533
15.45			-0.0728034
15.4833			-0.0727536
15.5167			-0.0727041
15.55			-0.0726548
15.5833			-0.0726056
15.6167			-0.0725567
15.65			-0.0725081
15.6833			-0.0724596
15.7167			-0.0724113
15.75			-0.0723632
15.7833			-0.0723154
15.8167			-0.0722677
15.85			-0.0722203
15.8833			-0.072173
15.9167			-0.072126
15.95			-0.0720791
15.9833			-0.0720325
16.0167			-0.071986
16.05			-0.0719398
16.0833			-0.0718937
16.1167			-0.0718478
16.15			-0.0718021
16.1833			-0.0717567
16.2167			-0.0717114
16.25			-0.0716662
16.2833			-0.0716213
16.3167			-0.0715766
16.35			-0.071532
16.3833			-0.0714876
16.4167			-0.0714434
16.45			-0.0713994
16.4833			-0.0713556
16.5167			-0.071312
16.55			-0.0712685
16.5833			-0.0712252
16.6167			-0.0711821
16.65			-0.0711391
16.6833			-0.0710964
16.7167			-0.0710538
16.75			-0.0710113
16.7833			-0.0709691
16.8167			-0.070927
16.85			-0.0708851
16.8833			-0.0708433
16.9167			-0.0708017
16.95			-0.0707603
16.9833			-0.0707191
17.0167			-0.070678
17.05			-0.070637
17.0833			-0.0705963
17.1167			-0.0705557
17.15			-0.0705152
17.1833			-0.0704749
17.2167			-0.0704348
17.25			-0.0703948
17.2833			-0.070355
17.3167			-0.0703153
17.35			-0.0702758
17.3833			-0.0702365
17.4167			-0.0701973
17.45			-0.0701582
17.4833			-0.0701193
17.5167			-0.0700806
17.55			-0.070042
17.5833			-0.0700035
17.6167			-0.0699652
17.65			-0.069927
17.6833			-0.069889
17.7167			-0.0698511
17.75			-0.0698134
17.7833			-0.0697758
17.8167			-0.0697384
17.85			-0.0697011
17.8833			-0.0696639
17.9167			-0.0696269
17.95			-0.06959
17.9833			-0.0695533
18.0167			-0.0695167
18.05			-0.0694802
18.0833			-0.0694439
18.1167			-0.0694077
18.15			-0.0693716
18.1833			-0.0693357
18.2167			-0.0692999
18.25			-0.0692642
18.2833			-0.0692287
18.3167			-0.0691933
18.35			-0.069158
18.3833			-0.0691229
18.4167			-0.0690879
18.45			-0.069053
18.4833			-0.0690182
18.5167			-0.0689836
18.55			-0.0689491
18.5833			-0.0689147
18.6167			-0.0688804
18.65			-0.0688463
18.6833			-0.0688123
18.7167			-0.0687784
18.75			-0.0687446
18.7833			-0.068711
18.8167			-0.0686775
18.85			-0.0686441
18.8833			-0.0686108
18.9167			-0.0685776
18.95			-0.0685446
18.9833			-0.0685116
19.0167			-0.0684788
19.05			-0.0684461
19.0833			-0.0684135
19.1167			-0.0683811
19.15			-0.0683487
19.1833			-0.0683165
19.2167			-0.0682843
19.25			-0.0682523
19.2833			-0.0682204
19.3167			-0.0681886
19.35			-0.0681569
19.3833			-0.0681254
19.4167			-0.0680939
19.45			-0.0680626
19.4833			-0.0680313
19.5167			-0.0680002
19.55			-0.0679691
19.5833			-0.0679382
19.6167			-0.0679074
19.65			-0.0678767
19.6833			-0.0678461
19.7167			-0.0678156
19.75			-0.0677852
19.7833			-0.0677549
19.8167			-0.0677247
19.85			-0.0676946
19.8833			-0.0676646
19.9167			-0.0676347
19.95			-0.067605
19.9833			-0.0675753
20.0167			-0.0675457
20.05			-0.0675162
20.0833			-0.0674868
20.1167			-0.0674575
20.15			-0.0674283
20.1833			-0.0673993
20.2167			-0.0673703
20.25			-0.0673414
20.2833			-0.0673126
20.3167			-0.0672838
20.35			-0.0672552
20.3833			-0.0672267
20.4167			-0.0671983
20.45			-0.06717
20.4833			-0.0671417
20.5167			-0.0671136
20.55			-0.0670855
20.5833			-0.0670576
20.6167			-0.0670297
20.65			-0.0670019
20.6833			-0.0669742
20.7167			-0.0669466
20.75			-0.0669191
20.7833			-0.0668917
20.8167			-0.0668644
20.85			-0.0668371
20.8833			-0.06681
20.9167			-0.0667829
20.95			-0.0667559
20.9833			-0.066729
21.0167			-0.0667022
21.05			-0.0666755
21.0833			-0.0666489
21.1167			-0.0666223
21.15			-0.0665958
21.1833			-0.0665695
21.2167			-0.0665432
21.25			-0.0665169
21.2833			-0.0664908
21.3167			-0.0664648
21.35			-0.0664388
21.3833			-0.0664129
21.4167			-0.0663871
21.45			-0.0663614
21.4833			-0.0663357
21.5167			-0.0663102
21.55			-0.0662847
21.5833			-0.0662593
21.6167			-0.066234
21.65			-0.0662087
21.6833			-0.0661835
21.7167			-0.0661585
21.75			-0.0661334
21.7833			-0.0661085
21.8167			-0.0660836
21.85			-0.0660589
21.8833			-0.0660342
21.9167			-0.0660095
21.95			-0.065985
21.9833			-0.0659605
22.0167			-0.0659361
22.05			-0.0659118
22.0833			-0.0658875
22.1167			-0.0658633
22.15			-0.0658392
22.1833			-0.0658152
22.2167			-0.0657912
22.25			-0.0657673
22.2833			-0.0657435
22.3167			-0.0657198
22.35			-0.0656961
22.3833			-0.0656725
22.4167			-0.065649
22.45			-0.0656255
22.4833			-0.0656021
22.5167			-0.0655788
22.55			-0.0655555
22.5833			-0.0655323
22.6167			-0.0655092
22.65			-0.0654862
22.6833			-0.0654632
22.7167			-0.0654403
22.75			-0.0654175
22.7833			-0.0653947
22.8167			-0.065372
22.85			-0.0653493
22.8833			-0.0653268
22.9167			-0.0653043
22.95			-0.0652818
22.9833			-0.0652594
23.0167			-0.0652371
23.05			-0.0652149
23.0833			-0.0651927
23.1167			-0.0651706
23.15			-0.0651485
23.1833			-0.0651266
23.2167			-0.0651046
23.25			-0.0650828
23.2833			-0.065061
23.3167			-0.0650392
23.35			-0.0650176
23.3833			-0.064996
23.4167			-0.0649744
23.45			-0.0649529
23.4833			-0.0649315
23.5167			-0.0649101
23.55			-0.0648888
23.5833			-0.0648676
23.6167			-0.0648464
23.65			-0.0648253
23.6833			-0.0648042
23.7167			-0.0647832
23.75			-0.0647623
23.7833			-0.0647414
23.8167			-0.0647206
23.85			-0.0646998
23.8833			-0.0646791
23.9167			-0.0646585
23.95			-0.0646379
23.9833			-0.0646174
24.0167			-0.0645969
24.05			-0.0645765
24.0833			-0.0645561
24.1167			-0.0645358
24.15			-0.0645156
24.1833			-0.0644954
24.2167			-0.0644752
24.25			-0.0644551
24.2833			-0.0644351
24.3167			-0.0644152
24.35			-0.0643952
24.3833			-0.0643754
24.4167			-0.0643556
24.45			-0.0643358
24.4833			-0.0643161
24.5167			-0.0642965
24.55			-0.0642769
24.5833			-0.0642574
24.6167			-0.0642379
24.65			-0.0642185
24.6833			-0.0641991
24.7167			-0.0641798
24.75			-0.0641605
24.7833			-0.0641413
24.8167			-0.0641221
24.85			-0.064103
24.8833			-0.064084
24.9167			-0.064065
24.95			-0.064046
24.9833			-0.0640271
25.0167			-0.0640082
25.05			-0.0639894
25.0833			-0.0639707
25.1167			-0.063952
25.15			-0.0639333
25.1833			-0.0639147
25.2167			-0.0638962
25.25			-0.0638777
25.2833			-0.0638592
25.3167			-0.0638408
25.35			-0.0638224
25.3833			-0.0638041
25.4167			-0.0637859
25.45			-0.0637676
25.4833			-0.0637495
25.5167			-0.0637314
25.55			-0.0637133
25.5833			-0.0636953
25.6167			-0.0636773
25.65			-0.0636594
25.6833			-0.0636415
25.7167			-0.0636237
25.75			-0.0636059
25.7833			-0.0635881
25.8167			-0.0635704
25.85			-0.0635528
25.8833			-0.0635352
25.9167			-0.0635176
25.95			-0.0635001
25.9833			-0.0634826
26.0167			-0.0634652
26.05			-0.0634478
26.0833			-0.0634305
26.1167			-0.0634132
26.15			-0.063396
26.1833			-0.0633788
26.2167			-0.0633616
26.25			-0.0633445
26.2833			-0.0633274
26.3167			-0.0633104
26.35			-0.0632934
26.3833			-0.0632765
26.4167			-0.0632596
26.45			-0.0632428
26.4833			-0.063226
26.5167			-0.0632092
26.55			-0.0631925
26.5833			-0.0631758
26.6167			-0.0631591
26.65			-0.0631426
26.6833			-0.063126
26.7167			-0.0631095
26.75			-0.063093
26.7833			-0.0630766
26.8167			-0.0630602
26.85			-0.0630438
26.8833			-0.0630275
26.9167			-0.0630113
26.95			-0.062995
26.9833			-0.0629789
27.0167			-0.0629627
27.05			-0.0629466
27.0833			-0.0629305
27.1167			-0.0629145
27.15			-0.0628985
27.1833			-0.0628826
27.2167			-0.0628667
27.25			-0.0628508
27.2833			-0.062835
27.3167			-0.0628192
27.35			-0.0628034
27.3833			-0.0627877
27.4167			-0.0627721
27.45			-0.0627564
27.4833			-0.0627408
27.5167			-0.0627253
27.55			-0.0627097
27.5833			-0.0626943
27.6167			-0.0626788
27.65			-0.0626634
27.6833			-0.062648
27.7167			-0.0626327
27.75			-0.0626174
27.7833			-0.0626021
27.8167			-0.0625869
27.85			-0.0625717
27.8833			-0.0625566
27.9167			-0.0625415
27.95			-0.0625264
27.9833			-0.0625114
28.0167			-0.0624964
28.05			-0.0624814
28.0833			-0.0624665
28.1167			-0.0624516
28.15			-0.0624367
28.1833			-0.0624219
28.2167			-0.0624071
28.25			-0.0623923
28.2833			-0.0623776
28.3167			-0.0623629
28.35			-0.0623483
28.3833			-0.0623336
28.4167			-0.0623191
28.45			-0.0623045
28.4833			-0.06229
28.5167			-0.0622755
28.55			-0.0622611
28.5833			-0.0622467
28.6167			-0.0622323
28.65			-0.062218
28.6833			-0.0622036
28.7167			-0.0621894
28.75			-0.0621751
28.7833			-0.0621609
28.8167			-0.0621467
28.85			-0.0621326
28.8833			-0.0621185
28.9167			-0.0621044
28.95			-0.0620904
28.9833			-0.0620764
29.0167			-0.0620624
29.05			-0.0620484
29.0833			-0.0620345
29.1167			-0.0620206
29.15			-0.0620068
29.1833			-0.061993
29.2167			-0.0619792
29.25			-0.0619654
29.2833			-0.0619517
29.3167			-0.061938
29.35			-0.0619243
29.3833			-0.0619107
29.4167			-0.0618971
29.45			-0.0618835
29.4833			-0.06187
29.5167			-0.0618565
29.55			-0.061843
29.5833			-0.0618296
29.6167			-0.0618162
29.65			-0.0618028
29.6833			-0.0617894
29.7167			-0.0617761
29.75			-0.0617628
29.7833			-0.0617495
29.8167			-0.0617363
29.85			-0.0617231
29.8833			-0.0617099
29.9167			-0.0616968
29.95			-0.0616837
29.9833			-0.0616706
30.0167			-0.0616575
30.05			-0.0616445
30.0833			-0.0616315
30.1167			-0.0616185
30.15			-0.0616056
30.1833			-0.0615927
30.2167			-0.0615798
30.25			-0.0615669
30.2833			-0.0615541
30.3167			-0.0615413
30.35			-0.0615285
30.3833			-0.0615158
30.4167			-0.0615031
30.45			-0.0614904
30.4833			-0.0614777
30.5167			-0.0614651
30.55			-0.0614525
30.5833			-0.0614399
30.6167			-0.0614274
30.65			-0.0614149
30.6833			-0.0614024
30.7167			-0.0613899
30.75			-0.0613775
30.7833			-0.0613651
30.8167			-0.0613527
30.85			-0.0613403
30.8833			-0.061328
30.9167			-0.0613157
30.95			-0.0613034
30.9833			-0.0612912
31.0167			-0.0612789
31.05			-0.0612667
31.0833			-0.0612546
31.1167			-0.0612424
31.15			-0.0612303
31.1833			-0.0612182
31.2167			-0.0612062
31.25			-0.0611941
31.2833			-0.0611821
31.3167			-0.0611701
31.35			-0.0611582
31.3833			-0.0611462
31.4167			-0.0611343
31.45			-0.0611224
31.4833			-0.0611106
31.5167			-0.0610987
31.55			-0.0610869
31.5833			-0.0610751
31.6167			-0.0610634
31.65			-0.0610516
31.6833			-0.0610399
31.7167			-0.0610282
31.75			-0.0610166
31.7833			-0.061005
31.8167			-0.0609933
31.85			-0.0609818
31.8833			-0.0609702
31.9167			-0.0609587
31.95			-0.0609471
31.9833			-0.0609356
32.0167			-0.0609242
32.05			-0.0609127
32.0833			-0.0609013
32.1167			-0.0608899
32.15			-0.0608786
32.1833			-0.0608672
32.2167			-0.0608559
32.25			-0.0608446
32.2833			-0.0608333
32.3167			-0.0608221
32.35			-0.0608108
32.3833			-0.0607996
32.4167			-0.0607884
32.45			-0.0607773
32.4833			-0.0607662
32.5167			-0.060755
32.55			-0.060744
32.5833			-0.0607329
32.6167			-0.0607218
32.65			-0.0607108
32.6833			-0.0606998
32.7167			-0.0606888
32.75			-0.0606779
32.7833			-0.060667
32.8167			-0.060656
32.85			-0.0606452
32.8833			-0.0606343
32.9167			-0.0606234
32.95			-0.0606126
32.9833			-0.0606018
33.0167			-0.0605911
33.05			-0.0605803
33.0833			-0.0605696
33.1167			-0.0605589
33.15			-0.0605482
33.1833			-0.0605375
33.2167			-0.0605269
33.25			-0.0605162
33.2833			-0.0605056
33.3167			-0.060495
33.35			-0.0604845
33.3833			-0.0604739
33.4167			-0.0604634
33.45			-0.0604529
33.4833			-0.0604424
33.5167			-0.060432
33.55			-0.0604216
33.5833			-0.0604111
33.6167			-0.0604008
33.65			-0.0603904
33.6833			-0.06038
33.7167			-0.0603697
33.75			-0.0603594
33.7833			-0.0603491
33.8167			-0.0603388
33.85			-0.0603286
33.8833			-0.0603183
33.9167			-0.0603081
33.95			-0.060298
33.9833			-0.0602878
34.0167			-0.0602776
34.05			-0.0602675
34.0833			-0.0602574
34.1167			-0.0602473
34.15			-0.0602372
34.1833			-0.0602272
34.2167			-0.0602172
34.25			-0.0602072
34.2833			-0.0601972
34.3167			-0.0601872
34.35			-0.0601772
34.3833			-0.0601673
34.4167			-0.0601574
34.45			-0.0601475
34.4833			-0.0601376
34.5167			-0.0601278
34.55			-0.0601179
34.5833			-0.0601081
34.6167			-0.0600983
34.65			-0.0600886
34.6833			-0.0600788
34.7167			-0.0600691
34.75			-0.0600593
34.7833			-0.0600496
34.8167			-0.0600399
34.85			-0.0600303
34.8833			-0.0600206
34.9167			-0.060011
34.95			-0.0600014
34.9833			-0.0599918
35.0167			-0.0599822
35.05			-0.0599727
35.0833			-0.0599631
35.1167			-0.0599536
35.15			-0.0599441
35.1833			-0.0599346
35.2167			-0.0599252
35.25			-0.0599157
35.2833			-0.0599063
35.3167			-0.0598969
35.35			-0.0598875
35.3833			-0.0598781
35.4167			-0.0598688
35.45			-0.0598594
35.4833			-0.0598501
35.5167			-0.0598408
35.55			-0.0598315
35.5833			-0.0598222
35.6167			-0.059813
35.65			-0.0598038
35.6833			-0.0597945
35.7167			-0.0597853
35.75			-0.0597762
35.7833			-0.059767
35.8167			-0.0597579
35.85			-0.0597487
35.8833			-0.0597396
35.9167			-0.0597305
35.95			-0.0597214
35.9833			-0.0597124
36.0167			-0.0597033
36.05			-0.0596943
36.0833			-0.0596853
36.1167			-0.0596763
36.15			-0.0596673
36.1833			-0.0596584
36.2167			-0.0596494
36.25			-0.0596405
36.2833			-0.0596316
36.3167			-0.0596227
36.35			-0.0596138
36.3833			-0.0596049
36.4167			-0.0595961
36.45			-0.0595873
36.4833			-0.0595784
36.5167			-0.0595696
36.55			-0.0595609
36.5833			-0.0595521
36.6167			-0.0595433
36.65			-0.0595346
36.6833			-0.0595259
36.7167			-0.0595172
36.75			-0.0595085
36.7833			-0.0594998
36.8167			-0.0594912
36.85			-0.0594825
36.8833			-0.0594739
36.9167			-0.0594653
36.95			-0.0594567
36.9833			-0.0594481
37.0167			-0.0594396
37.05			-0.059431
37.0833			-0.0594225
37.1167			-0.059414
37.15			-0.0594055
37.1833			-0.059397
37.2167			-0.0593885
37.25			-0.0593801
37.2833			-0.0593717
37.3167			-0.0593632
37.35			-0.0593548
37.3833			-0.0593464
37.4167			-0.0593381
37.45			-0.0593297
37.4833			-0.0593213
37.5167			-0.059313
37.55			-0.0593047
37.5833			-0.0592964
37.6167			-0.0592881
37.65			-0.0592798
37.6833			-0.0592716
37.7167			-0.0592633
37.75			-0.0592551
37.7833			-0.0592469
37.8167			-0.0592387
37.85			-0.0592305
37.8833			-0.0592223
37.9167			-0.0592142
37.95			-0.059206
37.9833			-0.0591979
38.0167			-0.0591898
38.05			-0.0591817
38.0833			-0.0591736
38.1167			-0.0591655
38.15			-0.0591575
38.1833			-0.0591494
38.2167			-0.0591414
38.25			-0.0591334
38.2833			-0.0591254
38.3167			-0.0591174
38.35			-0.0591094
38.3833			-0.0591015
38.4167			-0.0590935
38.45			-0.0590856
38.4833			-0.0590777
38.5167			-0.0590698
38.55			-0.0590619
38.5833			-0.059054
38.6167			-0.0590462
38.65			-0.0590383
38.6833			-0.0590305
38.7167			-0.0590227
38.75			-0.0590149
38.7833			-0.0590071
38.8167			-0.0589993
38.85			-0.0589915
38.8833			-0.0589838
38.9167			-0.058976
38.95			-0.0589683
38.9833			-0.0589606
39.0167			-0.0589529
39.05			-0.0589452
39.0833			-0.0589375
39.1167			-0.0589299
39.15			-0.0589222
39.1833			-0.0589146
39.2167			-0.058907
39.25			-0.0588994
39.2833			-0.0588918
39.3167			-0.0588842
39.35			-0.0588766
39.3833			-0.058869
39.4167			-0.0588615
39.45			-0.058854
39.4833			-0.0588465
39.5167			-0.058839
39.55			-0.0588315
39.5833			-0.058824
39.6167			-0.0588165
39.65			-0.0588091
39.6833			-0.0588016
39.7167			-0.0587942
39.75			-0.0587868
39.7833			-0.0587794
39.8167			-0.058772
39.85			-0.0587646
39.8833			-0.0587572
39.9167			-0.0587499
39.95			-0.0587425
39.9833			-0.0587352
40.0167			-0.0587279
40.05			-0.0587206
40.0833			-0.0587133
40.1167			-0.058706
40.15			-0.0586987
40.1833			-0.0586915
40.2167			-0.0586842
40.25			-0.058677
40.2833			-0.0586698
40.3167			-0.0586626
40.35			-0.0586554
40.3833			-0.0586482
40.4167			-0.058641
40.45			-0.0586339
40.4833			-0.0586267
40.5167			-0.0586196
40.55			-0.0586124
40.5833			-0.0586053
40.6167			-0.0585982
40.65			-0.0585911
40.6833			-0.0585841
40.7167			-0.058577
40.75			-0.0585699
40.7833			-0.0585629
40.8167			-0.0585559
40.85			-0.0585488
40.8833			-0.0585418
40.9167			-0.0585348
40.95			-0.0585278
40.9833			-0.0585209
41.0167			-0.0585139
41.05			-0.058507
41.0833			-0.0585
41.1167			-0.0584931
41.15			-0.0584862
41.1833			-0.0584793
41.2167			-0.0584724
41.25			-0.0584655
41.2833			-0.0584586
41.3167			-0.0584517
41.35			-0.0584449
41.3833			-0.0584381
41.4167			-0.0584312
41.45			-0.0584244
41.4833			-0.0584176
41.5167			-0.0584108
41.55			-0.058404
41.5833			-0.0583972
41.6167			-0.0583905
41.65			-0.0583837
41.6833			-0.058377
41.7167			-0.0583703
41.75			-0.0583635
41.7833			-0.0583568
41.8167			-0.0583501
41.85			-0.0583434
41.8833			-0.0583368
41.9167			-0.0583301
41.95			-0.0583234
41.9833			-0.0583168
42.0167			-0.0583102
42.05			-0.0583035
42.0833			-0.0582969
42.1167			-0.0582903
42.15			-0.0582837
42.1833			-0.0582772
42.2167			-0.0582706
42.25			-0.058264
42.2833			-0.0582575
42.3167			-0.0582509
42.35			-0.0582444
42.3833			-0.0582379
42.4167			-0.0582314
42.45			-0.0582249
42.4833			-0.0582184
42.5167			-0.0582119
42.55			-0.0582054
42.5833			-0.058199
42.6167			-0.0581925
42.65			-0.0581861
42.6833			-0.0581797
42.7167			-0.0581733
42.75			-0.0581669
42.7833			-0.0581605
42.8167			-0.0581541
42.85			-0.0581477
42.8833			-0.0581413
42.9167			-0.058135
42.95			-0.0581286
42.9833			-0.0581223
43.0167			-0.058116
43.05			-0.0581096
43.0833			-0.0581033
43.1167			-0.058097
43.15			-0.0580907
43.1833			-0.0580845
43.2167			-0.0580782
43.25			-0.0580719
43.2833			-0.0580657
43.3167			-0.0580595
43.35			-0.0580532
43.3833			-0.058047
43.4167			-0.0580408
43.45			-0.0580346
43.4833			-0.0580284
43.5167			-0.0580222
43.55			-0.058016
43.5833			-0.0580099
43.6167			-0.0580037
43.65			-0.0579976
43.6833			-0.0579914
43.7167			-0.0579853
43.75			-0.0579792
43.7833			-0.0579731
43.8167			-0.057967
43.85			-0.0579609
43.8833			-0.0579548
43.9167			-0.0579488
43.95			-0.0579427
43.9833			-0.0579367
44.0167			-0.0579306
44.05			-0.0579246
44.0833			-0.0579186
44.1167			-0.0579125
44.15			-0.0579065
44.1833			-0.0579005
44.2167			-0.0578946
44.25			-0.0578886
44.2833			-0.0578826
44.3167			-0.0578766
44.35			-0.0578707
44.3833			-0.0578648
44.4167			-0.0578588
44.45			-0.0578529
44.4833			-0.057847
44.5167			-0.0578411
44.55			-0.0578352
44.5833			-0.0578293
44.6167			-0.0578234
44.65			-0.0578175
44.6833			-0.0578117
44.7167			-0.0578058
44.75			-0.0578
44.7833			-0.0577941
44.8167			-0.0577883
44.85			-0.0577825
44.8833			-0.0577767
44.9167			-0.0577709
44.95			-0.0577651
44.9833			-0.0577593
45.0167			-0.0577535
45.05			-0.0577478
45.0833			-0.057742
45.1167			-0.0577363
45.15			-0.0577305
45.1833			-0.0577248
45.2167			-0.0577191
45.25			-0.0577134
45.2833			-0.0577077
45.3167			-0.057702
45.35			-0.0576963
45.3833			-0.0576906
45.4167			-0.0576849
45.45			-0.0576792
45.4833			-0.0576736
45.5167			-0.0576679
45.55			-0.0576623
45.5833			-0.0576567
45.6167			-0.057651
45.65			-0.0576454
45.6833			-0.0576398
45.7167			-0.0576342
45.75			-0.0576286
45.7833			-0.0576231
45.8167			-0.0576175
45.85			-0.0576119
45.8833			-0.0576064
45.9167			-0.0576008
45.95			-0.0575953
45.9833			-0.0575897
46.0167			-0.0575842
46.05			-0.0575787
46.0833			-0.0575732
46.1167			-0.0575677
46.15			-0.0575622
46.1833			-0.0575567
46.2167			-0.0575512
46.25			-0.0575458
46.2833			-0.0575403
46.3167			-0.0575348
46.35			-0.0575294
46.3833			-0.057524
46.4167			-0.0575185
46.45			-0.0575131
46.4833			-0.0575077
46.5167			-0.0575023
46.55			-0.0574969
46.5833			-0.0574915
46.6167			-0.0574861
46.65			-0.0574807
46.6833			-0.0574754
46.7167			-0.05747
46.75			-0.0574647
46.7833			-0.0574593
46.8167			-0.057454
46.85			-0.0574486
46.8833			-0.0574433
46.9167			-0.057438
46.95			-0.0574327
46.9833			-0.0574274
47.0167			-0.0574221
47.05			-0.0574168
47.0833			-0.0574115
47.1167			-0.0574063
47.15			-0.057401
47.1833			-0.0573958
47.2167			-0.0573905
47.25			-0.0573853
47.2833			-0.05738
47.3167			-0.0573748
47.35			-0.0573696
47.3833			-0.0573644
47.4167			-0.0573592
47.45			-0.057354
47.4833			-0.0573488
47.5167			-0.0573436
47.55			-0.0573385
47.5833			-0.0573333
47.6167			-0.0573281
47.65			-0.057323
47.6833			-0.0573178
47.7167			-0.0573127
47.75			-0.0573076
47.7833			-0.0573025
47.8167			-0.0572973
47.85			-0.0572922
47.8833			-0.0572871
47.9167			-0.057282
47.95			-0.0572769
47.9833			-0.0572719
48.0167			-0.0572668
48.05			-0.0572617
48.0833			-0.0572567
48.1167			-0.0572516
48.15			-0.0572466
48.1833			-0.0572415
48.2167			-0.0572365
48.25			-0.0572315
48.2833			-0.0572265
48.3167			-0.0572215
48.35			-0.0572165
48.3833			-0.0572115
48.4167			-0.0572065
48.45			-0.0572015
48.4833			-0.0571965
48.5167			-0.0571915
48.55			-0.0571866
48.5833			-0.0571816
48.6167			-0.0571767
48.65			-0.0571717
48.6833			-0.0571668
48.7167			-0.0571619
48.75			-0.057157
48.7833			-0.0571521
48.8167			-0.0571471
48.85			-0.0571422
48.8833			-0.0571374
48.9167			-0.0571325
48.95			-0.0571276
48.9833			-0.0571227
49.0167			-0.0571178
49.05			-0.057113
49.0833			-0.0571081
49.1167			-0.0571033
49.15			-0.0570984
49.1833			-0.0570936
49.2167			-0.0570888
49.25			-0.057084
49.2833			-0.0570792
49.3167			-0.0570743
49.35			-0.0570695
49.3833			-0.0570647
49.4167			-0.05706
49.45			-0.0570552
49.4833			-0.0570504
49.5167			-0.0570456
49.55			-0.0570409
49.5833			-0.0570361
49.6167			-0.0570314
49.65			-0.0570266
49.6833			-0.0570219
49.7167			-0.0570172
49.75			-0.0570124
49.7833			-0.0570077
49.8167			-0.057003
49.85			-0.0569983
49.8833			-0.0569936
49.9167			-0.0569889
49.95			-0.0569842
49.9833			-0.0569796
50.0167			-0.0569749
50.05			-0.0569702
50.0833			-0.0569656
50.1167			-0.0569609
50.15			-0.0569563
50.1833			-0.0569516
50.2167			-0.056947
50.25			-0.0569423
50.2833			-0.0569377
50.3167			-0.0569331
50.35			-0.0569285
50.3833			-0.0569239
50.4167			-0.0569193
50.45			-0.0569147
50.4833			-0.0569101
50.5167			-0.0569055
50.55			-0.056901
50.5833			-0.0568964
50.6167			-0.0568918
50.65			-0.0568873
50.6833			-0.0568827
50.7167			-0.0568782
50.75			-0.0568736
50.7833			-0.0568691
50.8167			-0.0568646
50.85			-0.0568601
50.8833			-0.0568555
50.9167			-0.056851
50.95			-0.0568465
50.9833			-0.056842
51.0167			-0.0568375
51.05			-0.0568331
51.0833			-0.0568286
51.1167			-0.0568241
51.15			-0.0568196
51.1833			-0.0568152
51.2167			-0.0568107
51.25			-0.0568063
51.2833			-0.0568018
51.3167			-0.0567974
51.35			-0.056793
51.3833			-0.0567885
51.4167			-0.0567841
51.45			-0.0567797
51.4833			-0.0567753
51.5167			-0.0567709
51.55			-0.0567665
51.5833			-0.0567621
51.6167			-0.0567577
51.65			-0.0567533
51.6833			-0.056749
51.7167			-0.0567446
51.75			-0.0567402
51.7833			-0.0567359
51.8167			-0.0567315
51.85			-0.0567272
51.8833			-0.0567228
51.9167			-0.0567185
51.95			-0.0567142
51.9833			-0.0567098
52.0167			-0.0567055
52.05			-0.0567012
52.0833			-0.0566969
52.1167			-0.0566926
52.15			-0.0566883
52.1833			-0.056684
52.2167			-0.0566797
52.25			-0.0566754
52.2833			-0.0566712
52.3167			-0.0566669
52.35			-0.0566626
52.3833			-0.0566584
52.4167			-0.0566541
52.45			-0.0566499
52.4833			-0.0566456
52.5167			-0.0566414
52.55			-0.0566372
52.5833			-0.0566329
52.6167			-0.0566287
52.65			-0.0566245
52.6833			-0.0566203
52.7167			-0.0566161
52.75			-0.0566119
52.7833			-0.0566077
52.8167			-0.0566035
52.85			-0.0565993
52.8833			-0.0565951
52.9167			-0.056591
52.95			-0.0565868
52.9833			-0.0565826
53.0167			-0.0565785
53.05			-0.0565743
53.0833			-0.0565702
53.1167			-0.056566
53.15			-0.0565619
53.1833			-0.0565578
53.2167			-0.0565536
53.25			-0.0565495
53.2833			-0.0565454
53.3167			-0.0565413
53.35			-0.0565372
53.3833			-0.0565331
53.4167			-0.056529
53.45			-0.0565249
53.4833			-0.0565208
53.5167			-0.0565168
53.55			-0.0565127
53.5833			-0.0565086
53.6167			-0.0565045
53.65			-0.0565005
53.6833			-0.0564964
53.7167			-0.0564924
53.75			-0.0564883
53.7833			-0.0564843
53.8167			-0.0564803
53.85			-0.0564762
53.8833			-0.0564722
53.9167			-0.0564682
53.95			-0.0564642
53.9833			-0.0564602
54.0167			-0.0564562
54.05			-0.0564522
54.0833			-0.0564482
54.1167			-0.0564442
54.15			-0.0564402
54.1833			-0.0564362
54.2167			-0.0564323
54.25			-0.0564283
54.2833			-0.0564243
54.3167			-0.0564204
54.35			-0.0564164
54.3833			-0.0564125
54.4167			-0.0564085
54.45			-0.0564046
54.4833			-0.0564006
54.5167			-0.0563967
54.55			-0.0563928
54.5833			-0.0563889
54.6167			-0.0563849
54.65			-0.056381
54.6833			-0.0563771
54.7167			-0.0563732
54.75			-0.0563693
54.7833			-0.0563654
54.8167			-0.0563616
54.85			-0.0563577
54.8833			-0.0563538
54.9167			-0.0563499
54.95			-0.0563461
54.9833			-0.0563422
55.0167			-0.0563383
55.05			-0.0563345
55.0833			-0.0563306
55.1167			-0.0563268
55.15			-0.0563229
55.1833			-0.0563191
55.2167			-0.0563153
55.25			-0.0563114
55.2833			-0.0563076
55.3167			-0.0563038
55.35			-0.0563
55.3833			-0.0562962
55.4167			-0.0562924
55.45			-0.0562886
55.4833			-0.0562848
55.5167			-0.056281
55.55			-0.0562772
55.5833			-0.0562734
55.6167			-0.0562697
55.65			-0.0562659
55.6833			-0.0562621
55.7167			-0.0562584
55.75			-0.0562546
55.7833			-0.0562509
55.8167			-0.0562471
55.85			-0.0562434
55.8833			-0.0562396
55.9167			-0.0562359
55.95			-0.0562322
55.9833			-0.0562284
56.0167			-0.0562247
56.05			-0.056221
56.0833			-0.0562173
56.1167			-0.0562136
56.15			-0.0562099
56.1833			-0.0562062
56.2167			-0.0562025
56.25			-0.0561988
56.2833			-0.0561951
56.3167			-0.0561914
56.35			-0.0561877
56.3833			-0.0561841
56.4167			-0.0561804
56.45			-0.0561767
56.4833			-0.0561731
56.5167			-0.0561694
56.55			-0.0561658
56.5833			-0.0561621
56.6167			-0.0561585
56.65			-0.0561548
56.6833			-0.0561512
56.7167			-0.0561476
56.75			-0.0561439
56.7833			-0.0561403
56.8167			-0.0561367
56.85			-0.0561331
56.8833			-0.0561295
56.9167			-0.0561259
56.95			-0.0561223
56.9833			-0.0561187
57.0167			-0.0561151
57.05			-0.0561115
57.0833			-0.0561079
57.1167			-0.0561043
57.15			-0.0561008
57.1833			-0.0560972
57.2167			-0.0560936
57.25			-0.0560901
57.2833			-0.0560865
57.3167			-0.056083
57.35			-0.0560794
57.3833			-0.0560759
57.4167			-0.0560723
57.45			-0.0560688
57.4833			-0.0560652
57.5167			-0.0560617
57.55			-0.0560582
57.5833			-0.0560547
57.6167			-0.0560512
57.65			-0.0560476
57.6833			-0.0560441
57.7167			-0.0560406
57.75			-0.0560371
57.7833			-0.0560336
57.8167			-0.0560301
57.85			-0.0560267
57.8833			-0.0560232
57.9167			-0.0560197
57.95			-0.0560162
57.9833			-0.0560127
58.0167			-0.0560093
58.05			-0.0560058
58.0833			-0.0560023
58.1167			-0.0559989
58.15			-0.0559954
58.1833			-0.055992
58.2167			-0.0559885
58.25			-0.0559851
58.2833			-0.0559817
58.3167			-0.0559782
58.35			-0.0559748
58.3833			-0.0559714
58.4167			-0.055968
58.45			-0.0559645
58.4833			-0.0559611
58.5167			-0.0559577
58.55			-0.0559543
58.5833			-0.0559509
58.6167			-0.0559475
58.65			-0.0559441
58.6833			-0.0559407
58.7167			-0.0559373
58.75			-0.055934
58.7833			-0.0559306
58.8167			-0.0559272
58.85			-0.0559238
58.8833			-0.0559205
58.9167			-0.0559171
58.95			-0.0559138
58.9833			-0.0559104
59.0167			-0.055907
59.05			-0.0559037
59.0833			-0.0559004
59.1167			-0.055897
59.15			-0.0558937
59.1833			-0.0558903
59.2167			-0.055887
59.25			-0.0558837
59.2833			-0.0558804
59.3167			-0.0558771
59.35			-0.0558737
59.3833			-0.0558704
59.4167			-0.0558671
59.45			-0.0558638
59.4833			-0.0558605
59.5167			-0.0558572
59.55			-0.0558539
59.5833			-0.0558506
59.6167			-0.0558474
59.65			-0.0558441
59.6833			-0.0558408
59.7167			-0.0558375
59.75			-0.0558343
59.7833			-0.055831
59.8167			-0.0558277
59.85			-0.0558245
59.8833			-0.0558212
59.9167			-0.055818
59.95			-0.0558147
59.9833			-0.0558115
60.0167			-0.0558082
60.05			-0.055805
60.0833			-0.0558018
60.1167			-0.0557985
60.15			-0.0557953
60.1833			-0.0557921
60.2167			-0.0557889
60.25			-0.0557857
60.2833			-0.0557824
60.3167			-0.0557792
60.35			-0.055776
60.3833			-0.0557728
60.4167			-0.0557696
60.45			-0.0557664
60.4833			-0.0557633
60.5167			-0.0557601
60.55			-0.0557569
60.5833			-0.0557537
60.6167			-0.0557505
60.65			-0.0557474
60.6833			-0.0557442
60.7167			-0.055741
60.75			-0.0557379
60.7833			-0.0557347
60.8167			-0.0557315
60.85			-0.0557284
60.8833			-0.0557252
60.9167			-0.0557221
60.95			-0.055719
60.9833			-0.0557158
61.0167			-0.0557127
61.05			-0.0557096
61.0833			-0.0557064
61.1167			-0.0557033
61.15			-0.0557002
61.1833			-0.0556971
61.2167			-0.055694
61.25			-0.0556908
61.2833			-0.0556877
61.3167			-0.0556846
61.35			-0.0556815
61.3833			-0.0556784
61.4167			-0.0556753
61.45			-0.0556723
61.4833			-0.0556692
61.5167			-0.0556661
61.55			-0.055663
61.5833			-0.0556599
61.6167			-0.0556568
61.65			-0.0556538
61.6833			-0.0556507
61.7167			-0.0556476
61.75			-0.0556446
61.7833			-0.0556415
61.8167			-0.0556385
61.85			-0.0556354
61.8833			-0.0556324
61.9167			-0.0556293
61.95			-0.0556263
61.9833			-0.0556233
62.0167			-0.0556202
62.05			-0.0556172
62.0833			-0.0556142
62.1167			-0.0556111
62.15			-0.0556081
62.1833			-0.0556051
62.2167			-0.0556021
62.25			-0.0555991
62.2833			-0.0555961
62.3167			-0.0555931
62.35			-0.0555901
62.3833			-0.0555871
62.4167			-0.0555841
62.45			-0.0555811
62.4833			-0.0555781
62.5167			-0.0555751
62.55			-0.0555721
62.5833			-0.0555691
62.6167			-0.0555662
62.65			-0.0555632
62.6833			-0.0555602
62.7167			-0.0555573
62.75			-0.0555543
62.7833			-0.0555513
62.8167			-0.0555484
62.85			-0.0555454
62.8833			-0.0555425
62.9167			-0.0555395
62.95			-0.0555366
62.9833			-0.0555336
63.0167			-0.0555307
63.05			-0.0555278
63.0833			-0.0555248
63.1167			-0.0555219
63.15			-0.055519
63.1833			-0.0555161
63.2167			-0.0555131
63.25			-0.0555102
63.2833			-0.0555073
63.3167			-0.0555044
63.35			-0.0555015
63.3833			-0.0554986
63.4167			-0.0554957
63.45			-0.0554928
63.4833			-0.0554899
63.5167			-0.055487
63.55			-0.0554841
63.5833			-0.0554812
63.6167			-0.0554784
63.65			-0.0554755
63.6833			-0.0554726
63.7167			-0.0554697
63.75			-0.0554669
63.7833			-0.055464
63.8167			-0.0554611
63.85			-0.0554583
63.8833			-0.0554554
63.9167			-0.0554526
63.95			-0.0554497
63.9833			-0.0554468
64.0167			-0.055444
64.05			-0.0554412
64.0833			-0.0554383
64.1167			-0.0554355
64.15			-0.0554326
64.1833			-0.0554298
64.2167			-0.055427
64.25			-0.0554242
64.2833			-0.0554213
64.3167			-0.0554185
64.35			-0.0554157
64.3833			-0.0554129
64.4167			-0.0554101
64.45			-0.0554073
64.4833			-0.0554045
64.5167			-0.0554017
64.55			-0.0553989
64.5833			-0.0553961
64.6167			-0.0553933
64.65			-0.0553905
64.6833			-0.0553877
64.7167			-0.0553849
64.75			-0.0553821
64.7833			-0.0553793
64.8167			-0.0553766
64.85			-0.0553738
64.8833			-0.055371
64.9167			-0.0553683
64.95			-0.0553655
64.9833			-0.0553627
65.0167			-0.05536
65.05			-0.0553572
65.0833			-0.0553545
65.1167			-0.0553517
65.15			-0.055349
65.1833			-0.0553462
65.2167			-0.0553435
65.25			-0.0553407
65.2833			-0.055338
65.3167			-0.0553353
65.35			-0.0553325
65.3833			-0.0553298
65.4167			-0.0553271
65.45			-0.0553244
65.4833			-0.0553216
65.5167			-0.0553189
65.55			-0.0553162
65.5833			-0.0553135
65.6167			-0.0553108
65.65			-0.0553081
65.6833			-0.0553054
65.7167			-0.0553027
65.75			-0.0553
65.7833			-0.0552973
65.8167			-0.0552946
65.85			-0.0552919
65.8833			-0.0552892
65.9167			-0.0552865
65.95			-0.0552838
65.9833			-0.0552812
66.0167			-0.0552785
66.05			-0.0552758
66.0833			-0.0552731
66.1167			-0.0552705
66.15			-0.0552678
66.1833			-0.0552652
66.2167			-0.0552625
66.25			-0.0552598
66.2833			-0.0552572
66.3167			-0.0552545
66.35			-0.0552519
66.3833			-0.0552492
66.4167			-0.0552466
66.45			-0.0552439
66.4833			-0.0552413
66.5167			-0.0552387
66.55			-0.055236
66.5833			-0.0552334
66.6167			-0.0552308
66.65			-0.0552282
66.6833			-0.0552255
66.7167			-0.0552229
66.75			-0.0552203
66.7833			-0.0552177
66.8167			-0.0552151
66.85			-0.0552125
66.8833			-0.0552099
66.9167			-0.0552073
66.95			-0.0552047
66.9833			-0.0552021
67.0167			-0.0551995
67.05			-0.0551969
67.0833			-0.0551943
67.1167			-0.0551917
67.15			-0.0551891
67.1833			-0.0551865
67.2167			-0.0551839
67.25			-0.0551814
67.2833			-0.0551788
67.3167			-0.0551762
67.35			-0.0551736
67.3833			-0.0551711
67.4167			-0.0551685
67.45			-0.0551659
67.4833			-0.0551634
67.5167			-0.0551608
67.55			-0.0551583
67.5833			-0.0551557
67.6167			-0.0551532
67.65			-0.0551506
67.6833			-0.0551481
67.7167			-0.0551455
67.75			-0.055143
67.7833			-0.0551404
67.8167			-0.0551379
67.85			-0.0551354
67.8833			-0.0551328
67.9167			-0.0551303
67.95			-0.0551278
67.9833			-0.0551253
68.0167			-0.0551227
68.05			-0.0551202
68.0833			-0.0551177
68.1167			-0.0551152
68.15			-0.0551127
68.1833			-0.0551102
68.2167			-0.0551077
68.25			-0.0551052
68.2833			-0.0551027
68.3167			-0.0551002
68.35			-0.0550977
68.3833			-0.0550952
68.4167			-0.0550927
68.45			-0.0550902
68.4833			-0.0550877
68.5167			-0.0550852
68.55			-0.0550828
68.5833			-0.0550803
68.6167			-0.0550778
68.65			-0.0550753
68.6833			-0.0550729
68.7167			-0.0550704
68.75			-0.0550679
68.7833			-0.0550655
68.8167			-0.055063
68.85			-0.0550605
68.8833			-0.0550581
68.9167			-0.0550556
68.95			-0.0550532
68.9833			-0.0550507
69.0167			-0.0550483
69.05			-0.0550458
69.0833			-0.0550434
69.1167			-0.0550409
69.15			-0.0550385
69.1833			-0.0550361
69.2167			-0.0550336
69.25			-0.0550312
69.2833			-0.0550288
69.3167			-0.0550264
69.35			-0.0550239
69.3833			-0.0550215
69.4167			-0.0550191
69.45			-0.0550167
69.4833			-0.0550143
69.5167			-0.0550118
69.55			-0.0550094
69.5833			-0.055007
69.6167			-0.0550046
69.65			-0.0550022
69.6833			-0.0549998
69.7167			-0.0549974
69.75			-0.054995
69.7833			-0.0549926
69.8167			-0.0549902
69.85			-0.0549878
69.8833			-0.0549855
69.9167			-0.0549831
69.95			-0.0549807
69.9833			-0.0549783
70.0167			-0.0549759
70.05			-0.0549736
70.0833			-0.0549712
70.1167			-0.0549688
70.15			-0.0549664
70.1833			-0.0549641
70.2167			-0.0549617
70.25			-0.0549593
70.2833			-0.054957
70.3167			-0.0549546
70.35			-0.0549523
70.3833			-0.0549499
70.4167			-0.0549476
70.45			-0.0549452
70.4833			-0.0549429
70.5167			-0.0549405
70.55			-0.0549382
70.5833			-0.0549359
70.6167			-0.0549335
70.65			-0.0549312
70.6833			-0.0549288
70.7167			-0.0549265
70.75			-0.0549242
70.7833			-0.0549219
70.8167			-0.0549195
70.85			-0.0549172
70.8833			-0.0549149
70.9167			-0.0549126
70.95			-0.0549103
70.9833			-0.0549079
71.0167			-0.0549056
71.05			-0.0549033
71.0833			-0.054901
71.1167			-0.0548987
71.15			-0.0548964
71.1833			-0.0548941
71.2167			-0.0548918
71.25			-0.0548895
71.2833			-0.0548872
71.3167			-0.0548849
71.35			-0.0548826
71.3833			-0.0548804
71.4167			-0.0548781
71.45			-0.0548758
71.4833			-0.0548735
71.5167			-0.0548712
71.55			-0.0548689
71.5833			-0.0548667
71.6167			-0.0548644
71.65			-0.0548621
71.6833			-0.0548599
71.7167			-0.0548576
71.75			-0.0548553
71.7833			-0.0548531
71.8167			-0.0548508
71.85			-0.0548486
71.8833			-0.0548463
71.9167			-0.054844
71.95			-0.0548418
71.9833			-0.0548395
72.0167			-0.0548373
72.05			-0.0548351
72.0833			-0.0548328
72.1167			-0.0548306
72.15			-0.0548283
72.1833			-0.0548261
72.2167			-0.0548239
72.25			-0.0548216
72.2833			-0.0548194
72.3167			-0.0548172
72.35			-0.0548149
72.3833			-0.0548127
72.4167			-0.0548105
72.45			-0.0548083
72.4833			-0.0548061
72.5167			-0.0548038
72.55			-0.0548016
72.5833			-0.0547994
72.6167			-0.0547972
72.65			-0.054795
72.6833			-0.0547928
72.7167			-0.0547906
72.75			-0.0547884
72.7833			-0.0547862
72.8167			-0.054784
72.85			-0.0547818
72.8833			-0.0547796
72.9167			-0.0547774
72.95			-0.0547752
72.9833			-0.054773
73.0167			-0.0547708
73.05			-0.0547687
73.0833			-0.0547665
73.1167			-0.0547643
73.15			-0.0547621
73.1833			-0.0547599
73.2167			-0.0547578
73.25			-0.0547556
73.2833			-0.0547534
73.3167			-0.0547513
73.35			-0.0547491
73.3833			-0.0547469
73.4167			-0.0547448
73.45			-0.0547426
73.4833			-0.0547404
73.5167			-0.0547383
73.55			-0.0547361
73.5833			-0.054734
73.6167			-0.0547318
73.65			-0.0547297
73.6833			-0.0547275
73.7167			-0.0547254
73.75			-0.0547232
73.7833			-0.0547211
73.8167			-0.054719
73.85			-0.0547168
73.8833			-0.0547147
73.9167			-0.0547126
73.95			-0.0547104
73.9833			-0.0547083
74.0167			-0.0547062
74.05			-0.054704
74.0833			-0.0547019
74.1167			-0.0546998
74.15			-0.0546977
74.1833			-0.0546956
74.2167			-0.0546935
74.25			-0.0546913
74.2833			-0.0546892
74.3167			-0.0546871
74.35			-0.054685
74.3833			-0.0546829
74.4167			-0.0546808
74.45			-0.0546787
74.4833			-0.0546766
74.5167			-0.0546745
74.55			-0.0546724
74.5833			-0.0546703
74.6167			-0.0546682
74.65			-0.0546661
74.6833			-0.054664
74.7167			-0.0546619
74.75			-0.0546599
74.7833			-0.0546578
74.8167			-0.0546557
74.85			-0.0546536
74.8833			-0.0546515
74.9167			-0.0546495
74.95			-0.0546474
74.9833			-0.0546453
75.0167			-0.0546432
75.05			-0.0546412
75.0833			-0.0546391
75.1167			-0.054637
75.15			-0.054635
75.1833			-0.0546329
75.2167			-0.0546309
75.25			-0.0546288
75.2833			-0.0546267
75.3167			-0.0546247
75.35			-0.0546226
75.3833			-0.0546206
75.4167			-0.0546185
75.45			-0.0546165
75.4833			-0.0546144
75.5167			-0.0546124
75.55			-0.0546104
75.5833			-0.0546083
75.6167			-0.0546063
75.65			-0.0546043
75.6833			-0.0546022
75.7167			-0.0546002
75.75			-0.0545982
75.7833			-0.0545961
75.8167			-0.0545941
75.85			-0.0545921
75.8833			-0.05459
75.9167			-0.054588
75.95			-0.054586
75.9833			-0.054584
76.0167			-0.054582
76.05			-0.05458
76.0833			-0.0545779
76.1167			-0.0545759
76.15			-0.0545739
76.1833			-0.0545719
76.2167			-0.0545699
76.25			-0.0545679
76.2833			-0.0545659
76.3167			-0.0545639
76.35			-0.0545619
76.3833			-0.0545599
76.4167			-0.0545579
76.45			-0.0545559
76.4833			-0.0545539
76.5167			-0.0545519
76.55			-0.05455
76.5833			-0.054548
76.6167			-0.054546
76.65			-0.054544
76.6833			-0.054542
76.7167			-0.05454
76.75			-0.0545381
76.7833			-0.0545361
76.8167			-0.0545341
76.85			-0.0545321
76.8833			-0.0545302
76.9167			-0.0545282
76.95			-0.0545262
76.9833			-0.0545243
77.0167			-0.0545223
77.05			-0.0545203
77.0833			-0.0545184
77.1167			-0.0545164
77.15			-0.0545145
77.1833			-0.0545125
77.2167			-0.0545106
77.25			-0.0545086
77.2833			-0.0545066
77.3167			-0.0545047
77.35			-0.0545028
77.3833			-0.0545008
77.4167			-0.0544989
77.45			-0.0544969
77.4833			-0.054495
77.5167			-0.054493
77.55			-0.0544911
77.5833			-0.0544892
77.6167			-0.0544872
77.65			-0.0544853
77.6833			-0.0544834
77.7167			-0.0544814
77.75			-0.0544795
77.7833			-0.0544776
77.8167			-0.0544757
77.85			-0.0544737
77.8833			-0.0544718
77.9167			-0.0544699
77.95			-0.054468
77.9833			-0.0544661
78.0167			-0.0544642
78.05			-0.0544622
78.0833			-0.0544603
78.1167			-0.0544584
78.15			-0.0544565
78.1833			-0.0544546
78.2167			-0.0544527
78.25			-0.0544508
78.2833			-0.0544489
78.3167			-0.054447
78.35			-0.0544451
78.3833			-0.0544432
78.4167			-0.0544413
78.45			-0.0544394
78.4833			-0.0544375
78.5167			-0.0544356
78.55			-0.0544338
78.5833			-0.0544319
78.6167			-0.05443
78.65			-0.0544281
78.6833			-0.0544262
78.7167			-0.0544243
78.75			-0.0544225
78.7833			-0.0544206
78.8167			-0.0544187
78.85			-0.0544168
78.8833			-0.054415
78.9167			-0.0544131
78.95			-0.0544112
78.9833			-0.0544094
79.0167			-0.0544075
79.05			-0.0544056
79.0833			-0.0544038
79.1167			-0.0544019
79.15			-0.0544
79.1833			-0.0543982
79.2167			-0.0543963
79.25			-0.0543945
79.2833			-0.0543926
79.3167			-0.0543908
79.35			-0.0543889
79.3833			-0.0543871
79.4167			-0.0543852
79.45			-0.0543834
79.4833			-0.0543815
79.5167			-0.0543797
79.55			-0.0543779
79.5833			-0.054376
79.6167			-0.0543742
79.65			-0.0543723
79.6833			-0.0543705
79.7167			-0.0543687
79.75			-0.0543668
79.7833			-0.054365
79.8167			-0.0543632
79.85			-0.0543614
79.8833			-0.0543595
79.9167			-0.0543577
79.95			-0.0543559
79.9833			-0.0543541
80.0167			-0.0543523
80.05			-0.0543504
80.0833			-0.0543486
80.1167			-0.0543468
80.15			-0.054345
80.1833			-0.0543432
80.2167			-0.0543414
80.25			-0.0543396
80.2833			-0.0543378
80.3167			-0.0543359
80.35			-0.0543341
80.3833			-0.0543323
80.4167			-0.0543305
80.45			-0.0543287
80.4833			-0.0543269
80.5167			-0.0543251
80.55			-0.0543234
80.5833			-0.0543216
80.6167			-0.0543198
80.65			-0.054318
80.6833			-0.0543162
80.7167			-0.0543144
80.75			-0.0543126
80.7833			-0.0543108
80.8167			-0.054309
80.85			-0.0543073
80.8833			-0.0543055
80.9167			-0.0543037
80.95			-0.0543019
80.9833			-0.0543002
81.0167			-0.0542984
81.05			-0.0542966
81.0833			-0.0542948
81.1167			-0.0542931
81.15			-0.0542913
81.1833			-0.0542895
81.2167			-0.0542878
81.25			-0.054286
81.2833			-0.0542842
81.3167			-0.0542825
81.35			-0.0542807
81.3833			-0.054279
81.4167			-0.0542772
81.45			-0.0542754
81.4833			-0.0542737
81.5167			-0.0542719
81.55			-0.0542702
81.5833			-0.0542684
81.6167			-0.0542667
81.65			-0.0542649
81.6833			-0.0542632
81.7167			-0.0542615
81.75			-0.0542597
81.7833			-0.054258
81.8167			-0.0542562
81.85			-0.0542545
81.8833			-0.0542528
81.9167			-0.054251
81.95			-0.0542493
81.9833			-0.0542475
82.0167			-0.0542458
82.05			-0.0542441
82.0833			-0.0542424
82.1167			-0.0542406
82.15			-0.0542389
82.1833			-0.0542372
82.2167			-0.0542355
82.25			-0.0542337
82.2833			-0.054232
82.3167			-0.0542303
82.35			-0.0542286
82.3833			-0.0542269
82.4167			-0.0542252
82.45			-0.0542234
82.4833			-0.0542217
82.5167			-0.05422
82.55			-0.0542183
82.5833			-0.0542166
82.6167			-0.0542149
82.65			-0.0542132
82.6833			-0.0542115
82.7167			-0.0542098
82.75			-0.0542081
82.7833			-0.0542064
82.8167			-0.0542047
82.85			-0.054203
82.8833			-0.0542013
82.9167			-0.0541996
82.95			-0.0541979
82.9833			-0.0541962
83.0167			-0.0541945
83.05			-0.0541928
83.0833			-0.0541912
83.1167			-0.0541895
83.15			-0.0541878
83.1833			-0.0541861
83.2167			-0.0541844
83.25			-0.0541827
83.2833			-0.0541811
83.3167			-0.0541794
83.35			-0.0541777
83.3833			-0.054176
83.4167			-0.0541744
83.45			-0.0541727
83.4833			-0.054171
83.5167			-0.0541693
83.55			-0.0541677
83.5833			-0.054166
83.6167			-0.0541643
83.65			-0.0541627
83.6833			-0.054161
83.7167			-0.0541594
83.75			-0.0541577
83.7833			-0.054156
83.8167			-0.0541544
83.85			-0.0541527
83.8833			-0.0541511
83.9167			-0.0541494
83.95			-0.0541478
83.9833			-0.0541461
84.0167			-0.0541445
84.05			-0.0541428
84.0833			-0.0541412
84.1167			-0.0541395
84.15			-0.0541379
84.1833			-0.0541362
84.2167			-0.0541346
84.25			-0.054133
84.2833			-0.0541313
84.3167			-0.0541297
84.35			-0.054128
84.3833			-0.0541264
84.4167			-0.0541248
84.45			-0.0541231
84.4833			-0.0541215
84.5167			-0.0541199
84.55			-0.0541183
84.5833			-0.0541166
84.6167			-0.054115
84.65			-0.0541134
84.6833			-0.0541117
84.7167			-0.0541101
84.75			-0.0541085
84.7833			-0.0541069
84.8167			-0.0541053
84.85			-0.0541036
84.8833			-0.054102
84.9167			-0.0541004
84.95			-0.0540988
84.9833			-0.0540972
85.0167			-0.0540956
85.05			-0.054094
85.0833			-0.0540924
85.1167			-0.0540908
85.15			-0.0540892
85.1833			-0.0540875
85.2167			-0.0540859
85.25			-0.0540843
85.2833			-0.0540827
85.3167			-0.0540811
85.35			-0.0540795
85.3833			-0.0540779
85.4167			-0.0540764
85.45			-0.0540748
85.4833			-0.0540732
85.5167			-0.0540716
85.55			-0.05407
85.5833			-0.0540684
85.6167			-0.0540668
85.65			-0.0540652
85.6833			-0.0540636
85.7167			-0.054062
85.75			-0.0540605
85.7833			-0.0540589
85.8167			-0.0540573
85.85			-0.0540557
85.8833			-0.0540541
85.9167			-0.0540526
85.95			-0.054051
85.9833			-0.0540494
86.0167			-0.0540478
86.05			-0.0540463
86.0833			-0.0540447
86.1167			-0.0540431
86.15			-0.0540416
86.1833			-0.05404
86.2167			-0.0540384
86.25			-0.0540369
86.2833			-0.0540353
86.3167			-0.0540337
86.35			-0.0540322
86.3833			-0.0540306
86.4167			-0.0540291
86.45			-0.0540275
86.4833			-0.0540259
86.5167			-0.0540244
86.55			-0.0540228
86.5833			-0.0540213
86.6167			-0.0540197
86.65			-0.0540182
86.6833			-0.0540166
86.7167			-0.0540151
86.75			-0.0540135
86.7833			-0.054012
86.8167			-0.0540104
86.85			-0.0540089
86.8833			-0.0540074
86.9167			-0.0540058
86.95			-0.0540043
86.9833			-0.0540027
87.0167			-0.0540012
87.05			-0.0539997
87.0833			-0.0539981
87.1167			-0.0539966
87.15			-0.0539951
87.1833			-0.0539935
87.2167			-0.053992
87.25			-0.0539905
87.2833			-0.0539889
87.3167			-0.0539874
87.35			-0.0539859
87.3833			-0.0539844
87.4167			-0.0539828
87.45			-0.0539813
87.4833			-0.0539798
87.5167			-0.0539783
87.55			-0.0539768
87.5833			-0.0539752
87.6167			-0.0539737
87.65			-0.0539722
87.6833			-0.0539707
87.7167			-0.0539692
87.75			-0.0539677
87.7833			-0.0539662
87.8167			-0.0539646
87.85			-0.0539631
87.8833			-0.0539616
87.9167			-0.0539601
87.95			-0.0539586
87.9833			-0.0539571
88.0167			-0.0539556
88.05			-0.0539541
88.0833			-0.0539526
88.1167			-0.0539511
88.15			-0.0539496
88.1833			-0.0539481
88.2167			-0.0539466
88.25			-0.0539451
88.2833			-0.0539436
88.3167			-0.0539421
88.35			-0.0539407
88.3833			-0.0539392
88.4167			-0.0539377
88.45			-0.0539362
88.4833			-0.0539347
88.5167			-0.0539332
88.55			-0.0539317
88.5833			-0.0539302
88.6167			-0.0539288
88.65			-0.0539273
88.6833			-0.0539258
88.7167			-0.0539243
88.75			-0.0539228
88.7833			-0.0539214
88.8167			-0.0539199
88.85			-0.0539184
88.8833			-0.0539169
88.9167			-0.0539155
88.95			-0.053914
88.9833			-0.0539125
89.0167			-0.0539111
89.05			-0.0539096
89.0833			-0.0539081
89.1167			-0.0539067
89.15			-0.0539052
89.1833			-0.0539037
89.2167			-0.0539023
89.25			-0.0539008
89.2833			-0.0538993
89.3167			-0.0538979
89.35			-0.0538964
89.3833			-0.053895
89.4167			-0.0538935
89.45			-0.0538921
89.4833			-0.0538906
89.5167			-0.0538892
89.55			-0.0538877
89.5833			-0.0538863
89.6167			-0.0538848
89.65			-0.0538834
89.6833			-0.0538819
89.7167			-0.0538805
89.75			-0.053879
89.7833			-0.0538776
89.8167			-0.0538761
89.85			-0.0538747
89.8833			-0.0538733
89.9167			-0.0538718
89.95			-0.0538704
89.9833			-0.0538689
90.0167			-0.0538675
90.05			-0.0538661
90.0833			-0.0538646
90.1167			-0.0538632
90.15			-0.0538618
90.1833			-0.0538603
90.2167			-0.0538589
90.25			-0.0538575
90.2833			-0.053856
90.3167			-0.0538546
90.35			-0.0538532
90.3833			-0.0538518
90.4167			-0.0538503
90.45			-0.0538489
90.4833			-0.0538475
90.5167			-0.0538461
90.55			-0.0538447
90.5833			-0.0538432
90.6167			-0.0538418
90.65			-0.0538404
90.6833			-0.053839
90.7167			-0.0538376
90.75			-0.0538362
90.7833			-0.0538348
90.8167			-0.0538333
90.85			-0.0538319
90.8833			-0.0538305
90.9167			-0.0538291
90.95			-0.0538277
90.9833			-0.0538263
91.0167			-0.0538249
91.05			-0.0538235
91.0833			-0.0538221
91.1167			-0.0538207
91.15			-0.0538193
91.1833			-0.0538179
91.2167			-0.0538165
91.25			-0.0538151
91.2833			-0.0538137
91.3167			-0.0538123
91.35			-0.0538109
91.3833			-0.0538095
91.4167			-0.0538081
91.45			-0.0538067
91.4833			-0.0538053
91.5167			-0.0538039
91.55			-0.0538026
91.5833			-0.0538012
91.6167			-0.0537998
91.65			-0.0537984
91.6833			-0.053797
91.7167			-0.0537956
91.75			-0.0537942
91.7833			-0.0537929
91.8167			-0.0537915
91.85			-0.0537901
91.8833			-0.0537887
91.9167			-0.0537873
91.95			-0.053786
91.9833			-0.0537846
92.0167			-0.0537832
92.05			-0.0537819
92.0833			-0.0537805
92.1167			-0.0537791
92.15			-0.0537777
92.1833			-0.0537764
92.2167			-0.053775
92.25			-0.0537736
92.2833			-0.0537723
92.3167			-0.0537709
92.35			-0.0537695
92.3833			-0.0537682
92.4167			-0.0537668
92.45			-0.0537654
92.4833			-0.0537641
92.5167			-0.0537627
92.55			-0.0537614
92.5833			-0.05376
92.6167			-0.0537587
92.65			-0.0537573
92.6833			-0.0537559
92.7167			-0.0537546
92.75			-0.0537532
92.7833			-0.0537519
92.8167			-0.0537505
92.85			-0.0537492
92.8833			-0.0537478
92.9167			-0.0537465
92.95			-0.0537451
92.9833			-0.0537438
93.0167			-0.0537424
93.05			-0.0537411
93.0833			-0.0537398
93.1167			-0.0537384
93.15			-0.0537371
93.1833			-0.0537357
93.2167			-0.0537344
93.25			-0.0537331
93.2833			-0.0537317
93.3167			-0.0537304
93.35			-0.0537291
93.3833			-0.0537277
93.4167			-0.0537264
93.45			-0.0537251
93.4833			-0.0537237
93.5167			-0.0537224
93.55			-0.0537211
93.5833			-0.0537197
93.6167			-0.0537184
93.65			-0.0537171
93.6833			-0.0537157
93.7167			-0.0537144
93.75			-0.0537131
93.7833			-0.0537118
93.8167			-0.0537105
93.85			-0.0537091
93.8833			-0.0537078
93.9167			-0.0537065
93.95			-0.0537052
93.9833			-0.0537039
94.0167			-0.0537025
94.05			-0.0537012
94.0833			-0.0536999
94.1167			-0.0536986
94.15			-0.0536973
94.1833			-0.053696
94.2167			-0.0536947
94.25			-0.0536934
94.2833			-0.053692
94.3167			-0.0536907
94.35			-0.0536894
94.3833			-0.0536881
94.4167			-0.0536868
94.45			-0.0536855
94.4833			-0.0536842
94.5167			-0.0536829
94.55			-0.0536816
94.5833			-0.0536803
94.6167			-0.053679
94.65			-0.0536777
94.6833			-0.0536764
94.7167			-0.0536751
94.75			-0.0536738
94.7833			-0.0536725
94.8167			-0.0536712
94.85			-0.0536699
94.8833			-0.0536686
94.9167			-0.0536673
94.95			-0.0536661
94.9833			-0.0536648
95.0167			-0.0536635
95.05			-0.0536622
95.0833			-0.0536609
95.1167			-0.0536596
95.15			-0.0536583
95.1833			-0.053657
95.2167			-0.0536558
95.25			-0.0536545
95.2833			-0.0536532
95.3167			-0.0536519
95.35			-0.0536506
95.3833			-0.0536494
95.4167			-0.0536481
95.45			-0.0536468
95.4833			-0.0536455
95.5167			-0.0536443
95.55			-0.053643
95.5833			-0.0536417
95.6167			-0.0536404
95.65			-0.0536392
95.6833			-0.0536379
95.7167			-0.0536366
95.75			-0.0536354
95.7833			-0.0536341
95.8167			-0.0536328
95.85			-0.0536315
95.8833			-0.0536303
95.9167			-0.053629
95.95			-0.0536278
95.9833			-0.0536265
96.0167			-0.0536252
96.05			-0.053624
96.0833			-0.0536227
96.1167			-0.0536214
96.15			-0.0536202
96.1833			-0.0536189
96.2167			-0.0536177
96.25			-0.0536164
96.2833			-0.0536152
96.3167			-0.0536139
96.35			-0.0536127
96.3833			-0.0536114
96.4167			-0.0536102
96.45			-0.0536089
96.4833			-0.0536077
96.5167			-0.0536064
96.55			-0.0536052
96.5833			-0.0536039
96.6167			-0.0536027
96.65			-0.0536014
96.6833			-0.0536002
96.7167			-0.0535989
96.75			-0.0535977
96.7833			-0.0535964
96.8167			-0.0535952
96.85			-0.053594
96.8833			-0.0535927
96.9167			-0.0535915
96.95			-0.0535902
96.9833			-0.053589
97.0167			-0.0535878
97.05			-0.0535865
97.0833			-0.0535853
97.1167			-0.0535841
97.15			-0.0535828
97.1833			-0.0535816
97.2167			-0.0535804
97.25			-0.0535791
97.2833			-0.0535779
97.3167			-0.0535767
97.35			-0.0535755
97.3833			-0.0535742
97.4167			-0.053573
97.45			-0.0535718
97.4833			-0.0535706
97.5167			-0.0535693
97.55			-0.0535681
97.5833			-0.0535669
97.6167			-0.0535657
97.65			-0.0535644
97.6833			-0.0535632
97.7167			-0.053562
97.75			-0.0535608
97.7833			-0.0535596
97.8167			-0.0535584
97.85			-0.0535571
97.8833			-0.0535559
97.9167			-0.0535547
97.95			-0.0535535
97.9833			-0.0535523
98.0167			-0.0535511
98.05			-0.0535499
98.0833			-0.0535487
98.1167			-0.0535475
98.15			-0.0535462
98.1833			-0.053545
98.2167			-0.0535438
98.25			-0.0535426
98.2833			-0.0535414
98.3167			-0.0535402
98.35			-0.053539
98.3833			-0.0535378
98.4167			-0.0535366
98.45			-0.0535354
98.4833			-0.0535342
98.5167			-0.053533
98.55			-0.0535318
98.5833			-0.0535306
98.6167			-0.0535294
98.65			-0.0535282
98.6833			-0.053527
98.7167			-0.0535258
98.75			-0.0535246
98.7833			-0.0535235
98.8167			-0.0535223
98.85			-0.0535211
98.8833			-0.0535199
98.9167			-0.0535187
98.95			-0.0535175
98.9833			-0.0535163
99.0167			-0.0535151
99.05			-0.0535139
99.0833			-0.0535128
99.1167			-0.0535116
99.15			-0.0535104
99.1833			-0.0535092
99.2167			-0.053508
99.25			-0.0535068
99.2833			-0.0535057
99.3167			-0.0535045
99.35			-0.0535033
99.3833			-0.0535021
99.4167			-0.053501
99.45			-0.0534998
99.4833			-0.0534986
99.5167			-0.0534974
99.55			-0.0534963
99.5833			-0.0534951
99.6167			-0.0534939
99.65			-0.0534927
99.6833			-0.0534916
99.7167			-0.0534904
99.75			-0.0534892
99.7833			-0.0534881
99.8167			-0.0534869
99.85			-0.0534857
99.8833			-0.0534846
99.9167			-0.0534834
99.95			-0.0534822
99.9833			-0.0534811
