0			0			0.5
1			0			0.5
2			0			0.5
3			0			0.5
4			0			0.5
5			0			-0.5
6			0			-0.5
7			0			-0.5
8			0			-0.5
9			0			-0.5

0			0.05			0.5
1			0.05			0.5
2			0.05			0.5
3			0.05			0.5
4			0.05			0.499375
5			0.05			-0.499375
6			0.05			-0.5
7			0.05			-0.5
8			0.05			-0.5
9			0.05			-0.5

0			0.1			0.5
1			0.1			0.5
2			0.1			0.5
3			0.1			0.499998
4			0.1			0.497505
5			0.1			-0.497505
6			0.1			-0.499998
7			0.1			-0.5
8			0.1			-0.5
9			0.1			-0.5

0			0.15			0.5
1			0.15			0.5
2			0.15			0.5
3			0.15			0.499992
4			0.15			0.494399
5			0.15			-0.494399
6			0.15			-0.499992
7			0.15			-0.5
8			0.15			-0.5
9			0.15			-0.5

0			0.2			0.5
1			0.2			0.5
2			0.2			0.5
3			0.2			0.499975
4			0.2			0.490075
5			0.2			-0.490075
6			0.2			-0.499975
7			0.2			-0.5
8			0.2			-0.5
9			0.2			-0.5

0			0.25			0.5
1			0.25			0.5
2			0.25			0.5
3			0.25			0.499939
4			0.25			0.484557
5			0.25			-0.484557
6			0.25			-0.499939
7			0.25			-0.5
8			0.25			-0.5
9			0.25			-0.5

0			0.3			0.5
1			0.3			0.5
2			0.3			0.5
3			0.3			0.499875
4			0.3			0.477877
5			0.3			-0.477877
6			0.3			-0.499875
7			0.3			-0.5
8			0.3			-0.5
9			0.3			-0.5

0			0.35			0.5
1			0.35			0.5
2			0.35			0.499999
3			0.35			0.499769
4			0.35			0.47007
5			0.35			-0.47007
6			0.35			-0.499769
7			0.35			-0.499999
8			0.35			-0.5
9			0.35			-0.5

0			0.4			0.5
1			0.4			0.5
2			0.4			0.499998
3			0.4			0.499609
4			0.4			0.461182
5			0.4			-0.461182
6			0.4			-0.499609
7			0.4			-0.499998
8			0.4			-0.5
9			0.4			-0.5

0			0.45			0.5
1			0.45			0.5
2			0.45			0.499996
3			0.45			0.499377
4			0.45			0.451262
5			0.45			-0.451262
6			0.45			-0.499377
7			0.45			-0.499996
8			0.45			-0.5
9			0.45			-0.5

0			0.5			0.5
1			0.5			0.5
2			0.5			0.499993
3			0.5			0.499057
4			0.5			0.440363
5			0.5			-0.440363
6			0.5			-0.499057
7			0.5			-0.499993
8			0.5			-0.5
9			0.5			-0.5

0			0.55			0.5
1			0.55			0.5
2			0.55			0.499988
3			0.55			0.498629
4			0.55			0.428546
5			0.55			-0.428546
6			0.55			-0.498629
7			0.55			-0.499988
8			0.55			-0.5
9			0.55			-0.5

0			0.6			0.5
1			0.6			0.5
2			0.6			0.499981
3			0.6			0.498074
4			0.6			0.415876
5			0.6			-0.415876
6			0.6			-0.498074
7			0.6			-0.499981
8			0.6			-0.5
9			0.6			-0.5

0			0.65			0.5
1			0.65			0.5
2			0.65			0.499969
3			0.65			0.49737
4			0.65			0.402423
5			0.65			-0.402423
6			0.65			-0.49737
7			0.65			-0.499969
8			0.65			-0.5
9			0.65			-0.5

0			0.7			0.5
1			0.7			0.5
2			0.7			0.499952
3			0.7			0.496496
4			0.7			0.388258
5			0.7			-0.388258
6			0.7			-0.496496
7			0.7			-0.499952
8			0.7			-0.5
9			0.7			-0.5

0			0.75			0.5
1			0.75			0.499999
2			0.75			0.499927
3			0.75			0.495428
4			0.75			0.373457
5			0.75			-0.373457
6			0.75			-0.495428
7			0.75			-0.499927
8			0.75			-0.499999
9			0.75			-0.5

0			0.8			0.5
1			0.8			0.499999
2			0.8			0.499894
3			0.8			0.494146
4			0.8			0.358101
5			0.8			-0.358101
6			0.8			-0.494146
7			0.8			-0.499894
8			0.8			-0.499999
9			0.8			-0.5

0			0.85			0.5
1			0.85			0.499998
2			0.85			0.499849
3			0.85			0.492624
4			0.85			0.34227
5			0.85			-0.34227
6			0.85			-0.492624
7			0.85			-0.499849
8			0.85			-0.499998
9			0.85			-0.5

0			0.9			0.5
1			0.9			0.499997
2			0.9			0.499789
3			0.9			0.490842
4			0.9			0.326047
5			0.9			-0.326047
6			0.9			-0.490842
7			0.9			-0.499789
8			0.9			-0.499997
9			0.9			-0.5

0			0.95			0.5
1			0.95			0.499996
2			0.95			0.499711
3			0.95			0.488777
4			0.95			0.309517
5			0.95			-0.309517
6			0.95			-0.488777
7			0.95			-0.499711
8			0.95			-0.499996
9			0.95			-0.5

0			1			0.5
1			1			0.499994
2			1			0.499611
3			1			0.486408
4			1			0.292764
5			1			-0.292764
6			1			-0.486408
7			1			-0.499611
8			1			-0.499994
9			1			-0.5

0			1.05			0.5
1			1.05			0.499991
2			1.05			0.499485
3			1.05			0.483715
4			1.05			0.275873
5			1.05			-0.275873
6			1.05			-0.483715
7			1.05			-0.499485
8			1.05			-0.499991
9			1.05			-0.5

0			1.1			0.5
1			1.1			0.499987
2			1.1			0.499327
3			1.1			0.480677
4			1.1			0.258928
5			1.1			-0.258928
6			1.1			-0.480677
7			1.1			-0.499327
8			1.1			-0.499987
9			1.1			-0.5

0			1.15			0.5
1			1.15			0.499982
2			1.15			0.499132
3			1.15			0.477278
4			1.15			0.242013
5			1.15			-0.242013
6			1.15			-0.477278
7			1.15			-0.499132
8			1.15			-0.499982
9			1.15			-0.5

0			1.2			0.5
1			1.2			0.499974
2			1.2			0.498894
3			1.2			0.473502
4			1.2			0.22521
5			1.2			-0.22521
6			1.2			-0.473502
7			1.2			-0.498894
8			1.2			-0.499974
9			1.2			-0.5

0			1.25			0.499999
1			1.25			0.499965
2			1.25			0.498606
3			1.25			0.469333
4			1.25			0.208597
5			1.25			-0.208597
6			1.25			-0.469333
7			1.25			-0.498606
8			1.25			-0.499965
9			1.25			-0.499999

0			1.3			0.499999
1			1.3			0.499953
2			1.3			0.49826
3			1.3			0.464762
4			1.3			0.192253
5			1.3			-0.192253
6			1.3			-0.464762
7			1.3			-0.49826
8			1.3			-0.499953
9			1.3			-0.499999

0			1.35			0.499999
1			1.35			0.499937
2			1.35			0.49785
3			1.35			0.459776
4			1.35			0.176252
5			1.35			-0.176252
6			1.35			-0.459776
7			1.35			-0.49785
8			1.35			-0.499937
9			1.35			-0.499999

0			1.4			0.499998
1			1.4			0.499916
2			1.4			0.497366
3			1.4			0.45437
4			1.4			0.160662
5			1.4			-0.160662
6			1.4			-0.45437
7			1.4			-0.497366
8			1.4			-0.499916
9			1.4			-0.499998

0			1.45			0.499998
1			1.45			0.49989
2			1.45			0.4968
3			1.45			0.448537
4			1.45			0.145552
5			1.45			-0.145552
6			1.45			-0.448537
7			1.45			-0.4968
8			1.45			-0.49989
9			1.45			-0.499998

0			1.5			0.499997
1			1.5			0.499858
2			1.5			0.496142
3			1.5			0.442277
4			1.5			0.130984
5			1.5			-0.130984
6			1.5			-0.442277
7			1.5			-0.496142
8			1.5			-0.499858
9			1.5			-0.499997

0			1.55			0.499995
1			1.55			0.499818
2			1.55			0.495382
3			1.55			0.435589
4			1.55			0.117014
5			1.55			-0.117014
6			1.55			-0.435589
7			1.55			-0.495382
8			1.55			-0.499818
9			1.55			-0.499995

0			1.6			0.499994
1			1.6			0.499769
2			1.6			0.494509
3			1.6			0.428477
4			1.6			0.103696
5			1.6			-0.103696
6			1.6			-0.428477
7			1.6			-0.494509
8			1.6			-0.499769
9			1.6			-0.499994

0			1.65			0.499991
1			1.65			0.499709
2			1.65			0.493514
3			1.65			0.420947
4			1.65			0.0910757
5			1.65			-0.0910757
6			1.65			-0.420947
7			1.65			-0.493514
8			1.65			-0.499709
9			1.65			-0.499991

0			1.7			0.499989
1			1.7			0.499636
2			1.7			0.492385
3			1.7			0.413009
4			1.7			0.079196
5			1.7			-0.079196
6			1.7			-0.413009
7			1.7			-0.492385
8			1.7			-0.499636
9			1.7			-0.499989

0			1.75			0.499985
1			1.75			0.499548
2			1.75			0.491111
3			1.75			0.404674
4			1.75			0.0680925
5			1.75			-0.0680925
6			1.75			-0.404674
7			1.75			-0.491111
8			1.75			-0.499548
9			1.75			-0.499985

0			1.8			0.49998
1			1.8			0.499444
2			1.8			0.489681
3			1.8			0.395957
4			1.8			0.0577954
5			1.8			-0.0577954
6			1.8			-0.395957
7			1.8			-0.489681
8			1.8			-0.499444
9			1.8			-0.49998

0			1.85			0.499974
1			1.85			0.499319
2			1.85			0.488083
3			1.85			0.386877
4			1.85			0.0483288
5			1.85			-0.0483288
6			1.85			-0.386877
7			1.85			-0.488083
8			1.85			-0.499319
9			1.85			-0.499974

0			1.9			0.499967
1			1.9			0.499171
2			1.9			0.486305
3			1.9			0.377454
4			1.9			0.0397108
5			1.9			-0.0397108
6			1.9			-0.377454
7			1.9			-0.486305
8			1.9			-0.499171
9			1.9			-0.499967

0			1.95			0.499958
1			1.95			0.498998
2			1.95			0.484337
3			1.95			0.367712
4			1.95			0.0319537
5			1.95			-0.0319537
6			1.95			-0.367712
7			1.95			-0.484337
8			1.95			-0.498998
9			1.95			-0.499958

0			2			0.499946
1			2			0.498795
2			2			0.482166
3			2			0.357675
4			2			0.0250635
5			2			-0.0250635
6			2			-0.357675
7			2			-0.482166
8			2			-0.498795
9			2			-0.499946

0			2.05			0.499932
1			2.05			0.498559
2			2.05			0.479783
3			2.05			0.347373
4			2.05			0.0190404
5			2.05			-0.0190404
6			2.05			-0.347373
7			2.05			-0.479783
8			2.05			-0.498559
9			2.05			-0.499932

0			2.1			0.499915
1			2.1			0.498286
2			2.1			0.477177
3			2.1			0.336835
4			2.1			0.0138789
5			2.1			-0.0138789
6			2.1			-0.336835
7			2.1			-0.477177
8			2.1			-0.498286
9			2.1			-0.499915

0			2.15			0.499894
1			2.15			0.497971
2			2.15			0.474337
3			2.15			0.326095
4			2.15			0.0095676
5			2.15			-0.0095676
6			2.15			-0.326095
7			2.15			-0.474337
8			2.15			-0.497971
9			2.15			-0.499894

0			2.2			0.499868
1			2.2			0.49761
2			2.2			0.471254
3			2.2			0.315185
4			2.2			0.00608984
5			2.2			-0.00608984
6			2.2			-0.315185
7			2.2			-0.471254
8			2.2			-0.49761
9			2.2			-0.499868

0			2.25			0.499838
1			2.25			0.497198
2			2.25			0.46792
3			2.25			0.304143
4			2.25			0.00342367
5			2.25			-0.00342367
6			2.25			-0.304143
7			2.25			-0.46792
8			2.25			-0.497198
9			2.25			-0.499838

0			2.3			0.499801
1			2.3			0.49673
2			2.3			0.464327
3			2.3			0.293006
4			2.3			0.00154221
5			2.3			-0.00154221
6			2.3			-0.293006
7			2.3			-0.464327
8			2.3			-0.49673
9			2.3			-0.499801

0			2.35			0.499757
1			2.35			0.496199
2			2.35			0.460467
3			2.35			0.28181
4			2.35			0.000413922
5			2.35			-0.000413922
6			2.35			-0.28181
7			2.35			-0.460467
8			2.35			-0.496199
9			2.35			-0.499757

0			2.4			0.499704
1			2.4			0.495601
2			2.4			0.456335
3			2.4			0.270597
4			2.4			2.95578e-06
5			2.4			-2.95578e-06
6			2.4			-0.270597
7			2.4			-0.456335
8			2.4			-0.495601
9			2.4			-0.499704

0			2.45			0.499642
1			2.45			0.494929
2			2.45			0.451925
3			2.45			0.259405
4			2.45			0.00026951
5			2.45			-0.00026951
6			2.45			-0.259405
7			2.45			-0.451925
8			2.45			-0.494929
9			2.45			-0.499642

0			2.5			0.499569
1			2.5			0.494176
2			2.5			0.447234
3			2.5			0.248275
4			2.5			0.00117022
5			2.5			-0.00117022
6			2.5			-0.248275
7			2.5			-0.447234
8			2.5			-0.494176
9			2.5			-0.499569

0			2.55			0.499484
1			2.55			0.493337
2			2.55			0.442259
3			2.55			0.237246
4			2.55			0.00265854
5			2.55			-0.00265854
6			2.55			-0.237246
7			2.55			-0.442259
8			2.55			-0.493337
9			2.55			-0.499484

0			2.6			0.499383
1			2.6			0.492404
2			2.6			0.436999
3			2.6			0.226359
4			2.6			0.0046852
5			2.6			-0.0046852
6			2.6			-0.226359
7			2.6			-0.436999
8			2.6			-0.492404
9			2.6			-0.499383

0			2.65			0.499267
1			2.65			0.49137
2			2.65			0.431455
3			2.65			0.215651
4			2.65			0.00719861
5			2.65			-0.00719861
6			2.65			-0.215651
7			2.65			-0.431455
8			2.65			-0.49137
9			2.65			-0.499267

0			2.7			0.499131
1			2.7			0.490229
2			2.7			0.425627
3			2.7			0.205162
4			2.7			0.0101453
5			2.7			-0.0101453
6			2.7			-0.205162
7			2.7			-0.425627
8			2.7			-0.490229
9			2.7			-0.499131

0			2.75			0.498975
1			2.75			0.488973
2			2.75			0.41952
3			2.75			0.194929
4			2.75			0.0134705
5			2.75			-0.0134705
6			2.75			-0.194929
7			2.75			-0.41952
8			2.75			-0.488973
9			2.75			-0.498975

0			2.8			0.498795
1			2.8			0.487594
2			2.8			0.413137
3			2.8			0.184988
4			2.8			0.0171184
5			2.8			-0.0171184
6			2.8			-0.184988
7			2.8			-0.413137
8			2.8			-0.487594
9			2.8			-0.498795

0			2.85			0.498588
1			2.85			0.486087
2			2.85			0.406486
3			2.85			0.175372
4			2.85			0.0210326
5			2.85			-0.0210326
6			2.85			-0.175372
7			2.85			-0.406486
8			2.85			-0.486087
9			2.85			-0.498588

0			2.9			0.498351
1			2.9			0.484443
2			2.9			0.399573
3			2.9			0.166113
4			2.9			0.0251568
5			2.9			-0.0251568
6			2.9			-0.166113
7			2.9			-0.399573
8			2.9			-0.484443
9			2.9			-0.498351

0			2.95			0.498081
1			2.95			0.482655
2			2.95			0.392409
3			2.95			0.157243
4			2.95			0.029435
5			2.95			-0.029435
6			2.95			-0.157243
7			2.95			-0.392409
8			2.95			-0.482655
9			2.95			-0.498081

0			3			0.497774
1			3			0.480717
2			3			0.385003
3			3			0.148788
4			3			0.0338122
5			3			-0.0338122
6			3			-0.148788
7			3			-0.385003
8			3			-0.480717
9			3			-0.497774

0			3.05			0.497426
1			3.05			0.478621
2			3.05			0.37737
3			3.05			0.140774
4			3.05			0.0382343
5			3.05			-0.0382343
6			3.05			-0.140774
7			3.05			-0.37737
8			3.05			-0.478621
9			3.05			-0.497426

0			3.1			0.497033
1			3.1			0.476361
2			3.1			0.369523
3			3.1			0.133223
4			3.1			0.0426491
5			3.1			-0.0426491
6			3.1			-0.133223
7			3.1			-0.369523
8			3.1			-0.476361
9			3.1			-0.497033

0			3.15			0.496589
1			3.15			0.473931
2			3.15			0.361478
3			3.15			0.126155
4			3.15			0.0470063
5			3.15			-0.0470063
6			3.15			-0.126155
7			3.15			-0.361478
8			3.15			-0.473931
9			3.15			-0.496589

0			3.2			0.496091
1			3.2			0.471326
2			3.2			0.353251
3			3.2			0.119586
4			3.2			0.0512581
5			3.2			-0.0512581
6			3.2			-0.119586
7			3.2			-0.353251
8			3.2			-0.471326
9			3.2			-0.496091

0			3.25			0.495531
1			3.25			0.468539
2			3.25			0.344862
3			3.25			0.11353
4			3.25			0.0553593
5			3.25			-0.0553593
6			3.25			-0.11353
7			3.25			-0.344862
8			3.25			-0.468539
9			3.25			-0.495531

0			3.3			0.494906
1			3.3			0.465565
2			3.3			0.336329
3			3.3			0.107997
4			3.3			0.0592675
5			3.3			-0.0592675
6			3.3			-0.107997
7			3.3			-0.336329
8			3.3			-0.465565
9			3.3			-0.494906

0			3.35			0.494209
1			3.35			0.462402
2			3.35			0.327673
3			3.35			0.102993
4			3.35			0.0629438
5			3.35			-0.0629438
6			3.35			-0.102993
7			3.35			-0.327673
8			3.35			-0.462402
9			3.35			-0.494209

0			3.4			0.493433
1			3.4			0.459044
2			3.4			0.318918
3			3.4			0.0985229
4			3.4			0.0663529
5			3.4			-0.0663529
6			3.4			-0.0985229
7			3.4			-0.318918
8			3.4			-0.459044
9			3.4			-0.493433

0			3.45			0.492572
1			3.45			0.455489
2			3.45			0.310084
3			3.45			0.0945862
4			3.45			0.0694627
5			3.45			-0.0694627
6			3.45			-0.0945862
7			3.45			-0.310084
8			3.45			-0.455489
9			3.45			-0.492572

0			3.5			0.491619
1			3.5			0.451734
2			3.5			0.301197
3			3.5			0.0911801
4			3.5			0.0722456
5			3.5			-0.0722456
6			3.5			-0.0911801
7			3.5			-0.301197
8			3.5			-0.451734
9			3.5			-0.491619

0			3.55			0.490566
1			3.55			0.447779
2			3.55			0.29228
3			3.55			0.0882981
4			3.55			0.0746775
5			3.55			-0.0746775
6			3.55			-0.0882981
7			3.55			-0.29228
8			3.55			-0.447779
9			3.55			-0.490566

0			3.6			0.489405
1			3.6			0.443623
2			3.6			0.283359
3			3.6			0.0859307
4			3.6			0.0767386
5			3.6			-0.0767386
6			3.6			-0.0859307
7			3.6			-0.283359
8			3.6			-0.443623
9			3.6			-0.489405

0			3.65			0.488129
1			3.65			0.439265
2			3.65			0.274458
3			3.65			0.0840652
4			3.65			0.0784133
5			3.65			-0.0784133
6			3.65			-0.0840652
7			3.65			-0.274458
8			3.65			-0.439265
9			3.65			-0.488129

0			3.7			0.486729
1			3.7			0.434708
2			3.7			0.265604
3			3.7			0.0826859
4			3.7			0.0796901
5			3.7			-0.0796901
6			3.7			-0.0826859
7			3.7			-0.265604
8			3.7			-0.434708
9			3.7			-0.486729

0			3.75			0.485196
1			3.75			0.429953
2			3.75			0.256823
3			3.75			0.0817743
4			3.75			0.0805616
5			3.75			-0.0805616
6			3.75			-0.0817743
7			3.75			-0.256823
8			3.75			-0.429953
9			3.75			-0.485196

0			3.8			0.483521
1			3.8			0.425005
2			3.8			0.248139
3			3.8			0.0813091
4			3.8			0.0810247
5			3.8			-0.0810247
6			3.8			-0.0813091
7			3.8			-0.248139
8			3.8			-0.425005
9			3.8			-0.483521

0			3.85			0.481695
1			3.85			0.419867
2			3.85			0.239579
3			3.85			0.0812666
4			3.85			0.0810802
5			3.85			-0.0810802
6			3.85			-0.0812666
7			3.85			-0.239579
8			3.85			-0.419867
9			3.85			-0.481695

0			3.9			0.479709
1			3.9			0.414546
2			3.9			0.231167
3			3.9			0.0816205
4			3.9			0.080733
5			3.9			-0.080733
6			3.9			-0.0816205
7			3.9			-0.231167
8			3.9			-0.414546
9			3.9			-0.479709

0			3.95			0.477552
1			3.95			0.409047
2			3.95			0.222928
3			3.95			0.0823427
4			3.95			0.0799916
5			3.95			-0.0799916
6			3.95			-0.0823427
7			3.95			-0.222928
8			3.95			-0.409047
9			3.95			-0.477552

0			4			0.475214
1			4			0.403379
2			4			0.214886
3			4			0.083403
4			4			0.0788683
5			4			-0.0788683
6			4			-0.083403
7			4			-0.214886
8			4			-0.403379
9			4			-0.475214

0			4.05			0.472685
1			4.05			0.39755
2			4.05			0.207064
3			4.05			0.0847696
4			4.05			0.0773786
5			4.05			-0.0773786
6			4.05			-0.0847696
7			4.05			-0.207064
8			4.05			-0.39755
9			4.05			-0.472685

0			4.1			0.469956
1			4.1			0.391572
2			4.1			0.199484
3			4.1			0.0864094
4			4.1			0.0755415
5			4.1			-0.0755415
6			4.1			-0.0864094
7			4.1			-0.199484
8			4.1			-0.391572
9			4.1			-0.469956

0			4.15			0.467014
1			4.15			0.385455
2			4.15			0.192165
3			4.15			0.0882881
4			4.15			0.0733786
5			4.15			-0.0733786
6			4.15			-0.0882881
7			4.15			-0.192165
8			4.15			-0.385455
9			4.15			-0.467014

0			4.2			0.463851
1			4.2			0.379211
2			4.2			0.185128
3			4.2			0.0903705
4			4.2			0.0709143
5			4.2			-0.0709143
6			4.2			-0.0903705
7			4.2			-0.185128
8			4.2			-0.379211
9			4.2			-0.463851

0			4.25			0.460455
1			4.25			0.372854
2			4.25			0.178391
3			4.25			0.0926208
4			4.25			0.0681757
5			4.25			-0.0681757
6			4.25			-0.0926208
7			4.25			-0.178391
8			4.25			-0.372854
9			4.25			-0.460455

0			4.3			0.456815
1			4.3			0.366398
2			4.3			0.171969
3			4.3			0.0950031
4			4.3			0.0651914
5			4.3			-0.0651914
6			4.3			-0.0950031
7			4.3			-0.171969
8			4.3			-0.366398
9			4.3			-0.456815

0			4.35			0.452922
1			4.35			0.359859
2			4.35			0.165878
3			4.35			0.0974813
4			4.35			0.0619923
5			4.35			-0.0619923
6			4.35			-0.0974813
7			4.35			-0.165878
8			4.35			-0.359859
9			4.35			-0.452922

0			4.4			0.448764
1			4.4			0.353254
2			4.4			0.160129
3			4.4			0.100019
4			4.4			0.0586105
5			4.4			-0.0586105
6			4.4			-0.100019
7			4.4			-0.160129
8			4.4			-0.353254
9			4.4			-0.448764

0			4.45			0.444332
1			4.45			0.346599
2			4.45			0.154735
3			4.45			0.102582
4			4.45			0.0550792
5			4.45			-0.0550792
6			4.45			-0.102582
7			4.45			-0.154735
8			4.45			-0.346599
9			4.45			-0.444332

0			4.5			0.439616
1			4.5			0.339912
2			4.5			0.149704
3			4.5			0.105135
4			4.5			0.0514324
5			4.5			-0.0514324
6			4.5			-0.105135
7			4.5			-0.149704
8			4.5			-0.339912
9			4.5			-0.439616

0			4.55			0.434605
1			4.55			0.333214
2			4.55			0.145042
3			4.55			0.107645
4			4.55			0.0477047
5			4.55			-0.0477047
6			4.55			-0.107645
7			4.55			-0.145042
8			4.55			-0.333214
9			4.55			-0.434605

0			4.6			0.42929
1			4.6			0.326522
2			4.6			0.140755
3			4.6			0.110079
4			4.6			0.0439307
5			4.6			-0.0439307
6			4.6			-0.110079
7			4.6			-0.140755
8			4.6			-0.326522
9			4.6			-0.42929

0			4.65			0.423662
1			4.65			0.319857
2			4.65			0.136846
3			4.65			0.112407
4			4.65			0.0401448
5			4.65			-0.0401448
6			4.65			-0.112407
7			4.65			-0.136846
8			4.65			-0.319857
9			4.65			-0.423662

0			4.7			0.417713
1			4.7			0.313239
2			4.7			0.133314
3			4.7			0.114599
4			4.7			0.0363808
5			4.7			-0.0363808
6			4.7			-0.114599
7			4.7			-0.133314
8			4.7			-0.313239
9			4.7			-0.417713

0			4.75			0.411433
1			4.75			0.306689
2			4.75			0.130159
3			4.75			0.116629
4			4.75			0.0326719
5			4.75			-0.0326719
6			4.75			-0.116629
7			4.75			-0.130159
8			4.75			-0.306689
9			4.75			-0.411433

0			4.8			0.404816
1			4.8			0.300227
2			4.8			0.127377
3			4.8			0.118471
4			4.8			0.0290499
5			4.8			-0.0290499
6			4.8			-0.118471
7			4.8			-0.127377
8			4.8			-0.300227
9			4.8			-0.404816

0			4.85			0.397855
1			4.85			0.293876
2			4.85			0.124962
3			4.85			0.120103
4			4.85			0.0255454
5			4.85			-0.0255454
6			4.85			-0.120103
7			4.85			-0.124962
8			4.85			-0.293876
9			4.85			-0.397855

0			4.9			0.390542
1			4.9			0.287655
2			4.9			0.122906
3			4.9			0.121505
4			4.9			0.0221872
5			4.9			-0.0221872
6			4.9			-0.121505
7			4.9			-0.122906
8			4.9			-0.287655
9			4.9			-0.390542

0			4.95			0.382873
1			4.95			0.281585
2			4.95			0.1212
3			4.95			0.122657
4			4.95			0.0190024
5			4.95			-0.0190024
6			4.95			-0.122657
7			4.95			-0.1212
8			4.95			-0.281585
9			4.95			-0.382873

0			5			0.374842
1			5			0.275686
2			5			0.119832
3			5			0.123546
4			5			0.0160157
5			5			-0.0160157
6			5			-0.123546
7			5			-0.119832
8			5			-0.275686
9			5			-0.374842

0			5.05			0.366445
1			5.05			0.269979
2			5.05			0.118789
3			5.05			0.124158
4			5.05			0.0132497
5			5.05			-0.0132497
6			5.05			-0.124158
7			5.05			-0.118789
8			5.05			-0.269979
9			5.05			-0.366445

0			5.1			0.357679
1			5.1			0.264483
2			5.1			0.118056
3			5.1			0.124484
4			5.1			0.0107245
5			5.1			-0.0107245
6			5.1			-0.124484
7			5.1			-0.118056
8			5.1			-0.264483
9			5.1			-0.357679

0			5.15			0.348542
1			5.15			0.259215
2			5.15			0.117616
3			5.15			0.124517
4			5.15			0.00845745
5			5.15			-0.00845745
6			5.15			-0.124517
7			5.15			-0.117616
8			5.15			-0.259215
9			5.15			-0.348542

0			5.2			0.339032
1			5.2			0.254194
2			5.2			0.117452
3			5.2			0.124251
4			5.2			0.00646323
5			5.2			-0.00646323
6			5.2			-0.124251
7			5.2			-0.117452
8			5.2			-0.254194
9			5.2			-0.339032

0			5.25			0.32915
1			5.25			0.249436
2			5.25			0.117544
3			5.25			0.123687
4			5.25			0.00475368
5			5.25			-0.00475368
6			5.25			-0.123687
7			5.25			-0.117544
8			5.25			-0.249436
9			5.25			-0.32915

0			5.3			0.318895
1			5.3			0.244956
2			5.3			0.117872
3			5.3			0.122823
4			5.3			0.0033377
5			5.3			-0.0033377
6			5.3			-0.122823
7			5.3			-0.117872
8			5.3			-0.244956
9			5.3			-0.318895

0			5.35			0.30827
1			5.35			0.240769
2			5.35			0.118415
3			5.35			0.121666
4			5.35			0.00222129
5			5.35			-0.00222129
6			5.35			-0.121666
7			5.35			-0.118415
8			5.35			-0.240769
9			5.35			-0.30827

0			5.4			0.297278
1			5.4			0.236886
2			5.4			0.11915
3			5.4			0.120219
4			5.4			0.00140748
5			5.4			-0.00140748
6			5.4			-0.120219
7			5.4			-0.11915
8			5.4			-0.236886
9			5.4			-0.297278

0			5.45			0.285923
1			5.45			0.233319
2			5.45			0.120056
3			5.45			0.118493
4			5.45			0.000896354
5			5.45			-0.000896354
6			5.45			-0.118493
7			5.45			-0.120056
8			5.45			-0.233319
9			5.45			-0.285923

0			5.5			0.27421
1			5.5			0.230076
2			5.5			0.121109
3			5.5			0.116499
4			5.5			0.000685138
5			5.5			-0.000685138
6			5.5			-0.116499
7			5.5			-0.121109
8			5.5			-0.230076
9			5.5			-0.27421

0			5.55			0.262146
1			5.55			0.227166
2			5.55			0.122286
3			5.55			0.114248
4			5.55			0.000768225
5			5.55			-0.000768225
6			5.55			-0.114248
7			5.55			-0.122286
8			5.55			-0.227166
9			5.55			-0.262146

0			5.6			0.249739
1			5.6			0.224594
2			5.6			0.123564
3			5.6			0.111758
4			5.6			0.00113729
5			5.6			-0.00113729
6			5.6			-0.111758
7			5.6			-0.123564
8			5.6			-0.224594
9			5.6			-0.249739

0			5.65			0.236997
1			5.65			0.222363
2			5.65			0.12492
3			5.65			0.109044
4			5.65			0.00178141
5			5.65			-0.00178141
6			5.65			-0.109044
7			5.65			-0.12492
8			5.65			-0.222363
9			5.65			-0.236997

0			5.7			0.223932
1			5.7			0.220475
2			5.7			0.126331
3			5.7			0.106126
4			5.7			0.00268719
5			5.7			-0.00268719
6			5.7			-0.106126
7			5.7			-0.126331
8			5.7			-0.220475
9			5.7			-0.223932

0			5.75			0.210554
1			5.75			0.218929
2			5.75			0.127774
3			5.75			0.103023
4			5.75			0.00383895
5			5.75			-0.00383895
6			5.75			-0.103023
7			5.75			-0.127774
8			5.75			-0.218929
9			5.75			-0.210554

0			5.8			0.196877
1			5.8			0.217722
2			5.8			0.129229
3			5.8			0.0997564
4			5.8			0.00521887
5			5.8			-0.00521887
6			5.8			-0.0997564
7			5.8			-0.129229
8			5.8			-0.217722
9			5.8			-0.196877

0			5.85			0.182915
1			5.85			0.216849
2			5.85			0.130675
3			5.85			0.0963496
4			5.85			0.00680721
5			5.85			-0.00680721
6			5.85			-0.0963496
7			5.85			-0.130675
8			5.85			-0.216849
9			5.85			-0.182915

0			5.9			0.168681
1			5.9			0.216303
2			5.9			0.132092
3			5.9			0.0928252
4			5.9			0.00858252
5			5.9			-0.00858252
6			5.9			-0.0928252
7			5.9			-0.132092
8			5.9			-0.216303
9			5.9			-0.168681

0			5.95			0.154194
1			5.95			0.216073
2			5.95			0.133462
3			5.95			0.0892071
4			5.95			0.0105218
5			5.95			-0.0105218
6			5.95			-0.0892071
7			5.95			-0.133462
8			5.95			-0.216073
9			5.95			-0.154194

0			6			0.13947
1			6			0.216149
2			6			0.134767
3			6			0.0855196
4			6			0.012601
5			6			-0.012601
6			6			-0.0855196
7			6			-0.134767
8			6			-0.216149
9			6			-0.13947

0			6.05			0.124529
1			6.05			0.216515
2			6.05			0.135993
3			6.05			0.0817868
4			6.05			0.0147947
5			6.05			-0.0147947
6			6.05			-0.0817868
7			6.05			-0.135993
8			6.05			-0.216515
9			6.05			-0.124529

0			6.1			0.109389
1			6.1			0.217155
2			6.1			0.137124
3			6.1			0.0780331
4			6.1			0.0170769
5			6.1			-0.0170769
6			6.1			-0.0780331
7			6.1			-0.137124
8			6.1			-0.217155
9			6.1			-0.109389

0			6.15			0.0940711
1			6.15			0.21805
2			6.15			0.138149
3			6.15			0.0742823
4			6.15			0.0194212
5			6.15			-0.0194212
6			6.15			-0.0742823
7			6.15			-0.138149
8			6.15			-0.21805
9			6.15			-0.0940711

0			6.2			0.0785972
1			6.2			0.219179
2			6.2			0.139058
3			6.2			0.070558
4			6.2			0.0218007
5			6.2			-0.0218007
6			6.2			-0.070558
7			6.2			-0.139058
8			6.2			-0.219179
9			6.2			-0.0785972

0			6.25			0.0629897
1			6.25			0.22052
2			6.25			0.13984
3			6.25			0.0668828
4			6.25			0.0241885
5			6.25			-0.0241885
6			6.25			-0.0668828
7			6.25			-0.13984
8			6.25			-0.22052
9			6.25			-0.0629897

0			6.3			0.0472717
1			6.3			0.222048
2			6.3			0.140489
3			6.3			0.0632787
4			6.3			0.0265581
5			6.3			-0.0265581
6			6.3			-0.0632787
7			6.3			-0.140489
8			6.3			-0.222048
9			6.3			-0.0472717

0			6.35			0.0314672
1			6.35			0.223735
2			6.35			0.141001
3			6.35			0.0597663
4			6.35			0.0288833
5			6.35			-0.0288833
6			6.35			-0.0597663
7			6.35			-0.141001
8			6.35			-0.223735
9			6.35			-0.0314672

0			6.4			0.0156008
1			6.4			0.225554
2			6.4			0.141372
3			6.4			0.0563653
4			6.4			0.0311385
5			6.4			-0.0311385
6			6.4			-0.0563653
7			6.4			-0.141372
8			6.4			-0.225554
9			6.4			-0.0156008

0			6.45			-0.000302309
1			6.45			0.227473
2			6.45			0.1416
3			6.45			0.0530938
4			6.45			0.0332992
5			6.45			-0.0332992
6			6.45			-0.0530938
7			6.45			-0.1416
8			6.45			-0.227473
9			6.45			0.000302309

0			6.5			-0.0162165
1			6.5			0.229463
2			6.5			0.141688
3			6.5			0.0499684
4			6.5			0.035342
5			6.5			-0.035342
6			6.5			-0.0499684
7			6.5			-0.141688
8			6.5			-0.229463
9			6.5			0.0162165

0			6.55			-0.0321157
1			6.55			0.231489
2			6.55			0.141636
3			6.55			0.0470042
4			6.55			0.0372447
5			6.55			-0.0372447
6			6.55			-0.0470042
7			6.55			-0.141636
8			6.55			-0.231489
9			6.55			0.0321157

0			6.6			-0.0479737
1			6.6			0.233517
2			6.6			0.14145
3			6.6			0.0442145
4			6.6			0.0389866
5			6.6			-0.0389866
6			6.6			-0.0442145
7			6.6			-0.14145
8			6.6			-0.233517
9			6.6			0.0479737

0			6.65			-0.063764
1			6.65			0.235513
2			6.65			0.141136
3			6.65			0.0416106
4			6.65			0.0405488
5			6.65			-0.0405488
6			6.65			-0.0416106
7			6.65			-0.141136
8			6.65			-0.235513
9			6.65			0.063764

0			6.7			-0.0794601
1			6.7			0.237442
2			6.7			0.140701
3			6.7			0.0392022
4			6.7			0.041914
5			6.7			-0.041914
6			6.7			-0.0392022
7			6.7			-0.140701
8			6.7			-0.237442
9			6.7			0.0794601

0			6.75			-0.0950354
1			6.75			0.239266
2			6.75			0.140155
3			6.75			0.0369969
4			6.75			0.043067
5			6.75			-0.043067
6			6.75			-0.0369969
7			6.75			-0.140155
8			6.75			-0.239266
9			6.75			0.0950354

0			6.8			-0.110464
1			6.8			0.24095
2			6.8			0.139509
3			6.8			0.0350004
4			6.8			0.0439945
5			6.8			-0.0439945
6			6.8			-0.0350004
7			6.8			-0.139509
8			6.8			-0.24095
9			6.8			0.110464

0			6.85			-0.125719
1			6.85			0.242456
2			6.85			0.138774
3			6.85			0.0332166
4			6.85			0.0446854
5			6.85			-0.0446854
6			6.85			-0.0332166
7			6.85			-0.138774
8			6.85			-0.242456
9			6.85			0.125719

0			6.9			-0.140775
1			6.9			0.243749
2			6.9			0.137963
3			6.9			0.0316472
4			6.9			0.0451309
5			6.9			-0.0451309
6			6.9			-0.0316472
7			6.9			-0.137963
8			6.9			-0.243749
9			6.9			0.140775

0			6.95			-0.155607
1			6.95			0.244791
2			6.95			0.137091
3			6.95			0.0302922
4			6.95			0.0453243
5			6.95			-0.0453243
6			6.95			-0.0302922
7			6.95			-0.137091
8			6.95			-0.244791
9			6.95			0.155607

0			7			-0.17019
1			7			0.245548
2			7			0.136173
3			7			0.0291497
4			7			0.0452611
5			7			-0.0452611
6			7			-0.0291497
7			7			-0.136173
8			7			-0.245548
9			7			0.17019

0			7.05			-0.1845
1			7.05			0.245985
2			7.05			0.135223
3			7.05			0.0282159
4			7.05			0.0449392
5			7.05			-0.0449392
6			7.05			-0.0282159
7			7.05			-0.135223
8			7.05			-0.245985
9			7.05			0.1845

0			7.1			-0.198514
1			7.1			0.246067
2			7.1			0.134259
3			7.1			0.0274856
4			7.1			0.0443588
5			7.1			-0.0443588
6			7.1			-0.0274856
7			7.1			-0.134259
8			7.1			-0.246067
9			7.1			0.198514

0			7.15			-0.21221
1			7.15			0.245762
2			7.15			0.133295
3			7.15			0.0269516
4			7.15			0.0435221
5			7.15			-0.0435221
6			7.15			-0.0269516
7			7.15			-0.133295
8			7.15			-0.245762
9			7.15			0.21221

0			7.2			-0.225566
1			7.2			0.24504
2			7.2			0.132349
3			7.2			0.0266055
4			7.2			0.0424337
5			7.2			-0.0424337
6			7.2			-0.0266055
7			7.2			-0.132349
8			7.2			-0.24504
9			7.2			0.225566

0			7.25			-0.238561
1			7.25			0.24387
2			7.25			0.131436
3			7.25			0.0264376
4			7.25			0.0411001
5			7.25			-0.0411001
6			7.25			-0.0264376
7			7.25			-0.131436
8			7.25			-0.24387
9			7.25			0.238561

0			7.3			-0.251178
1			7.3			0.242225
2			7.3			0.130571
3			7.3			0.0264366
4			7.3			0.03953
5			7.3			-0.03953
6			7.3			-0.0264366
7			7.3			-0.130571
8			7.3			-0.242225
9			7.3			0.251178

0			7.35			-0.263397
1			7.35			0.240079
2			7.35			0.12977
3			7.35			0.0265907
4			7.35			0.0377337
5			7.35			-0.0377337
6			7.35			-0.0265907
7			7.35			-0.12977
8			7.35			-0.240079
9			7.35			0.263397

0			7.4			-0.275203
1			7.4			0.23741
2			7.4			0.129048
3			7.4			0.0268867
4			7.4			0.0357235
5			7.4			-0.0357235
6			7.4			-0.0268867
7			7.4			-0.129048
8			7.4			-0.23741
9			7.4			0.275203

0			7.45			-0.286581
1			7.45			0.234196
2			7.45			0.128417
3			7.45			0.0273108
4			7.45			0.0335132
5			7.45			-0.0335132
6			7.45			-0.0273108
7			7.45			-0.128417
8			7.45			-0.234196
9			7.45			0.286581

0			7.5			-0.297516
1			7.5			0.23042
2			7.5			0.127889
3			7.5			0.0278488
4			7.5			0.0311182
5			7.5			-0.0311182
6			7.5			-0.0278488
7			7.5			-0.127889
8			7.5			-0.23042
9			7.5			0.297516

0			7.55			-0.307996
1			7.55			0.226065
2			7.55			0.127477
3			7.55			0.0284857
4			7.55			0.0285551
5			7.55			-0.0285551
6			7.55			-0.0284857
7			7.55			-0.127477
8			7.55			-0.226065
9			7.55			0.307996

0			7.6			-0.318012
1			7.6			0.22112
2			7.6			0.127188
3			7.6			0.0292067
4			7.6			0.0258417
5			7.6			-0.0258417
6			7.6			-0.0292067
7			7.6			-0.127188
8			7.6			-0.22112
9			7.6			0.318012

0			7.65			-0.327555
1			7.65			0.215575
2			7.65			0.127031
3			7.65			0.0299967
4			7.65			0.0229967
5			7.65			-0.0229967
6			7.65			-0.0299967
7			7.65			-0.127031
8			7.65			-0.215575
9			7.65			0.327555

0			7.7			-0.336617
1			7.7			0.209423
2			7.7			0.127011
3			7.7			0.0308406
4			7.7			0.0200397
5			7.7			-0.0200397
6			7.7			-0.0308406
7			7.7			-0.127011
8			7.7			-0.209423
9			7.7			0.336617

0			7.75			-0.345192
1			7.75			0.202661
2			7.75			0.127134
3			7.75			0.0317237
4			7.75			0.0169909
5			7.75			-0.0169909
6			7.75			-0.0317237
7			7.75			-0.127134
8			7.75			-0.202661
9			7.75			0.345192

0			7.8			-0.353277
1			7.8			0.195289
2			7.8			0.1274
3			7.8			0.0326318
4			7.8			0.0138709
5			7.8			-0.0138709
6			7.8			-0.0326318
7			7.8			-0.1274
8			7.8			-0.195289
9			7.8			0.353277

0			7.85			-0.360871
1			7.85			0.18731
2			7.85			0.127811
3			7.85			0.033551
4			7.85			0.0107005
5			7.85			-0.0107005
6			7.85			-0.033551
7			7.85			-0.127811
8			7.85			-0.18731
9			7.85			0.360871

0			7.9			-0.367972
1			7.9			0.178731
2			7.9			0.128363
3			7.9			0.0344684
4			7.9			0.00750071
5			7.9			-0.00750071
6			7.9			-0.0344684
7			7.9			-0.128363
8			7.9			-0.178731
9			7.9			0.367972

0			7.95			-0.374583
1			7.95			0.169561
2			7.95			0.129053
3			7.95			0.0353718
4			7.95			0.00429221
5			7.95			-0.00429221
6			7.95			-0.0353718
7			7.95			-0.129053
8			7.95			-0.169561
9			7.95			0.374583

0			8			-0.380706
1			8			0.159814
2			8			0.129875
3			8			0.0362499
4			8			0.00109552
5			8			-0.00109552
6			8			-0.0362499
7			8			-0.129875
8			8			-0.159814
9			8			0.380706

0			8.05			-0.386347
1			8.05			0.149506
2			8.05			0.130818
3			8.05			0.0370927
4			8.05			-0.00206932
5			8.05			0.00206932
6			8.05			-0.0370927
7			8.05			-0.130818
8			8.05			-0.149506
9			8.05			0.386347

0			8.1			-0.391511
1			8.1			0.138656
2			8.1			0.131873
3			8.1			0.0378911
4			8.1			-0.00518291
5			8.1			0.00518291
6			8.1			-0.0378911
7			8.1			-0.131873
8			8.1			-0.138656
9			8.1			0.391511

0			8.15			-0.396208
1			8.15			0.127286
2			8.15			0.133025
3			8.15			0.0386374
4			8.15			-0.00822662
5			8.15			0.00822662
6			8.15			-0.0386374
7			8.15			-0.133025
8			8.15			-0.127286
9			8.15			0.396208

0			8.2			-0.400447
1			8.2			0.115423
2			8.2			0.13426
3			8.2			0.0393251
4			8.2			-0.0111827
5			8.2			0.0111827
6			8.2			-0.0393251
7			8.2			-0.13426
8			8.2			-0.115423
9			8.2			0.400447

0			8.25			-0.404238
1			8.25			0.103095
2			8.25			0.135559
3			8.25			0.0399493
4			8.25			-0.0140345
5			8.25			0.0140345
6			8.25			-0.0399493
7			8.25			-0.135559
8			8.25			-0.103095
9			8.25			0.404238

0			8.3			-0.407596
1			8.3			0.0903318
2			8.3			0.136904
3			8.3			0.0405062
4			8.3			-0.0167664
5			8.3			0.0167664
6			8.3			-0.0405062
7			8.3			-0.136904
8			8.3			-0.0903318
9			8.3			0.407596

0			8.35			-0.410534
1			8.35			0.0771684
2			8.35			0.138273
3			8.35			0.0409935
4			8.35			-0.0193643
5			8.35			0.0193643
6			8.35			-0.0409935
7			8.35			-0.138273
8			8.35			-0.0771684
9			8.35			0.410534

0			8.4			-0.413068
1			8.4			0.0636404
2			8.4			0.139642
3			8.4			0.0414105
4			8.4			-0.0218151
5			8.4			0.0218151
6			8.4			-0.0414105
7			8.4			-0.139642
8			8.4			-0.0636404
9			8.4			0.413068

0			8.45			-0.415214
1			8.45			0.0497858
2			8.45			0.140988
3			8.45			0.0417575
4			8.45			-0.0241073
5			8.45			0.0241073
6			8.45			-0.0417575
7			8.45			-0.140988
8			8.45			-0.0497858
9			8.45			0.415214

0			8.5			-0.41699
1			8.5			0.0356448
2			8.5			0.142283
3			8.5			0.0420365
4			8.5			-0.0262309
5			8.5			0.0262309
6			8.5			-0.0420365
7			8.5			-0.142283
8			8.5			-0.0356448
9			8.5			0.41699

0			8.55			-0.418414
1			8.55			0.0212592
2			8.55			0.1435
3			8.55			0.0422507
4			8.55			-0.0281773
5			8.55			0.0281773
6			8.55			-0.0422507
7			8.55			-0.1435
8			8.55			-0.0212592
9			8.55			0.418414

0			8.6			-0.419508
1			8.6			0.00667249
2			8.6			0.14461
3			8.6			0.0424044
4			8.6			-0.0299396
5			8.6			0.0299396
6			8.6			-0.0424044
7			8.6			-0.14461
8			8.6			-0.00667249
9			8.6			0.419508

0			8.65			-0.42029
1			8.65			-0.00807083
2			8.65			0.145586
3			8.65			0.0425032
4			8.65			-0.0315123
5			8.65			0.0315123
6			8.65			-0.0425032
7			8.65			-0.145586
8			8.65			0.00807083
9			8.65			0.42029

0			8.7			-0.420783
1			8.7			-0.0229251
2			8.7			0.146395
3			8.7			0.0425539
4			8.7			-0.0328915
5			8.7			0.0328915
6			8.7			-0.0425539
7			8.7			-0.146395
8			8.7			0.0229251
9			8.7			0.420783

0			8.75			-0.421007
1			8.75			-0.0378441
2			8.75			0.147009
3			8.75			0.0425639
4			8.75			-0.0340748
5			8.75			0.0340748
6			8.75			-0.0425639
7			8.75			-0.147009
8			8.75			0.0378441
9			8.75			0.421007

0			8.8			-0.420987
1			8.8			-0.0527808
2			8.8			0.147396
3			8.8			0.0425418
4			8.8			-0.0350616
5			8.8			0.0350616
6			8.8			-0.0425418
7			8.8			-0.147396
8			8.8			0.0527808
9			8.8			0.420987

0			8.85			-0.420743
1			8.85			-0.0676884
2			8.85			0.147526
3			8.85			0.0424967
4			8.85			-0.0358522
5			8.85			0.0358522
6			8.85			-0.0424967
7			8.85			-0.147526
8			8.85			0.0676884
9			8.85			0.420743

0			8.9			-0.4203
1			8.9			-0.0825198
2			8.9			0.14737
3			8.9			0.0424383
4			8.9			-0.0364489
5			8.9			0.0364489
6			8.9			-0.0424383
7			8.9			-0.14737
8			8.9			0.0825198
9			8.9			0.4203

0			8.95			-0.41968
1			8.95			-0.0972287
2			8.95			0.146897
3			8.95			0.042377
4			8.95			-0.0368549
5			8.95			0.0368549
6			8.95			-0.042377
7			8.95			-0.146897
8			8.95			0.0972287
9			8.95			0.41968

0			9			-0.418906
1			9			-0.111769
2			9			0.14608
3			9			0.0423231
4			9			-0.0370749
5			9			0.0370749
6			9			-0.0423231
7			9			-0.14608
8			9			0.111769
9			9			0.418906

0			9.05			-0.418002
1			9.05			-0.126096
2			9.05			0.144891
3			9.05			0.0422873
4			9.05			-0.0371146
5			9.05			0.0371146
6			9.05			-0.0422873
7			9.05			-0.144891
8			9.05			0.126096
9			9.05			0.418002

0			9.1			-0.416989
1			9.1			-0.140165
2			9.1			0.143304
3			9.1			0.0422803
4			9.1			-0.0369811
5			9.1			0.0369811
6			9.1			-0.0422803
7			9.1			-0.143304
8			9.1			0.140165
9			9.1			0.416989

0			9.15			-0.41589
1			9.15			-0.153935
2			9.15			0.141294
3			9.15			0.0423126
4			9.15			-0.0366821
5			9.15			0.0366821
6			9.15			-0.0423126
7			9.15			-0.141294
8			9.15			0.153935
9			9.15			0.41589

0			9.2			-0.414728
1			9.2			-0.167364
2			9.2			0.13884
3			9.2			0.0423943
4			9.2			-0.0362263
5			9.2			0.0362263
6			9.2			-0.0423943
7			9.2			-0.13884
8			9.2			0.167364
9			9.2			0.414728

0			9.25			-0.413522
1			9.25			-0.180414
2			9.25			0.135921
3			9.25			0.0425351
4			9.25			-0.0356234
5			9.25			0.0356234
6			9.25			-0.0425351
7			9.25			-0.135921
8			9.25			0.180414
9			9.25			0.413522

0			9.3			-0.412295
1			9.3			-0.193049
2			9.3			0.132519
3			9.3			0.0427441
4			9.3			-0.0348835
5			9.3			0.0348835
6			9.3			-0.0427441
7			9.3			-0.132519
8			9.3			0.193049
9			9.3			0.412295

0			9.35			-0.411066
1			9.35			-0.205233
2			9.35			0.128618
3			9.35			0.0430296
4			9.35			-0.0340173
5			9.35			0.0340173
6			9.35			-0.0430296
7			9.35			-0.128618
8			9.35			0.205233
9			9.35			0.411066

0			9.4			-0.409853
1			9.4			-0.216935
2			9.4			0.124205
3			9.4			0.043399
4			9.4			-0.0330359
5			9.4			0.0330359
6			9.4			-0.043399
7			9.4			-0.124205
8			9.4			0.216935
9			9.4			0.409853

0			9.45			-0.408676
1			9.45			-0.228128
2			9.45			0.11927
3			9.45			0.0438588
4			9.45			-0.0319507
5			9.45			0.0319507
6			9.45			-0.0438588
7			9.45			-0.11927
8			9.45			0.228128
9			9.45			0.408676

0			9.5			-0.407551
1			9.5			-0.238783
2			9.5			0.113806
3			9.5			0.0444144
4			9.5			-0.0307734
5			9.5			0.0307734
6			9.5			-0.0444144
7			9.5			-0.113806
8			9.5			0.238783
9			9.5			0.407551

0			9.55			-0.406493
1			9.55			-0.248879
2			9.55			0.10781
3			9.55			0.0450697
4			9.55			-0.0295157
5			9.55			0.0295157
6			9.55			-0.0450697
7			9.55			-0.10781
8			9.55			0.248879
9			9.55			0.406493

0			9.6			-0.405519
1			9.6			-0.258396
2			9.6			0.101279
3			9.6			0.0458275
4			9.6			-0.0281893
5			9.6			0.0281893
6			9.6			-0.0458275
7			9.6			-0.101279
8			9.6			0.258396
9			9.6			0.405519

0			9.65			-0.404641
1			9.65			-0.267317
2			9.65			0.0942175
3			9.65			0.0466891
4			9.65			-0.0268058
5			9.65			0.0268058
6			9.65			-0.0466891
7			9.65			-0.0942175
8			9.65			0.267317
9			9.65			0.404641

0			9.7			-0.403872
1			9.7			-0.27563
2			9.7			0.0866305
3			9.7			0.0476546
4			9.7			-0.0253766
5			9.7			0.0253766
6			9.7			-0.0476546
7			9.7			-0.0866305
8			9.7			0.27563
9			9.7			0.403872

0			9.75			-0.403222
1			9.75			-0.283325
2			9.75			0.0785273
3			9.75			0.0487222
4			9.75			-0.0239128
5			9.75			0.0239128
6			9.75			-0.0487222
7			9.75			-0.0785273
8			9.75			0.283325
9			9.75			0.403222

0			9.8			-0.402702
1			9.8			-0.290395
2			9.8			0.0699205
3			9.8			0.0498888
4			9.8			-0.0224251
5			9.8			0.0224251
6			9.8			-0.0498888
7			9.8			-0.0699205
8			9.8			0.290395
9			9.8			0.402702

0			9.85			-0.40232
1			9.85			-0.296838
2			9.85			0.0608262
3			9.85			0.0511497
4			9.85			-0.020924
5			9.85			0.020924
6			9.85			-0.0511497
7			9.85			-0.0608262
8			9.85			0.296838
9			9.85			0.40232

0			9.9			-0.402082
1			9.9			-0.302656
2			9.9			0.0512637
3			9.9			0.0524987
4			9.9			-0.0194191
5			9.9			0.0194191
6			9.9			-0.0524987
7			9.9			-0.0512637
8			9.9			0.302656
9			9.9			0.402082

0			9.95			-0.401995
1			9.95			-0.307852
2			9.95			0.0412555
3			9.95			0.053928
4			9.95			-0.0179199
5			9.95			0.0179199
6			9.95			-0.053928
7			9.95			-0.0412555
8			9.95			0.307852
9			9.95			0.401995

0			10			-0.402062
1			10			-0.312434
2			10			0.0308273
3			10			0.0554284
4			10			-0.016435
5			10			0.016435
6			10			-0.0554284
7			10			-0.0308273
8			10			0.312434
9			10			0.402062

0			10.05			-0.402286
1			10.05			-0.316413
2			10.05			0.020008
3			10.05			0.056989
4			10.05			-0.0149727
5			10.05			0.0149727
6			10.05			-0.056989
7			10.05			-0.020008
8			10.05			0.316413
9			10.05			0.402286

0			10.1			-0.402669
1			10.1			-0.319805
2			10.1			0.0088292
3			10.1			0.058598
4			10.1			-0.0135403
5			10.1			0.0135403
6			10.1			-0.058598
7			10.1			-0.0088292
8			10.1			0.319805
9			10.1			0.402669

0			10.15			-0.403212
1			10.15			-0.322625
2			10.15			-0.00267467
3			10.15			0.0602418
4			10.15			-0.0121449
5			10.15			0.0121449
6			10.15			-0.0602418
7			10.15			0.00267467
8			10.15			0.322625
9			10.15			0.403212

0			10.2			-0.403912
1			10.2			-0.324896
2			10.2			-0.0144666
3			10.2			0.0619059
4			10.2			-0.0107927
5			10.2			0.0107927
6			10.2			-0.0619059
7			10.2			0.0144666
8			10.2			0.324896
9			10.2			0.403912

0			10.25			-0.404768
1			10.25			-0.326639
2			10.25			-0.0265073
3			10.25			0.0635747
4			10.25			-0.00948943
5			10.25			0.00948943
6			10.25			-0.0635747
7			10.25			0.0265073
8			10.25			0.326639
9			10.25			0.404768

0			10.3			-0.405775
1			10.3			-0.327881
2			10.3			-0.0387553
3			10.3			0.0652315
4			10.3			-0.00824013
5			10.3			0.00824013
6			10.3			-0.0652315
7			10.3			0.0387553
8			10.3			0.327881
9			10.3			0.405775

0			10.35			-0.40693
1			10.35			-0.328651
2			10.35			-0.0511672
3			10.35			0.0668591
4			10.35			-0.00704935
5			10.35			0.00704935
6			10.35			-0.0668591
7			10.35			0.0511672
8			10.35			0.328651
9			10.35			0.40693

0			10.4			-0.408227
1			10.4			-0.32898
2			10.4			-0.063698
3			10.4			0.0684392
4			10.4			-0.00592112
5			10.4			0.00592112
6			10.4			-0.0684392
7			10.4			0.063698
8			10.4			0.32898
9			10.4			0.408227

0			10.45			-0.409659
1			10.45			-0.328899
2			10.45			-0.0763015
3			10.45			0.0699533
4			10.45			-0.00485897
5			10.45			0.00485897
6			10.45			-0.0699533
7			10.45			0.0763015
8			10.45			0.328899
9			10.45			0.409659

0			10.5			-0.411218
1			10.5			-0.328444
2			10.5			-0.0889301
3			10.5			0.0713824
4			10.5			-0.00386599
5			10.5			0.00386599
6			10.5			-0.0713824
7			10.5			0.0889301
8			10.5			0.328444
9			10.5			0.411218

0			10.55			-0.412896
1			10.55			-0.327651
2			10.55			-0.101536
3			10.55			0.0727075
4			10.55			-0.00294491
5			10.55			0.00294491
6			10.55			-0.0727075
7			10.55			0.101536
8			10.55			0.327651
9			10.55			0.412896

0			10.6			-0.414683
1			10.6			-0.326557
2			10.6			-0.11407
3			10.6			0.0739094
4			10.6			-0.00209813
5			10.6			0.00209813
6			10.6			-0.0739094
7			10.6			0.11407
8			10.6			0.326557
9			10.6			0.414683

0			10.65			-0.416571
1			10.65			-0.325201
2			10.65			-0.126484
3			10.65			0.0749691
4			10.65			-0.00132779
5			10.65			0.00132779
6			10.65			-0.0749691
7			10.65			0.126484
8			10.65			0.325201
9			10.65			0.416571

0			10.7			-0.418548
1			10.7			-0.323622
2			10.7			-0.138728
3			10.7			0.0758681
4			10.7			-0.000635819
5			10.7			0.000635819
6			10.7			-0.0758681
7			10.7			0.138728
8			10.7			0.323622
9			10.7			0.418548

0			10.75			-0.420603
1			10.75			-0.32186
2			10.75			-0.150755
3			10.75			0.0765883
4			10.75			-2.40268e-05
5			10.75			2.40268e-05
6			10.75			-0.0765883
7			10.75			0.150755
8			10.75			0.32186
9			10.75			0.420603

0			10.8			-0.422726
1			10.8			-0.319955
2			10.8			-0.162517
3			10.8			0.0771124
4			10.8			0.000505868
5			10.8			-0.000505868
6			10.8			-0.0771124
7			10.8			0.162517
8			10.8			0.319955
9			10.8			0.422726

0			10.85			-0.424904
1			10.85			-0.317946
2			10.85			-0.173968
3			10.85			0.0774238
4			10.85			0.000952163
5			10.85			-0.000952163
6			10.85			-0.0774238
7			10.85			0.173968
8			10.85			0.317946
9			10.85			0.424904

0			10.9			-0.427125
1			10.9			-0.315875
2			10.9			-0.185062
3			10.9			0.0775072
4			10.9			0.00131311
5			10.9			-0.00131311
6			10.9			-0.0775072
7			10.9			0.185062
8			10.9			0.315875
9			10.9			0.427125

0			10.95			-0.429379
1			10.95			-0.313779
2			10.95			-0.195757
3			10.95			0.0773483
4			10.95			0.00158688
5			10.95			-0.00158688
6			10.95			-0.0773483
7			10.95			0.195757
8			10.95			0.313779
9			10.95			0.429379

0			11			-0.431653
1			11			-0.311697
2			11			-0.20601
3			11			0.0769342
4			11			0.0017715
5			11			-0.0017715
6			11			-0.0769342
7			11			0.20601
8			11			0.311697
9			11			0.431653

0			11.05			-0.433934
1			11.05			-0.309666
2			11.05			-0.215783
3			11.05			0.0762537
4			11.05			0.00186479
5			11.05			-0.00186479
6			11.05			-0.0762537
7			11.05			0.215783
8			11.05			0.309666
9			11.05			0.433934

0			11.1			-0.436213
1			11.1			-0.307723
2			11.1			-0.225038
3			11.1			0.0752968
4			11.1			0.00186438
5			11.1			-0.00186438
6			11.1			-0.0752968
7			11.1			0.225038
8			11.1			0.307723
9			11.1			0.436213

0			11.15			-0.438476
1			11.15			-0.305901
2			11.15			-0.233742
3			11.15			0.0740557
4			11.15			0.00176764
5			11.15			-0.00176764
6			11.15			-0.0740557
7			11.15			0.233742
8			11.15			0.305901
9			11.15			0.438476

0			11.2			-0.440714
1			11.2			-0.304234
2			11.2			-0.241863
3			11.2			0.072524
4			11.2			0.00157166
5			11.2			-0.00157166
6			11.2			-0.072524
7			11.2			0.241863
8			11.2			0.304234
9			11.2			0.440714

0			11.25			-0.442916
1			11.25			-0.302751
2			11.25			-0.249373
3			11.25			0.0706976
4			11.25			0.00127326
5			11.25			-0.00127326
6			11.25			-0.0706976
7			11.25			0.249373
8			11.25			0.302751
9			11.25			0.442916

0			11.3			-0.44507
1			11.3			-0.301482
2			11.3			-0.256247
3			11.3			0.0685741
4			11.3			0.00086896
5			11.3			-0.00086896
6			11.3			-0.0685741
7			11.3			0.256247
8			11.3			0.301482
9			11.3			0.44507

0			11.35			-0.447169
1			11.35			-0.300452
2			11.35			-0.262464
3			11.35			0.0661533
4			11.35			0.000354999
5			11.35			-0.000354999
6			11.35			-0.0661533
7			11.35			0.262464
8			11.35			0.300452
9			11.35			0.447169

0			11.4			-0.449203
1			11.4			-0.299685
2			11.4			-0.268005
3			11.4			0.0634369
4			11.4			-0.000272645
5			11.4			0.000272645
6			11.4			-0.0634369
7			11.4			0.268005
8			11.4			0.299685
9			11.4			0.449203

0			11.45			-0.451164
1			11.45			-0.299202
2			11.45			-0.272858
3			11.45			0.0604288
4			11.45			-0.00101824
5			11.45			0.00101824
6			11.45			-0.0604288
7			11.45			0.272858
8			11.45			0.299202
9			11.45			0.451164

0			11.5			-0.453044
1			11.5			-0.299022
2			11.5			-0.277011
3			11.5			0.0571351
4			11.5			-0.00188627
5			11.5			0.00188627
6			11.5			-0.0571351
7			11.5			0.277011
8			11.5			0.299022
9			11.5			0.453044

0			11.55			-0.454837
1			11.55			-0.299159
2			11.55			-0.280458
3			11.55			0.0535636
4			11.55			-0.00288136
5			11.55			0.00288136
6			11.55			-0.0535636
7			11.55			0.280458
8			11.55			0.299159
9			11.55			0.454837

0			11.6			-0.456537
1			11.6			-0.299626
2			11.6			-0.283196
3			11.6			0.0497244
4			11.6			-0.00400828
5			11.6			0.00400828
6			11.6			-0.0497244
7			11.6			0.283196
8			11.6			0.299626
9			11.6			0.456537

0			11.65			-0.458139
1			11.65			-0.300432
2			11.65			-0.285226
3			11.65			0.0456294
4			11.65			-0.00527184
5			11.65			0.00527184
6			11.65			-0.0456294
7			11.65			0.285226
8			11.65			0.300432
9			11.65			0.458139

0			11.7			-0.459639
1			11.7			-0.301584
2			11.7			-0.286553
3			11.7			0.0412925
4			11.7			-0.00667681
5			11.7			0.00667681
6			11.7			-0.0412925
7			11.7			0.286553
8			11.7			0.301584
9			11.7			0.459639

0			11.75			-0.461033
1			11.75			-0.303086
2			11.75			-0.287186
3			11.75			0.0367293
4			11.75			-0.00822789
5			11.75			0.00822789
6			11.75			-0.0367293
7			11.75			0.287186
8			11.75			0.303086
9			11.75			0.461033

0			11.8			-0.46232
1			11.8			-0.304937
2			11.8			-0.287137
3			11.8			0.031957
4			11.8			-0.00992961
5			11.8			0.00992961
6			11.8			-0.031957
7			11.8			0.287137
8			11.8			0.304937
9			11.8			0.46232

0			11.85			-0.463498
1			11.85			-0.307135
2			11.85			-0.286422
3			11.85			0.0269944
4			11.85			-0.0117862
5			11.85			0.0117862
6			11.85			-0.0269944
7			11.85			0.286422
8			11.85			0.307135
9			11.85			0.463498

0			11.9			-0.464567
1			11.9			-0.309674
2			11.9			-0.285061
3			11.9			0.0218616
4			11.9			-0.0138016
5			11.9			0.0138016
6			11.9			-0.0218616
7			11.9			0.285061
8			11.9			0.309674
9			11.9			0.464567

0			11.95			-0.465526
1			11.95			-0.312546
2			11.95			-0.283076
3			11.95			0.0165802
4			11.95			-0.0159791
5			11.95			0.0159791
6			11.95			-0.0165802
7			11.95			0.283076
8			11.95			0.312546
9			11.95			0.465526

0			12			-0.466378
1			12			-0.31574
2			12			-0.280493
3			12			0.0111726
4			12			-0.0183217
5			12			0.0183217
6			12			-0.0111726
7			12			0.280493
8			12			0.31574
9			12			0.466378

0			12.05			-0.467124
1			12.05			-0.319242
2			12.05			-0.277342
3			12.05			0.00566221
4			12.05			-0.0208316
5			12.05			0.0208316
6			12.05			-0.00566221
7			12.05			0.277342
8			12.05			0.319242
9			12.05			0.467124

0			12.1			-0.467768
1			12.1			-0.323035
2			12.1			-0.273653
3			12.1			7.30713e-05
4			12.1			-0.0235102
5			12.1			0.0235102
6			12.1			-7.30713e-05
7			12.1			0.273653
8			12.1			0.323035
9			12.1			0.467768

0			12.15			-0.468312
1			12.15			-0.327099
2			12.15			-0.269461
3			12.15			-0.00557019
4			12.15			-0.0263581
5			12.15			0.0263581
6			12.15			0.00557019
7			12.15			0.269461
8			12.15			0.327099
9			12.15			0.468312

0			12.2			-0.468762
1			12.2			-0.331415
2			12.2			-0.264802
3			12.2			-0.0112427
4			12.2			-0.029375
5			12.2			0.029375
6			12.2			0.0112427
7			12.2			0.264802
8			12.2			0.331415
9			12.2			0.468762

0			12.25			-0.469123
1			12.25			-0.335959
2			12.25			-0.259714
3			12.25			-0.0169193
4			12.25			-0.0325593
5			12.25			0.0325593
6			12.25			0.0169193
7			12.25			0.259714
8			12.25			0.335959
9			12.25			0.469123

0			12.3			-0.4694
1			12.3			-0.340705
2			12.3			-0.254239
3			12.3			-0.0225752
4			12.3			-0.0359087
5			12.3			0.0359087
6			12.3			0.0225752
7			12.3			0.254239
8			12.3			0.340705
9			12.3			0.4694

0			12.35			-0.469599
1			12.35			-0.345628
2			12.35			-0.248416
3			12.35			-0.0281857
4			12.35			-0.0394193
5			12.35			0.0394193
6			12.35			0.0281857
7			12.35			0.248416
8			12.35			0.345628
9			12.35			0.469599

0			12.4			-0.469728
1			12.4			-0.350697
2			12.4			-0.24229
3			12.4			-0.0337267
4			12.4			-0.043086
5			12.4			0.043086
6			12.4			0.0337267
7			12.4			0.24229
8			12.4			0.350697
9			12.4			0.469728

0			12.45			-0.469794
1			12.45			-0.355885
2			12.45			-0.235904
3			12.45			-0.0391747
4			12.45			-0.0469025
5			12.45			0.0469025
6			12.45			0.0391747
7			12.45			0.235904
8			12.45			0.355885
9			12.45			0.469794

0			12.5			-0.469804
1			12.5			-0.361159
2			12.5			-0.229302
3			12.5			-0.0445072
4			12.5			-0.0508609
5			12.5			0.0508609
6			12.5			0.0445072
7			12.5			0.229302
8			12.5			0.361159
9			12.5			0.469804

0			12.55			-0.469767
1			12.55			-0.36649
2			12.55			-0.222529
3			12.55			-0.0497028
4			12.55			-0.054952
5			12.55			0.054952
6			12.55			0.0497028
7			12.55			0.222529
8			12.55			0.36649
9			12.55			0.469767

0			12.6			-0.46969
1			12.6			-0.371844
2			12.6			-0.215629
3			12.6			-0.0547411
4			12.6			-0.0591649
5			12.6			0.0591649
6			12.6			0.0547411
7			12.6			0.215629
8			12.6			0.371844
9			12.6			0.46969

0			12.65			-0.469581
1			12.65			-0.377189
2			12.65			-0.208647
3			12.65			-0.0596035
4			12.65			-0.0634876
5			12.65			0.0634876
6			12.65			0.0596035
7			12.65			0.208647
8			12.65			0.377189
9			12.65			0.469581

0			12.7			-0.469449
1			12.7			-0.382492
2			12.7			-0.201627
3			12.7			-0.0642728
4			12.7			-0.0679063
5			12.7			0.0679063
6			12.7			0.0642728
7			12.7			0.201627
8			12.7			0.382492
9			12.7			0.469449

0			12.75			-0.469302
1			12.75			-0.387722
2			12.75			-0.19461
3			12.75			-0.0687333
4			12.75			-0.0724057
5			12.75			0.0724057
6			12.75			0.0687333
7			12.75			0.19461
8			12.75			0.387722
9			12.75			0.469302

0			12.8			-0.469149
1			12.8			-0.392847
2			12.8			-0.18764
3			12.8			-0.0729715
4			12.8			-0.0769693
5			12.8			0.0769693
6			12.8			0.0729715
7			12.8			0.18764
8			12.8			0.392847
9			12.8			0.469149

0			12.85			-0.468997
1			12.85			-0.397833
2			12.85			-0.180756
3			12.85			-0.0769756
4			12.85			-0.081579
5			12.85			0.081579
6			12.85			0.0769756
7			12.85			0.180756
8			12.85			0.397833
9			12.85			0.468997

0			12.9			-0.468854
1			12.9			-0.402652
2			12.9			-0.173998
3			12.9			-0.080736
4			12.9			-0.0862155
5			12.9			0.0862155
6			12.9			0.080736
7			12.9			0.173998
8			12.9			0.402652
9			12.9			0.468854

0			12.95			-0.468728
1			12.95			-0.407273
2			12.95			-0.167402
3			12.95			-0.084245
4			12.95			-0.0908581
5			12.95			0.0908581
6			12.95			0.084245
7			12.95			0.167402
8			12.95			0.407273
9			12.95			0.468728

0			13			-0.468625
1			13			-0.411667
2			13			-0.161003
3			13			-0.0874974
4			13			-0.095485
5			13			0.095485
6			13			0.0874974
7			13			0.161003
8			13			0.411667
9			13			0.468625

0			13.05			-0.468553
1			13.05			-0.415807
2			13.05			-0.154834
3			13.05			-0.0904898
4			13.05			-0.100073
5			13.05			0.100073
6			13.05			0.0904898
7			13.05			0.154834
8			13.05			0.415807
9			13.05			0.468553

0			13.1			-0.468517
1			13.1			-0.419669
2			13.1			-0.148925
3			13.1			-0.0932213
4			13.1			-0.104599
5			13.1			0.104599
6			13.1			0.0932213
7			13.1			0.148925
8			13.1			0.419669
9			13.1			0.468517

0			13.15			-0.468524
1			13.15			-0.423227
2			13.15			-0.143304
3			13.15			-0.095693
4			13.15			-0.109038
5			13.15			0.109038
6			13.15			0.095693
7			13.15			0.143304
8			13.15			0.423227
9			13.15			0.468524

0			13.2			-0.468577
1			13.2			-0.42646
2			13.2			-0.137996
3			13.2			-0.0979085
4			13.2			-0.113365
5			13.2			0.113365
6			13.2			0.0979085
7			13.2			0.137996
8			13.2			0.42646
9			13.2			0.468577

0			13.25			-0.468681
1			13.25			-0.429348
2			13.25			-0.133022
3			13.25			-0.0998732
4			13.25			-0.117554
5			13.25			0.117554
6			13.25			0.0998732
7			13.25			0.133022
8			13.25			0.429348
9			13.25			0.468681

0			13.3			-0.46884
1			13.3			-0.431873
2			13.3			-0.128403
3			13.3			-0.101595
4			13.3			-0.12158
5			13.3			0.12158
6			13.3			0.101595
7			13.3			0.128403
8			13.3			0.431873
9			13.3			0.46884

0			13.35			-0.469056
1			13.35			-0.434019
2			13.35			-0.124154
3			13.35			-0.103083
4			13.35			-0.125415
5			13.35			0.125415
6			13.35			0.103083
7			13.35			0.124154
8			13.35			0.434019
9			13.35			0.469056

0			13.4			-0.469332
1			13.4			-0.435774
2			13.4			-0.120288
3			13.4			-0.104348
4			13.4			-0.129034
5			13.4			0.129034
6			13.4			0.104348
7			13.4			0.120288
8			13.4			0.435774
9			13.4			0.469332

0			13.45			-0.469668
1			13.45			-0.437126
2			13.45			-0.116817
3			13.45			-0.105405
4			13.45			-0.132411
5			13.45			0.132411
6			13.45			0.105405
7			13.45			0.116817
8			13.45			0.437126
9			13.45			0.469668

0			13.5			-0.470065
1			13.5			-0.438066
2			13.5			-0.113747
3			13.5			-0.106268
4			13.5			-0.135522
5			13.5			0.135522
6			13.5			0.106268
7			13.5			0.113747
8			13.5			0.438066
9			13.5			0.470065

0			13.55			-0.470522
1			13.55			-0.43859
2			13.55			-0.111083
3			13.55			-0.106954
4			13.55			-0.138341
5			13.55			0.138341
6			13.55			0.106954
7			13.55			0.111083
8			13.55			0.43859
9			13.55			0.470522

0			13.6			-0.471037
1			13.6			-0.438693
2			13.6			-0.108825
3			13.6			-0.107479
4			13.6			-0.140844
5			13.6			0.140844
6			13.6			0.107479
7			13.6			0.108825
8			13.6			0.438693
9			13.6			0.471037

0			13.65			-0.471609
1			13.65			-0.438375
2			13.65			-0.106972
3			13.65			-0.107863
4			13.65			-0.143011
5			13.65			0.143011
6			13.65			0.107863
7			13.65			0.106972
8			13.65			0.438375
9			13.65			0.471609

0			13.7			-0.472234
1			13.7			-0.437638
2			13.7			-0.105521
3			13.7			-0.108126
4			13.7			-0.144818
5			13.7			0.144818
6			13.7			0.108126
7			13.7			0.105521
8			13.7			0.437638
9			13.7			0.472234

0			13.75			-0.472908
1			13.75			-0.436484
2			13.75			-0.104463
3			13.75			-0.108288
4			13.75			-0.146247
5			13.75			0.146247
6			13.75			0.108288
7			13.75			0.104463
8			13.75			0.436484
9			13.75			0.472908

0			13.8			-0.473626
1			13.8			-0.434921
2			13.8			-0.10379
3			13.8			-0.108371
4			13.8			-0.14728
5			13.8			0.14728
6			13.8			0.108371
7			13.8			0.10379
8			13.8			0.434921
9			13.8			0.473626

0			13.85			-0.474382
1			13.85			-0.432958
2			13.85			-0.103489
3			13.85			-0.108395
4			13.85			-0.147901
5			13.85			0.147901
6			13.85			0.108395
7			13.85			0.103489
8			13.85			0.432958
9			13.85			0.474382

0			13.9			-0.475169
1			13.9			-0.430605
2			13.9			-0.103546
3			13.9			-0.108383
4			13.9			-0.148097
5			13.9			0.148097
6			13.9			0.108383
7			13.9			0.103546
8			13.9			0.430605
9			13.9			0.475169

0			13.95			-0.475981
1			13.95			-0.427876
2			13.95			-0.103945
3			13.95			-0.108355
4			13.95			-0.147855
5			13.95			0.147855
6			13.95			0.108355
7			13.95			0.103945
8			13.95			0.427876
9			13.95			0.475981

0			14			-0.476809
1			14			-0.424786
2			14			-0.104669
3			14			-0.108334
4			14			-0.147168
5			14			0.147168
6			14			0.108334
7			14			0.104669
8			14			0.424786
9			14			0.476809

0			14.05			-0.477645
1			14.05			-0.421352
2			14.05			-0.105696
3			14.05			-0.108339
4			14.05			-0.146029
5			14.05			0.146029
6			14.05			0.108339
7			14.05			0.105696
8			14.05			0.421352
9			14.05			0.477645

0			14.1			-0.478478
1			14.1			-0.417592
2			14.1			-0.107006
3			14.1			-0.108392
4			14.1			-0.144435
5			14.1			0.144435
6			14.1			0.108392
7			14.1			0.107006
8			14.1			0.417592
9			14.1			0.478478

0			14.15			-0.4793
1			14.15			-0.413529
2			14.15			-0.108576
3			14.15			-0.10851
4			14.15			-0.142386
5			14.15			0.142386
6			14.15			0.10851
7			14.15			0.108576
8			14.15			0.413529
9			14.15			0.4793

0			14.2			-0.480098
1			14.2			-0.409183
2			14.2			-0.110384
3			14.2			-0.108713
4			14.2			-0.139882
5			14.2			0.139882
6			14.2			0.108713
7			14.2			0.110384
8			14.2			0.409183
9			14.2			0.480098

0			14.25			-0.480863
1			14.25			-0.404578
2			14.25			-0.112403
3			14.25			-0.109017
4			14.25			-0.136931
5			14.25			0.136931
6			14.25			0.109017
7			14.25			0.112403
8			14.25			0.404578
9			14.25			0.480863

0			14.3			-0.481582
1			14.3			-0.399738
2			14.3			-0.11461
3			14.3			-0.109437
4			14.3			-0.133541
5			14.3			0.133541
6			14.3			0.109437
7			14.3			0.11461
8			14.3			0.399738
9			14.3			0.481582

0			14.35			-0.482244
1			14.35			-0.39469
2			14.35			-0.116979
3			14.35			-0.109988
4			14.35			-0.129724
5			14.35			0.129724
6			14.35			0.109988
7			14.35			0.116979
8			14.35			0.39469
9			14.35			0.482244

0			14.4			-0.482836
1			14.4			-0.389459
2			14.4			-0.119485
3			14.4			-0.110682
4			14.4			-0.125493
5			14.4			0.125493
6			14.4			0.110682
7			14.4			0.119485
8			14.4			0.389459
9			14.4			0.482836

0			14.45			-0.483347
1			14.45			-0.384073
2			14.45			-0.122101
3			14.45			-0.111529
4			14.45			-0.120868
5			14.45			0.120868
6			14.45			0.111529
7			14.45			0.122101
8			14.45			0.384073
9			14.45			0.483347

0			14.5			-0.483763
1			14.5			-0.378558
2			14.5			-0.124803
3			14.5			-0.112537
4			14.5			-0.11587
5			14.5			0.11587
6			14.5			0.112537
7			14.5			0.124803
8			14.5			0.378558
9			14.5			0.483763

0			14.55			-0.484072
1			14.55			-0.372943
2			14.55			-0.127566
3			14.55			-0.113713
4			14.55			-0.110521
5			14.55			0.110521
6			14.55			0.113713
7			14.55			0.127566
8			14.55			0.372943
9			14.55			0.484072

0			14.6			-0.484262
1			14.6			-0.367255
2			14.6			-0.130366
3			14.6			-0.115061
4			14.6			-0.104849
5			14.6			0.104849
6			14.6			0.115061
7			14.6			0.130366
8			14.6			0.367255
9			14.6			0.484262

0			14.65			-0.484318
1			14.65			-0.361522
2			14.65			-0.133179
3			14.65			-0.116584
4			14.65			-0.0988842
5			14.65			0.0988842
6			14.65			0.116584
7			14.65			0.133179
8			14.65			0.361522
9			14.65			0.484318

0			14.7			-0.48423
1			14.7			-0.355772
2			14.7			-0.135983
3			14.7			-0.118281
4			14.7			-0.0926578
5			14.7			0.0926578
6			14.7			0.118281
7			14.7			0.135983
8			14.7			0.355772
9			14.7			0.48423

0			14.75			-0.483984
1			14.75			-0.35003
2			14.75			-0.138758
3			14.75			-0.12015
4			14.75			-0.0862046
5			14.75			0.0862046
6			14.75			0.12015
7			14.75			0.138758
8			14.75			0.35003
9			14.75			0.483984

0			14.8			-0.483569
1			14.8			-0.344325
2			14.8			-0.141482
3			14.8			-0.122188
4			14.8			-0.0795614
5			14.8			0.0795614
6			14.8			0.122188
7			14.8			0.141482
8			14.8			0.344325
9			14.8			0.483569

0			14.85			-0.482972
1			14.85			-0.338681
2			14.85			-0.144139
3			14.85			-0.124387
4			14.85			-0.0727669
5			14.85			0.0727669
6			14.85			0.124387
7			14.85			0.144139
8			14.85			0.338681
9			14.85			0.482972

0			14.9			-0.482183
1			14.9			-0.333123
2			14.9			-0.14671
3			14.9			-0.12674
4			14.9			-0.0658616
5			14.9			0.0658616
6			14.9			0.12674
7			14.9			0.14671
8			14.9			0.333123
9			14.9			0.482183

0			14.95			-0.48119
1			14.95			-0.327675
2			14.95			-0.149181
3			14.95			-0.129237
4			14.95			-0.0588876
5			14.95			0.0588876
6			14.95			0.129237
7			14.95			0.149181
8			14.95			0.327675
9			14.95			0.48119

0			15			-0.479983
1			15			-0.322359
2			15			-0.151537
3			15			-0.131865
4			15			-0.051888
5			15			0.051888
6			15			0.131865
7			15			0.151537
8			15			0.322359
9			15			0.479983

0			15.05			-0.478552
1			15.05			-0.317197
2			15.05			-0.153768
3			15.05			-0.13461
4			15.05			-0.044907
5			15.05			0.044907
6			15.05			0.13461
7			15.05			0.153768
8			15.05			0.317197
9			15.05			0.478552

0			15.1			-0.476887
1			15.1			-0.312209
2			15.1			-0.155863
3			15.1			-0.137457
4			15.1			-0.0379895
5			15.1			0.0379895
6			15.1			0.137457
7			15.1			0.155863
8			15.1			0.312209
9			15.1			0.476887

0			15.15			-0.47498
1			15.15			-0.307412
2			15.15			-0.157814
3			15.15			-0.140389
4			15.15			-0.0311804
5			15.15			0.0311804
6			15.15			0.140389
7			15.15			0.157814
8			15.15			0.307412
9			15.15			0.47498

0			15.2			-0.472823
1			15.2			-0.302825
2			15.2			-0.159614
3			15.2			-0.143387
4			15.2			-0.0245248
5			15.2			0.0245248
6			15.2			0.143387
7			15.2			0.159614
8			15.2			0.302825
9			15.2			0.472823

0			15.25			-0.470408
1			15.25			-0.298462
2			15.25			-0.161259
3			15.25			-0.146434
4			15.25			-0.0180675
5			15.25			0.0180675
6			15.25			0.146434
7			15.25			0.161259
8			15.25			0.298462
9			15.25			0.470408

0			15.3			-0.46773
1			15.3			-0.294337
2			15.3			-0.162746
3			15.3			-0.149507
4			15.3			-0.0118526
5			15.3			0.0118526
6			15.3			0.149507
7			15.3			0.162746
8			15.3			0.294337
9			15.3			0.46773

0			15.35			-0.464782
1			15.35			-0.290461
2			15.35			-0.164075
3			15.35			-0.152587
4			15.35			-0.005923
5			15.35			0.005923
6			15.35			0.152587
7			15.35			0.164075
8			15.35			0.290461
9			15.35			0.464782

0			15.4			-0.461559
1			15.4			-0.286845
2			15.4			-0.165245
3			15.4			-0.155652
4			15.4			-0.000320464
5			15.4			0.000320464
6			15.4			0.155652
7			15.4			0.165245
8			15.4			0.286845
9			15.4			0.461559

0			15.45			-0.458057
1			15.45			-0.283498
2			15.45			-0.16626
3			15.45			-0.158681
4			15.45			0.00491497
5			15.45			-0.00491497
6			15.45			0.158681
7			15.45			0.16626
8			15.45			0.283498
9			15.45			0.458057

0			15.5			-0.454273
1			15.5			-0.280425
2			15.5			-0.167122
3			15.5			-0.16165
4			15.5			0.00974524
5			15.5			-0.00974524
6			15.5			0.16165
7			15.5			0.167122
8			15.5			0.280425
9			15.5			0.454273

0			15.55			-0.450205
1			15.55			-0.277632
2			15.55			-0.167838
3			15.55			-0.16454
4			15.55			0.0141346
5			15.55			-0.0141346
6			15.55			0.16454
7			15.55			0.167838
8			15.55			0.277632
9			15.55			0.450205

0			15.6			-0.445852
1			15.6			-0.275121
2			15.6			-0.168414
3			15.6			-0.167328
4			15.6			0.0180499
5			15.6			-0.0180499
6			15.6			0.167328
7			15.6			0.168414
8			15.6			0.275121
9			15.6			0.445852

0			15.65			-0.441211
1			15.65			-0.272894
2			15.65			-0.168857
3			15.65			-0.169995
4			15.65			0.0214607
5			15.65			-0.0214607
6			15.65			0.169995
7			15.65			0.168857
8			15.65			0.272894
9			15.65			0.441211

0			15.7			-0.436284
1			15.7			-0.270951
2			15.7			-0.169177
3			15.7			-0.172519
4			15.7			0.0243399
5			15.7			-0.0243399
6			15.7			0.172519
7			15.7			0.169177
8			15.7			0.270951
9			15.7			0.436284

0			15.75			-0.431072
1			15.75			-0.269289
2			15.75			-0.169383
3			15.75			-0.174883
4			15.75			0.0266638
5			15.75			-0.0266638
6			15.75			0.174883
7			15.75			0.169383
8			15.75			0.269289
9			15.75			0.431072

0			15.8			-0.425577
1			15.8			-0.267905
2			15.8			-0.169487
3			15.8			-0.177069
4			15.8			0.0284119
5			15.8			-0.0284119
6			15.8			0.177069
7			15.8			0.169487
8			15.8			0.267905
9			15.8			0.425577

0			15.85			-0.419801
1			15.85			-0.266795
2			15.85			-0.169498
3			15.85			-0.179061
4			15.85			0.0295679
5			15.85			-0.0295679
6			15.85			0.179061
7			15.85			0.169498
8			15.85			0.266795
9			15.85			0.419801

0			15.9			-0.413747
1			15.9			-0.265951
2			15.9			-0.16943
3			15.9			-0.180843
4			15.9			0.0301193
5			15.9			-0.0301193
6			15.9			0.180843
7			15.9			0.16943
8			15.9			0.265951
9			15.9			0.413747

0			15.95			-0.407421
1			15.95			-0.265366
2			15.95			-0.169294
3			15.95			-0.182404
4			15.95			0.0300575
5			15.95			-0.0300575
6			15.95			0.182404
7			15.95			0.169294
8			15.95			0.265366
9			15.95			0.407421

0			16			-0.400827
1			16			-0.265031
2			16			-0.169103
3			16			-0.183732
4			16			0.0293783
5			16			-0.0293783
6			16			0.183732
7			16			0.169103
8			16			0.265031
9			16			0.400827

0			16.05			-0.393971
1			16.05			-0.264935
2			16.05			-0.168868
3			16.05			-0.184819
4			16.05			0.0280818
5			16.05			-0.0280818
6			16.05			0.184819
7			16.05			0.168868
8			16.05			0.264935
9			16.05			0.393971

0			16.1			-0.38686
1			16.1			-0.265069
2			16.1			-0.168603
3			16.1			-0.185657
4			16.1			0.0261721
5			16.1			-0.0261721
6			16.1			0.185657
7			16.1			0.168603
8			16.1			0.265069
9			16.1			0.38686

0			16.15			-0.3795
1			16.15			-0.265418
2			16.15			-0.168319
3			16.15			-0.186243
4			16.15			0.023658
5			16.15			-0.023658
6			16.15			0.186243
7			16.15			0.168319
8			16.15			0.265418
9			16.15			0.3795

0			16.2			-0.3719
1			16.2			-0.265971
2			16.2			-0.168029
3			16.2			-0.186574
4			16.2			0.0205523
5			16.2			-0.0205523
6			16.2			0.186574
7			16.2			0.168029
8			16.2			0.265971
9			16.2			0.3719

0			16.25			-0.364067
1			16.25			-0.266715
2			16.25			-0.167742
3			16.25			-0.18665
4			16.25			0.0168722
5			16.25			-0.0168722
6			16.25			0.18665
7			16.25			0.167742
8			16.25			0.266715
9			16.25			0.364067

0			16.3			-0.356011
1			16.3			-0.267634
2			16.3			-0.167471
3			16.3			-0.186473
4			16.3			0.0126389
5			16.3			-0.0126389
6			16.3			0.186473
7			16.3			0.167471
8			16.3			0.267634
9			16.3			0.356011

0			16.35			-0.34774
1			16.35			-0.268714
2			16.35			-0.167225
3			16.35			-0.18605
4			16.35			0.00787767
5			16.35			-0.00787767
6			16.35			0.18605
7			16.35			0.167225
8			16.35			0.268714
9			16.35			0.34774

0			16.4			-0.339265
1			16.4			-0.26994
2			16.4			-0.167012
3			16.4			-0.185386
4			16.4			0.00261779
5			16.4			-0.00261779
6			16.4			0.185386
7			16.4			0.167012
8			16.4			0.26994
9			16.4			0.339265

0			16.45			-0.330596
1			16.45			-0.271296
2			16.45			-0.166841
3			16.45			-0.184493
4			16.45			-0.00310796
5			16.45			0.00310796
6			16.45			0.184493
7			16.45			0.166841
8			16.45			0.271296
9			16.45			0.330596

0			16.5			-0.321743
1			16.5			-0.272768
2			16.5			-0.16672
3			16.5			-0.183381
4			16.5			-0.00926327
5			16.5			0.00926327
6			16.5			0.183381
7			16.5			0.16672
8			16.5			0.272768
9			16.5			0.321743

0			16.55			-0.312717
1			16.55			-0.27434
2			16.55			-0.166653
3			16.55			-0.182065
4			16.55			-0.0158087
5			16.55			0.0158087
6			16.55			0.182065
7			16.55			0.166653
8			16.55			0.27434
9			16.55			0.312717

0			16.6			-0.303529
1			16.6			-0.275996
2			16.6			-0.166647
3			16.6			-0.180561
4			16.6			-0.0227017
5			16.6			0.0227017
6			16.6			0.180561
7			16.6			0.166647
8			16.6			0.275996
9			16.6			0.303529

0			16.65			-0.294191
1			16.65			-0.277721
2			16.65			-0.166705
3			16.65			-0.178888
4			16.65			-0.0298972
5			16.65			0.0298972
6			16.65			0.178888
7			16.65			0.166705
8			16.65			0.277721
9			16.65			0.294191

0			16.7			-0.284714
1			16.7			-0.279501
2			16.7			-0.166828
3			16.7			-0.177064
4			16.7			-0.037348
5			16.7			0.037348
6			16.7			0.177064
7			16.7			0.166828
8			16.7			0.279501
9			16.7			0.284714

0			16.75			-0.275109
1			16.75			-0.281319
2			16.75			-0.16702
3			16.75			-0.175113
4			16.75			-0.0450046
5			16.75			0.0450046
6			16.75			0.175113
7			16.75			0.16702
8			16.75			0.281319
9			16.75			0.275109

0			16.8			-0.265388
1			16.8			-0.283163
2			16.8			-0.167279
3			16.8			-0.173057
4			16.8			-0.0528161
5			16.8			0.0528161
6			16.8			0.173057
7			16.8			0.167279
8			16.8			0.283163
9			16.8			0.265388

0			16.85			-0.255563
1			16.85			-0.285018
2			16.85			-0.167605
3			16.85			-0.170921
4			16.85			-0.0607303
5			16.85			0.0607303
6			16.85			0.170921
7			16.85			0.167605
8			16.85			0.285018
9			16.85			0.255563

0			16.9			-0.245646
1			16.9			-0.286871
2			16.9			-0.167996
3			16.9			-0.16873
4			16.9			-0.0686943
5			16.9			0.0686943
6			16.9			0.16873
7			16.9			0.167996
8			16.9			0.286871
9			16.9			0.245646

0			16.95			-0.235648
1			16.95			-0.288709
2			16.95			-0.168447
3			16.95			-0.16651
4			16.95			-0.0766546
5			16.95			0.0766546
6			16.95			0.16651
7			16.95			0.168447
8			16.95			0.288709
9			16.95			0.235648

0			17			-0.22558
1			17			-0.290521
2			17			-0.168955
3			17			-0.164288
4			17			-0.0845577
5			17			0.0845577
6			17			0.164288
7			17			0.168955
8			17			0.290521
9			17			0.22558

0			17.05			-0.215455
1			17.05			-0.292295
2			17.05			-0.169515
3			17.05			-0.162091
4			17.05			-0.0923508
5			17.05			0.0923508
6			17.05			0.162091
7			17.05			0.169515
8			17.05			0.292295
9			17.05			0.215455

0			17.1			-0.205283
1			17.1			-0.294022
2			17.1			-0.170118
3			17.1			-0.159948
4			17.1			-0.0999813
5			17.1			0.0999813
6			17.1			0.159948
7			17.1			0.170118
8			17.1			0.294022
9			17.1			0.205283

0			17.15			-0.195075
1			17.15			-0.29569
2			17.15			-0.170759
3			17.15			-0.157884
4			17.15			-0.107398
5			17.15			0.107398
6			17.15			0.157884
7			17.15			0.170759
8			17.15			0.29569
9			17.15			0.195075

0			17.2			-0.184843
1			17.2			-0.297292
2			17.2			-0.171429
3			17.2			-0.155926
4			17.2			-0.114553
5			17.2			0.114553
6			17.2			0.155926
7			17.2			0.171429
8			17.2			0.297292
9			17.2			0.184843

0			17.25			-0.174596
1			17.25			-0.298819
2			17.25			-0.172118
3			17.25			-0.154101
4			17.25			-0.121396
5			17.25			0.121396
6			17.25			0.154101
7			17.25			0.172118
8			17.25			0.298819
9			17.25			0.174596

0			17.3			-0.164346
1			17.3			-0.300264
2			17.3			-0.172818
3			17.3			-0.152434
4			17.3			-0.127885
5			17.3			0.127885
6			17.3			0.152434
7			17.3			0.172818
8			17.3			0.300264
9			17.3			0.164346

0			17.35			-0.154103
1			17.35			-0.30162
2			17.35			-0.173519
3			17.35			-0.150948
4			17.35			-0.133975
5			17.35			0.133975
6			17.35			0.150948
7			17.35			0.173519
8			17.35			0.30162
9			17.35			0.154103

0			17.4			-0.143876
1			17.4			-0.302883
2			17.4			-0.174209
3			17.4			-0.149666
4			17.4			-0.139628
5			17.4			0.139628
6			17.4			0.149666
7			17.4			0.174209
8			17.4			0.302883
9			17.4			0.143876

0			17.45			-0.133675
1			17.45			-0.304047
2			17.45			-0.174879
3			17.45			-0.14861
4			17.45			-0.144808
5			17.45			0.144808
6			17.45			0.14861
7			17.45			0.174879
8			17.45			0.304047
9			17.45			0.133675

0			17.5			-0.123508
1			17.5			-0.305108
2			17.5			-0.175517
3			17.5			-0.147798
4			17.5			-0.149483
5			17.5			0.149483
6			17.5			0.147798
7			17.5			0.175517
8			17.5			0.305108
9			17.5			0.123508

0			17.55			-0.113386
1			17.55			-0.306063
2			17.55			-0.176114
3			17.55			-0.147247
4			17.55			-0.153624
5			17.55			0.153624
6			17.55			0.147247
7			17.55			0.176114
8			17.55			0.306063
9			17.55			0.113386

0			17.6			-0.103316
1			17.6			-0.30691
2			17.6			-0.176657
3			17.6			-0.146971
4			17.6			-0.157208
5			17.6			0.157208
6			17.6			0.146971
7			17.6			0.176657
8			17.6			0.30691
9			17.6			0.103316

0			17.65			-0.0933056
1			17.65			-0.307647
2			17.65			-0.177137
3			17.65			-0.146984
4			17.65			-0.160213
5			17.65			0.160213
6			17.65			0.146984
7			17.65			0.177137
8			17.65			0.307647
9			17.65			0.0933056

0			17.7			-0.0833638
1			17.7			-0.308272
2			17.7			-0.177543
3			17.7			-0.147295
4			17.7			-0.162626
5			17.7			0.162626
6			17.7			0.147295
7			17.7			0.177543
8			17.7			0.308272
9			17.7			0.0833638

0			17.75			-0.0734975
1			17.75			-0.308786
2			17.75			-0.177866
3			17.75			-0.147911
4			17.75			-0.164436
5			17.75			0.164436
6			17.75			0.147911
7			17.75			0.177866
8			17.75			0.308786
9			17.75			0.0734975

0			17.8			-0.0637138
1			17.8			-0.309188
2			17.8			-0.178096
3			17.8			-0.148835
4			17.8			-0.165636
5			17.8			0.165636
6			17.8			0.148835
7			17.8			0.178096
8			17.8			0.309188
9			17.8			0.0637138

0			17.85			-0.0540192
1			17.85			-0.309479
2			17.85			-0.178225
3			17.85			-0.150071
4			17.85			-0.166226
5			17.85			0.166226
6			17.85			0.150071
7			17.85			0.178225
8			17.85			0.309479
9			17.85			0.0540192

0			17.9			-0.0444202
1			17.9			-0.30966
2			17.9			-0.178245
3			17.9			-0.151615
4			17.9			-0.166209
5			17.9			0.166209
6			17.9			0.151615
7			17.9			0.178245
8			17.9			0.30966
9			17.9			0.0444202

0			17.95			-0.0349226
1			17.95			-0.309732
2			17.95			-0.17815
3			17.95			-0.153463
4			17.95			-0.165595
5			17.95			0.165595
6			17.95			0.153463
7			17.95			0.17815
8			17.95			0.309732
9			17.95			0.0349226

0			18			-0.025532
1			18			-0.309698
2			18			-0.177931
3			18			-0.155608
4			18			-0.164396
5			18			0.164396
6			18			0.155608
7			18			0.177931
8			18			0.309698
9			18			0.025532

0			18.05			-0.0162537
1			18.05			-0.30956
2			18.05			-0.177586
3			18.05			-0.158039
4			18.05			-0.16263
5			18.05			0.16263
6			18.05			0.158039
7			18.05			0.177586
8			18.05			0.30956
9			18.05			0.0162537

0			18.1			-0.00709268
1			18.1			-0.30932
2			18.1			-0.17711
3			18.1			-0.160742
4			18.1			-0.16032
5			18.1			0.16032
6			18.1			0.160742
7			18.1			0.17711
8			18.1			0.30932
9			18.1			0.00709268

0			18.15			0.00194652
1			18.15			-0.308981
2			18.15			-0.176499
3			18.15			-0.163701
4			18.15			-0.157493
5			18.15			0.157493
6			18.15			0.163701
7			18.15			0.176499
8			18.15			0.308981
9			18.15			-0.00194652

0			18.2			0.0108596
1			18.2			-0.308547
2			18.2			-0.175752
3			18.2			-0.166897
4			18.2			-0.15418
5			18.2			0.15418
6			18.2			0.166897
7			18.2			0.175752
8			18.2			0.308547
9			18.2			-0.0108596

0			18.25			0.0196426
1			18.25			-0.308018
2			18.25			-0.174868
3			18.25			-0.170307
4			18.25			-0.150414
5			18.25			0.150414
6			18.25			0.170307
7			18.25			0.174868
8			18.25			0.308018
9			18.25			-0.0196426

0			18.3			0.0282918
1			18.3			-0.3074
2			18.3			-0.173847
3			18.3			-0.173908
4			18.3			-0.146235
5			18.3			0.146235
6			18.3			0.173908
7			18.3			0.173847
8			18.3			0.3074
9			18.3			-0.0282918

0			18.35			0.0368037
1			18.35			-0.306696
2			18.35			-0.172692
3			18.35			-0.177672
4			18.35			-0.141684
5			18.35			0.141684
6			18.35			0.177672
7			18.35			0.172692
8			18.35			0.306696
9			18.35			-0.0368037

0			18.4			0.0451753
1			18.4			-0.305907
2			18.4			-0.171404
3			18.4			-0.181571
4			18.4			-0.136805
5			18.4			0.136805
6			18.4			0.181571
7			18.4			0.171404
8			18.4			0.305907
9			18.4			-0.0451753

0			18.45			0.0534037
1			18.45			-0.305037
2			18.45			-0.169988
3			18.45			-0.185574
4			18.45			-0.131645
5			18.45			0.131645
6			18.45			0.185574
7			18.45			0.169988
8			18.45			0.305037
9			18.45			-0.0534037

0			18.5			0.0614861
1			18.5			-0.30409
2			18.5			-0.168449
3			18.5			-0.189647
4			18.5			-0.126254
5			18.5			0.126254
6			18.5			0.189647
7			18.5			0.168449
8			18.5			0.30409
9			18.5			-0.0614861

0			18.55			0.0694201
1			18.55			-0.303068
2			18.55			-0.166793
3			18.55			-0.193757
4			18.55			-0.120683
5			18.55			0.120683
6			18.55			0.193757
7			18.55			0.166793
8			18.55			0.303068
9			18.55			-0.0694201

0			18.6			0.0772036
1			18.6			-0.301974
2			18.6			-0.165026
3			18.6			-0.197867
4			18.6			-0.114982
5			18.6			0.114982
6			18.6			0.197867
7			18.6			0.165026
8			18.6			0.301974
9			18.6			-0.0772036

0			18.65			0.0848346
1			18.65			-0.30081
2			18.65			-0.163157
3			18.65			-0.201943
4			18.65			-0.109206
5			18.65			0.109206
6			18.65			0.201943
7			18.65			0.163157
8			18.65			0.30081
9			18.65			-0.0848346

0			18.7			0.0923111
1			18.7			-0.299579
2			18.7			-0.161195
3			18.7			-0.205946
4			18.7			-0.103408
5			18.7			0.103408
6			18.7			0.205946
7			18.7			0.161195
8			18.7			0.299579
9			18.7			-0.0923111

0			18.75			0.0996317
1			18.75			-0.298282
2			18.75			-0.15915
3			18.75			-0.209838
4			18.75			-0.0976414
5			18.75			0.0976414
6			18.75			0.209838
7			18.75			0.15915
8			18.75			0.298282
9			18.75			-0.0996317

0			18.8			0.106795
1			18.8			-0.296922
2			18.8			-0.157032
3			18.8			-0.213583
4			18.8			-0.0919587
5			18.8			0.0919587
6			18.8			0.213583
7			18.8			0.157032
8			18.8			0.296922
9			18.8			-0.106795

0			18.85			0.113799
1			18.85			-0.2955
2			18.85			-0.154853
3			18.85			-0.217142
4			18.85			-0.0864119
5			18.85			0.0864119
6			18.85			0.217142
7			18.85			0.154853
8			18.85			0.2955
9			18.85			-0.113799

0			18.9			0.120644
1			18.9			-0.294018
2			18.9			-0.152624
3			18.9			-0.220478
4			18.9			-0.0810516
5			18.9			0.0810516
6			18.9			0.220478
7			18.9			0.152624
8			18.9			0.294018
9			18.9			-0.120644

0			18.95			0.127327
1			18.95			-0.292476
2			18.95			-0.150357
3			18.95			-0.223555
4			18.95			-0.0759265
5			18.95			0.0759265
6			18.95			0.223555
7			18.95			0.150357
8			18.95			0.292476
9			18.95			-0.127327

0			19			0.133849
1			19			-0.290876
2			19			-0.148065
3			19			-0.226337
4			19			-0.0710829
5			19			0.0710829
6			19			0.226337
7			19			0.148065
8			19			0.290876
9			19			-0.133849

0			19.05			0.140208
1			19.05			-0.289217
2			19.05			-0.14576
3			19.05			-0.228792
4			19.05			-0.0665644
5			19.05			0.0665644
6			19.05			0.228792
7			19.05			0.14576
8			19.05			0.289217
9			19.05			-0.140208

0			19.1			0.146405
1			19.1			-0.287501
2			19.1			-0.143457
3			19.1			-0.230885
4			19.1			-0.0624116
5			19.1			0.0624116
6			19.1			0.230885
7			19.1			0.143457
8			19.1			0.287501
9			19.1			-0.146405

0			19.15			0.152438
1			19.15			-0.285727
2			19.15			-0.141167
3			19.15			-0.232587
4			19.15			-0.0586616
5			19.15			0.0586616
6			19.15			0.232587
7			19.15			0.141167
8			19.15			0.285727
9			19.15			-0.152438

0			19.2			0.158307
1			19.2			-0.283896
2			19.2			-0.138903
3			19.2			-0.23387
4			19.2			-0.0553477
5			19.2			0.0553477
6			19.2			0.23387
7			19.2			0.138903
8			19.2			0.283896
9			19.2			-0.158307

0			19.25			0.164012
1			19.25			-0.282007
2			19.25			-0.136679
3			19.25			-0.234707
4			19.25			-0.052499
5			19.25			0.052499
6			19.25			0.234707
7			19.25			0.136679
8			19.25			0.282007
9			19.25			-0.164012

0			19.3			0.169552
1			19.3			-0.280059
2			19.3			-0.134507
3			19.3			-0.235074
4			19.3			-0.0501402
5			19.3			0.0501402
6			19.3			0.235074
7			19.3			0.134507
8			19.3			0.280059
9			19.3			-0.169552

0			19.35			0.174928
1			19.35			-0.278052
2			19.35			-0.132399
3			19.35			-0.234952
4			19.35			-0.0482915
5			19.35			0.0482915
6			19.35			0.234952
7			19.35			0.132399
8			19.35			0.278052
9			19.35			-0.174928

0			19.4			0.180141
1			19.4			-0.275984
2			19.4			-0.130366
3			19.4			-0.234323
4			19.4			-0.046968
5			19.4			0.046968
6			19.4			0.234323
7			19.4			0.130366
8			19.4			0.275984
9			19.4			-0.180141

0			19.45			0.185189
1			19.45			-0.273856
2			19.45			-0.128419
3			19.45			-0.233172
4			19.45			-0.0461799
5			19.45			0.0461799
6			19.45			0.233172
7			19.45			0.128419
8			19.45			0.273856
9			19.45			-0.185189

0			19.5			0.190073
1			19.5			-0.271665
2			19.5			-0.12657
3			19.5			-0.231487
4			19.5			-0.0459321
5			19.5			0.0459321
6			19.5			0.231487
7			19.5			0.12657
8			19.5			0.271665
9			19.5			-0.190073

0			19.55			0.194794
1			19.55			-0.269411
2			19.55			-0.124827
3			19.55			-0.229261
4			19.55			-0.0462245
5			19.55			0.0462245
6			19.55			0.229261
7			19.55			0.124827
8			19.55			0.269411
9			19.55			-0.194794

0			19.6			0.199352
1			19.6			-0.267093
2			19.6			-0.123199
3			19.6			-0.226489
4			19.6			-0.0470514
5			19.6			0.0470514
6			19.6			0.226489
7			19.6			0.123199
8			19.6			0.267093
9			19.6			-0.199352

0			19.65			0.203748
1			19.65			-0.264708
2			19.65			-0.121694
3			19.65			-0.223171
4			19.65			-0.048402
5			19.65			0.048402
6			19.65			0.223171
7			19.65			0.121694
8			19.65			0.264708
9			19.65			-0.203748

0			19.7			0.207983
1			19.7			-0.262256
2			19.7			-0.12032
3			19.7			-0.219308
4			19.7			-0.05026
5			19.7			0.05026
6			19.7			0.219308
7			19.7			0.12032
8			19.7			0.262256
9			19.7			-0.207983

0			19.75			0.212057
1			19.75			-0.259736
2			19.75			-0.119083
3			19.75			-0.214906
4			19.75			-0.052604
5			19.75			0.052604
6			19.75			0.214906
7			19.75			0.119083
8			19.75			0.259736
9			19.75			-0.212057

0			19.8			0.215971
1			19.8			-0.257147
2			19.8			-0.117986
3			19.8			-0.209976
4			19.8			-0.0554077
5			19.8			0.0554077
6			19.8			0.209976
7			19.8			0.117986
8			19.8			0.257147
9			19.8			-0.215971

0			19.85			0.219726
1			19.85			-0.254486
2			19.85			-0.117036
3			19.85			-0.204529
4			19.85			-0.0586396
5			19.85			0.0586396
6			19.85			0.204529
7			19.85			0.117036
8			19.85			0.254486
9			19.85			-0.219726

0			19.9			0.223324
1			19.9			-0.251754
2			19.9			-0.116234
3			19.9			-0.198583
4			19.9			-0.0622638
5			19.9			0.0622638
6			19.9			0.198583
7			19.9			0.116234
8			19.9			0.251754
9			19.9			-0.223324

0			19.95			0.226766
1			19.95			-0.248948
2			19.95			-0.115583
3			19.95			-0.192156
4			19.95			-0.0662397
5			19.95			0.0662397
6			19.95			0.192156
7			19.95			0.115583
8			19.95			0.248948
9			19.95			-0.226766

