0			0			0.5
1			0			0.5
2			0			0.5
3			0			0.5
4			0			0.5
5			0			-0.5
6			0			-0.5
7			0			-0.5
8			0			-0.5
9			0			-0.5

0			0.05			0.5
1			0.05			0.5
2			0.05			0.5
3			0.05			0.5
4			0.05			0.499376
5			0.05			-0.499376
6			0.05			-0.5
7			0.05			-0.5
8			0.05			-0.5
9			0.05			-0.5

0			0.1			0.5
1			0.1			0.5
2			0.1			0.5
3			0.1			0.499998
4			0.1			0.497513
5			0.1			-0.497513
6			0.1			-0.499998
7			0.1			-0.5
8			0.1			-0.5
9			0.1			-0.5

0			0.15			0.5
1			0.15			0.5
2			0.15			0.5
3			0.15			0.499992
4			0.15			0.494441
5			0.15			-0.494441
6			0.15			-0.499992
7			0.15			-0.5
8			0.15			-0.5
9			0.15			-0.5

0			0.2			0.5
1			0.2			0.5
2			0.2			0.5
3			0.2			0.499975
4			0.2			0.490206
5			0.2			-0.490206
6			0.2			-0.499975
7			0.2			-0.5
8			0.2			-0.5
9			0.2			-0.5

0			0.25			0.5
1			0.25			0.5
2			0.25			0.5
3			0.25			0.49994
4			0.25			0.484876
5			0.25			-0.484876
6			0.25			-0.49994
7			0.25			-0.5
8			0.25			-0.5
9			0.25			-0.5

0			0.3			0.5
1			0.3			0.5
2			0.3			0.5
3			0.3			0.499877
4			0.3			0.478531
5			0.3			-0.478531
6			0.3			-0.499877
7			0.3			-0.5
8			0.3			-0.5
9			0.3			-0.5

0			0.35			0.5
1			0.35			0.5
2			0.35			0.499999
3			0.35			0.499776
4			0.35			0.47127
5			0.35			-0.47127
6			0.35			-0.499776
7			0.35			-0.499999
8			0.35			-0.5
9			0.35			-0.5

0			0.4			0.5
1			0.4			0.5
2			0.4			0.499998
3			0.4			0.499623
4			0.4			0.463202
5			0.4			-0.463202
6			0.4			-0.499623
7			0.4			-0.499998
8			0.4			-0.5
9			0.4			-0.5

0			0.45			0.5
1			0.45			0.5
2			0.45			0.499997
3			0.45			0.499405
4			0.45			0.45445
5			0.45			-0.45445
6			0.45			-0.499405
7			0.45			-0.499997
8			0.45			-0.5
9			0.45			-0.5

0			0.5			0.5
1			0.5			0.5
2			0.5			0.499994
3			0.5			0.499108
4			0.5			0.445145
5			0.5			-0.445145
6			0.5			-0.499108
7			0.5			-0.499994
8			0.5			-0.5
9			0.5			-0.5

0			0.55			0.5
1			0.55			0.5
2			0.55			0.499989
3			0.55			0.498719
4			0.55			0.435423
5			0.55			-0.435423
6			0.55			-0.498719
7			0.55			-0.499989
8			0.55			-0.5
9			0.55			-0.5

0			0.6			0.5
1			0.6			0.5
2			0.6			0.499982
3			0.6			0.498223
4			0.6			0.425426
5			0.6			-0.425426
6			0.6			-0.498223
7			0.6			-0.499982
8			0.6			-0.5
9			0.6			-0.5

0			0.65			0.5
1			0.65			0.5
2			0.65			0.499971
3			0.65			0.497608
4			0.65			0.415298
5			0.65			-0.415298
6			0.65			-0.497608
7			0.65			-0.499971
8			0.65			-0.5
9			0.65			-0.5

0			0.7			0.5
1			0.7			0.5
2			0.7			0.499955
3			0.7			0.496861
4			0.7			0.40518
5			0.7			-0.40518
6			0.7			-0.496861
7			0.7			-0.499955
8			0.7			-0.5
9			0.7			-0.5

0			0.75			0.5
1			0.75			0.499999
2			0.75			0.499933
3			0.75			0.495973
4			0.75			0.395212
5			0.75			-0.395212
6			0.75			-0.495973
7			0.75			-0.499933
8			0.75			-0.499999
9			0.75			-0.5

0			0.8			0.5
1			0.8			0.499999
2			0.8			0.499904
3			0.8			0.494933
4			0.8			0.385527
5			0.8			-0.385527
6			0.8			-0.494933
7			0.8			-0.499904
8			0.8			-0.499999
9			0.8			-0.5

0			0.85			0.5
1			0.85			0.499998
2			0.85			0.499864
3			0.85			0.493737
4			0.85			0.376249
5			0.85			-0.376249
6			0.85			-0.493737
7			0.85			-0.499864
8			0.85			-0.499998
9			0.85			-0.5

0			0.9			0.5
1			0.9			0.499998
2			0.9			0.499813
3			0.9			0.492379
4			0.9			0.367494
5			0.9			-0.367494
6			0.9			-0.492379
7			0.9			-0.499813
8			0.9			-0.499998
9			0.9			-0.5

0			0.95			0.5
1			0.95			0.499996
2			0.95			0.499748
3			0.95			0.490859
4			0.95			0.359366
5			0.95			-0.359366
6			0.95			-0.490859
7			0.95			-0.499748
8			0.95			-0.499996
9			0.95			-0.5

0			1			0.5
1			1			0.499994
2			1			0.499666
3			1			0.489179
4			1			0.351955
5			1			-0.351955
6			1			-0.489179
7			1			-0.499666
8			1			-0.499994
9			1			-0.5

0			1.05			0.5
1			1.05			0.499992
2			1.05			0.499564
3			1.05			0.487342
4			1.05			0.345336
5			1.05			-0.345336
6			1.05			-0.487342
7			1.05			-0.499564
8			1.05			-0.499992
9			1.05			-0.5

0			1.1			0.5
1			1.1			0.499989
2			1.1			0.49944
3			1.1			0.485357
4			1.1			0.339568
5			1.1			-0.339568
6			1.1			-0.485357
7			1.1			-0.49944
8			1.1			-0.499989
9			1.1			-0.5

0			1.15			0.5
1			1.15			0.499984
2			1.15			0.499291
3			1.15			0.483234
4			1.15			0.334697
5			1.15			-0.334697
6			1.15			-0.483234
7			1.15			-0.499291
8			1.15			-0.499984
9			1.15			-0.5

0			1.2			0.5
1			1.2			0.499978
2			1.2			0.499112
3			1.2			0.480988
4			1.2			0.330749
5			1.2			-0.330749
6			1.2			-0.480988
7			1.2			-0.499112
8			1.2			-0.499978
9			1.2			-0.5

0			1.25			0.499999
1			1.25			0.49997
2			1.25			0.498903
3			1.25			0.478635
4			1.25			0.327734
5			1.25			-0.327734
6			1.25			-0.478635
7			1.25			-0.498903
8			1.25			-0.49997
9			1.25			-0.499999

0			1.3			0.499999
1			1.3			0.49996
2			1.3			0.498658
3			1.3			0.476194
4			1.3			0.325648
5			1.3			-0.325648
6			1.3			-0.476194
7			1.3			-0.498658
8			1.3			-0.49996
9			1.3			-0.499999

0			1.35			0.499999
1			1.35			0.499948
2			1.35			0.498376
3			1.35			0.473688
4			1.35			0.324467
5			1.35			-0.324467
6			1.35			-0.473688
7			1.35			-0.498376
8			1.35			-0.499948
9			1.35			-0.499999

0			1.4			0.499999
1			1.4			0.499932
2			1.4			0.498053
3			1.4			0.471141
4			1.4			0.324155
5			1.4			-0.324155
6			1.4			-0.471141
7			1.4			-0.498053
8			1.4			-0.499932
9			1.4			-0.499999

0			1.45			0.499998
1			1.45			0.499913
2			1.45			0.497687
3			1.45			0.468578
4			1.45			0.324663
5			1.45			-0.324663
6			1.45			-0.468578
7			1.45			-0.497687
8			1.45			-0.499913
9			1.45			-0.499998

0			1.5			0.499997
1			1.5			0.499889
2			1.5			0.497277
3			1.5			0.466025
4			1.5			0.325927
5			1.5			-0.325927
6			1.5			-0.466025
7			1.5			-0.497277
8			1.5			-0.499889
9			1.5			-0.499997

0			1.55			0.499996
1			1.55			0.49986
2			1.55			0.496819
3			1.55			0.463512
4			1.55			0.327874
5			1.55			-0.327874
6			1.55			-0.463512
7			1.55			-0.496819
8			1.55			-0.49986
9			1.55			-0.499996

0			1.6			0.499995
1			1.6			0.499825
2			1.6			0.496313
3			1.6			0.461066
4			1.6			0.33042
5			1.6			-0.33042
6			1.6			-0.461066
7			1.6			-0.496313
8			1.6			-0.499825
9			1.6			-0.499995

0			1.65			0.499993
1			1.65			0.499784
2			1.65			0.495758
3			1.65			0.458716
4			1.65			0.333476
5			1.65			-0.333476
6			1.65			-0.458716
7			1.65			-0.495758
8			1.65			-0.499784
9			1.65			-0.499993

0			1.7			0.499991
1			1.7			0.499734
2			1.7			0.495153
3			1.7			0.456489
4			1.7			0.336945
5			1.7			-0.336945
6			1.7			-0.456489
7			1.7			-0.495153
8			1.7			-0.499734
9			1.7			-0.499991

0			1.75			0.499988
1			1.75			0.499677
2			1.75			0.494499
3			1.75			0.454411
4			1.75			0.340729
5			1.75			-0.340729
6			1.75			-0.454411
7			1.75			-0.494499
8			1.75			-0.499677
9			1.75			-0.499988

0			1.8			0.499985
1			1.8			0.499609
2			1.8			0.493797
3			1.8			0.452508
4			1.8			0.344727
5			1.8			-0.344727
6			1.8			-0.452508
7			1.8			-0.493797
8			1.8			-0.499609
9			1.8			-0.499985

0			1.85			0.499981
1			1.85			0.499531
2			1.85			0.493049
3			1.85			0.450804
4			1.85			0.348839
5			1.85			-0.348839
6			1.85			-0.450804
7			1.85			-0.493049
8			1.85			-0.499531
9			1.85			-0.499981

0			1.9			0.499976
1			1.9			0.499442
2			1.9			0.492257
3			1.9			0.449317
4			1.9			0.352968
5			1.9			-0.352968
6			1.9			-0.449317
7			1.9			-0.492257
8			1.9			-0.499442
9			1.9			-0.499976

0			1.95			0.499969
1			1.95			0.499339
2			1.95			0.491425
3			1.95			0.448067
4			1.95			0.357022
5			1.95			-0.357022
6			1.95			-0.448067
7			1.95			-0.491425
8			1.95			-0.499339
9			1.95			-0.499969

0			2			0.499962
1			2			0.499223
2			2			0.490555
3			2			0.447069
4			2			0.360912
5			2			-0.360912
6			2			-0.447069
7			2			-0.490555
8			2			-0.499223
9			2			-0.499962

0			2.05			0.499953
1			2.05			0.499092
2			2.05			0.489653
3			2.05			0.446332
4			2.05			0.364561
5			2.05			-0.364561
6			2.05			-0.446332
7			2.05			-0.489653
8			2.05			-0.499092
9			2.05			-0.499953

0			2.1			0.499942
1			2.1			0.498945
2			2.1			0.488725
3			2.1			0.445866
4			2.1			0.367899
5			2.1			-0.367899
6			2.1			-0.445866
7			2.1			-0.488725
8			2.1			-0.498945
9			2.1			-0.499942

0			2.15			0.499928
1			2.15			0.498781
2			2.15			0.487775
3			2.15			0.445675
4			2.15			0.370866
5			2.15			-0.370866
6			2.15			-0.445675
7			2.15			-0.487775
8			2.15			-0.498781
9			2.15			-0.499928

0			2.2			0.499913
1			2.2			0.498599
2			2.2			0.48681
3			2.2			0.445758
4			2.2			0.373413
5			2.2			-0.373413
6			2.2			-0.445758
7			2.2			-0.48681
8			2.2			-0.498599
9			2.2			-0.499913

0			2.25			0.499894
1			2.25			0.498399
2			2.25			0.485838
3			2.25			0.446111
4			2.25			0.375504
5			2.25			-0.375504
6			2.25			-0.446111
7			2.25			-0.485838
8			2.25			-0.498399
9			2.25			-0.499894

0			2.3			0.499873
1			2.3			0.498179
2			2.3			0.484866
3			2.3			0.446728
4			2.3			0.377114
5			2.3			-0.377114
6			2.3			-0.446728
7			2.3			-0.484866
8			2.3			-0.498179
9			2.3			-0.499873

0			2.35			0.499848
1			2.35			0.49794
2			2.35			0.483902
3			2.35			0.447597
4			2.35			0.378233
5			2.35			-0.378233
6			2.35			-0.447597
7			2.35			-0.483902
8			2.35			-0.49794
9			2.35			-0.499848

0			2.4			0.499819
1			2.4			0.49768
2			2.4			0.482953
3			2.4			0.448703
4			2.4			0.37886
5			2.4			-0.37886
6			2.4			-0.448703
7			2.4			-0.482953
8			2.4			-0.49768
9			2.4			-0.499819

0			2.45			0.499786
1			2.45			0.497399
2			2.45			0.482028
3			2.45			0.450029
4			2.45			0.379009
5			2.45			-0.379009
6			2.45			-0.450029
7			2.45			-0.482028
8			2.45			-0.497399
9			2.45			-0.499786

0			2.5			0.499748
1			2.5			0.497098
2			2.5			0.481135
3			2.5			0.451554
4			2.5			0.378704
5			2.5			-0.378704
6			2.5			-0.451554
7			2.5			-0.481135
8			2.5			-0.497098
9			2.5			-0.499748

0			2.55			0.499704
1			2.55			0.496776
2			2.55			0.480283
3			2.55			0.453255
4			2.55			0.37798
5			2.55			-0.37798
6			2.55			-0.453255
7			2.55			-0.480283
8			2.55			-0.496776
9			2.55			-0.499704

0			2.6			0.499655
1			2.6			0.496433
2			2.6			0.479479
3			2.6			0.455105
4			2.6			0.376882
5			2.6			-0.376882
6			2.6			-0.455105
7			2.6			-0.479479
8			2.6			-0.496433
9			2.6			-0.499655

0			2.65			0.499599
1			2.65			0.49607
2			2.65			0.478732
3			2.65			0.457079
4			2.65			0.375462
5			2.65			-0.375462
6			2.65			-0.457079
7			2.65			-0.478732
8			2.65			-0.49607
9			2.65			-0.499599

0			2.7			0.499536
1			2.7			0.495688
2			2.7			0.478047
3			2.7			0.459147
4			2.7			0.373782
5			2.7			-0.373782
6			2.7			-0.459147
7			2.7			-0.478047
8			2.7			-0.495688
9			2.7			-0.499536

0			2.75			0.499465
1			2.75			0.495288
2			2.75			0.477433
3			2.75			0.46128
4			2.75			0.371908
5			2.75			-0.371908
6			2.75			-0.46128
7			2.75			-0.477433
8			2.75			-0.495288
9			2.75			-0.499465

0			2.8			0.499387
1			2.8			0.49487
2			2.8			0.476895
3			2.8			0.463449
4			2.8			0.36991
5			2.8			-0.36991
6			2.8			-0.463449
7			2.8			-0.476895
8			2.8			-0.49487
9			2.8			-0.499387

0			2.85			0.499299
1			2.85			0.494437
2			2.85			0.476438
3			2.85			0.465626
4			2.85			0.36786
5			2.85			-0.36786
6			2.85			-0.465626
7			2.85			-0.476438
8			2.85			-0.494437
9			2.85			-0.499299

0			2.9			0.499203
1			2.9			0.493989
2			2.9			0.476068
3			2.9			0.467781
4			2.9			0.365832
5			2.9			-0.365832
6			2.9			-0.467781
7			2.9			-0.476068
8			2.9			-0.493989
9			2.9			-0.499203

0			2.95			0.499096
1			2.95			0.493528
2			2.95			0.475788
3			2.95			0.469887
4			2.95			0.363898
5			2.95			-0.363898
6			2.95			-0.469887
7			2.95			-0.475788
8			2.95			-0.493528
9			2.95			-0.499096

0			3			0.498979
1			3			0.493057
2			3			0.475601
3			3			0.471919
4			3			0.362128
5			3			-0.362128
6			3			-0.471919
7			3			-0.475601
8			3			-0.493057
9			3			-0.498979

0			3.05			0.498851
1			3.05			0.492578
2			3.05			0.475508
3			3.05			0.473854
4			3.05			0.360588
5			3.05			-0.360588
6			3.05			-0.473854
7			3.05			-0.475508
8			3.05			-0.492578
9			3.05			-0.498851

0			3.1			0.498712
1			3.1			0.492093
2			3.1			0.475511
3			3.1			0.475671
4			3.1			0.359339
5			3.1			-0.359339
6			3.1			-0.475671
7			3.1			-0.475511
8			3.1			-0.492093
9			3.1			-0.498712

0			3.15			0.498561
1			3.15			0.491604
2			3.15			0.475609
3			3.15			0.47735
4			3.15			0.358434
5			3.15			-0.358434
6			3.15			-0.47735
7			3.15			-0.475609
8			3.15			-0.491604
9			3.15			-0.498561

0			3.2			0.498398
1			3.2			0.491114
2			3.2			0.475801
3			3.2			0.478878
4			3.2			0.357919
5			3.2			-0.357919
6			3.2			-0.478878
7			3.2			-0.475801
8			3.2			-0.491114
9			3.2			-0.498398

0			3.25			0.498222
1			3.25			0.490626
2			3.25			0.476085
3			3.25			0.480242
4			3.25			0.35783
5			3.25			-0.35783
6			3.25			-0.480242
7			3.25			-0.476085
8			3.25			-0.490626
9			3.25			-0.498222

0			3.3			0.498033
1			3.3			0.490143
2			3.3			0.476457
3			3.3			0.481434
4			3.3			0.358194
5			3.3			-0.358194
6			3.3			-0.481434
7			3.3			-0.476457
8			3.3			-0.490143
9			3.3			-0.498033

0			3.35			0.497831
1			3.35			0.489667
2			3.35			0.476913
3			3.35			0.482447
4			3.35			0.35903
5			3.35			-0.35903
6			3.35			-0.482447
7			3.35			-0.476913
8			3.35			-0.489667
9			3.35			-0.497831

0			3.4			0.497615
1			3.4			0.489202
2			3.4			0.477449
3			3.4			0.483281
4			3.4			0.360342
5			3.4			-0.360342
6			3.4			-0.483281
7			3.4			-0.477449
8			3.4			-0.489202
9			3.4			-0.497615

0			3.45			0.497387
1			3.45			0.488749
2			3.45			0.478058
3			3.45			0.483936
4			3.45			0.362126
5			3.45			-0.362126
6			3.45			-0.483936
7			3.45			-0.478058
8			3.45			-0.488749
9			3.45			-0.497387

0			3.5			0.497145
1			3.5			0.488313
2			3.5			0.478734
3			3.5			0.484418
4			3.5			0.36437
5			3.5			-0.36437
6			3.5			-0.484418
7			3.5			-0.478734
8			3.5			-0.488313
9			3.5			-0.497145

0			3.55			0.49689
1			3.55			0.487895
2			3.55			0.47947
3			3.55			0.484734
4			3.55			0.367047
5			3.55			-0.367047
6			3.55			-0.484734
7			3.55			-0.47947
8			3.55			-0.487895
9			3.55			-0.49689

0			3.6			0.496622
1			3.6			0.487499
2			3.6			0.480257
3			3.6			0.484894
4			3.6			0.370123
5			3.6			-0.370123
6			3.6			-0.484894
7			3.6			-0.480257
8			3.6			-0.487499
9			3.6			-0.496622

0			3.65			0.496341
1			3.65			0.487126
2			3.65			0.481089
3			3.65			0.484912
4			3.65			0.373557
5			3.65			-0.373557
6			3.65			-0.484912
7			3.65			-0.481089
8			3.65			-0.487126
9			3.65			-0.496341

0			3.7			0.496049
1			3.7			0.486778
2			3.7			0.481956
3			3.7			0.484802
4			3.7			0.377298
5			3.7			-0.377298
6			3.7			-0.484802
7			3.7			-0.481956
8			3.7			-0.486778
9			3.7			-0.496049

0			3.75			0.495745
1			3.75			0.486459
2			3.75			0.48285
3			3.75			0.484582
4			3.75			0.381289
5			3.75			-0.381289
6			3.75			-0.484582
7			3.75			-0.48285
8			3.75			-0.486459
9			3.75			-0.495745

0			3.8			0.49543
1			3.8			0.486169
2			3.8			0.483762
3			3.8			0.48427
4			3.8			0.385469
5			3.8			-0.385469
6			3.8			-0.48427
7			3.8			-0.483762
8			3.8			-0.486169
9			3.8			-0.49543

0			3.85			0.495105
1			3.85			0.485909
2			3.85			0.484685
3			3.85			0.483886
4			3.85			0.38977
5			3.85			-0.38977
6			3.85			-0.483886
7			3.85			-0.484685
8			3.85			-0.485909
9			3.85			-0.495105

0			3.9			0.49477
1			3.9			0.485682
2			3.9			0.485609
3			3.9			0.483449
4			3.9			0.394125
5			3.9			-0.394125
6			3.9			-0.483449
7			3.9			-0.485609
8			3.9			-0.485682
9			3.9			-0.49477

0			3.95			0.494428
1			3.95			0.485487
2			3.95			0.486526
3			3.95			0.482979
4			3.95			0.398463
5			3.95			-0.398463
6			3.95			-0.482979
7			3.95			-0.486526
8			3.95			-0.485487
9			3.95			-0.494428

0			4			0.494079
1			4			0.485326
2			4			0.48743
3			4			0.482497
4			4			0.402717
5			4			-0.402717
6			4			-0.482497
7			4			-0.48743
8			4			-0.485326
9			4			-0.494079

0			4.05			0.493724
1			4.05			0.485199
2			4.05			0.488313
3			4.05			0.482021
4			4.05			0.406819
5			4.05			-0.406819
6			4.05			-0.482021
7			4.05			-0.488313
8			4.05			-0.485199
9			4.05			-0.493724

0			4.1			0.493364
1			4.1			0.485105
2			4.1			0.489169
3			4.1			0.481569
4			4.1			0.410706
5			4.1			-0.410706
6			4.1			-0.481569
7			4.1			-0.489169
8			4.1			-0.485105
9			4.1			-0.493364

0			4.15			0.493002
1			4.15			0.485044
2			4.15			0.489991
3			4.15			0.481159
4			4.15			0.414317
5			4.15			-0.414317
6			4.15			-0.481159
7			4.15			-0.489991
8			4.15			-0.485044
9			4.15			-0.493002

0			4.2			0.492637
1			4.2			0.485016
2			4.2			0.490775
3			4.2			0.480805
4			4.2			0.417601
5			4.2			-0.417601
6			4.2			-0.480805
7			4.2			-0.490775
8			4.2			-0.485016
9			4.2			-0.492637

0			4.25			0.492273
1			4.25			0.485019
2			4.25			0.491516
3			4.25			0.48052
4			4.25			0.42051
5			4.25			-0.42051
6			4.25			-0.48052
7			4.25			-0.491516
8			4.25			-0.485019
9			4.25			-0.492273

0			4.3			0.491911
1			4.3			0.485052
2			4.3			0.492211
3			4.3			0.480314
4			4.3			0.423008
5			4.3			-0.423008
6			4.3			-0.480314
7			4.3			-0.492211
8			4.3			-0.485052
9			4.3			-0.491911

0			4.35			0.491552
1			4.35			0.485114
2			4.35			0.492856
3			4.35			0.480197
4			4.35			0.425063
5			4.35			-0.425063
6			4.35			-0.480197
7			4.35			-0.492856
8			4.35			-0.485114
9			4.35			-0.491552

0			4.4			0.491199
1			4.4			0.485201
2			4.4			0.49345
3			4.4			0.480173
4			4.4			0.426656
5			4.4			-0.426656
6			4.4			-0.480173
7			4.4			-0.49345
8			4.4			-0.485201
9			4.4			-0.491199

0			4.45			0.490852
1			4.45			0.485314
2			4.45			0.493991
3			4.45			0.480247
4			4.45			0.427776
5			4.45			-0.427776
6			4.45			-0.480247
7			4.45			-0.493991
8			4.45			-0.485314
9			4.45			-0.490852

0			4.5			0.490514
1			4.5			0.485448
2			4.5			0.494478
3			4.5			0.48042
4			4.5			0.428421
5			4.5			-0.428421
6			4.5			-0.48042
7			4.5			-0.494478
8			4.5			-0.485448
9			4.5			-0.490514

0			4.55			0.490187
1			4.55			0.485602
2			4.55			0.494912
3			4.55			0.480689
4			4.55			0.4286
5			4.55			-0.4286
6			4.55			-0.480689
7			4.55			-0.494912
8			4.55			-0.485602
9			4.55			-0.490187

0			4.6			0.489871
1			4.6			0.485773
2			4.6			0.495293
3			4.6			0.48105
4			4.6			0.428331
5			4.6			-0.428331
6			4.6			-0.48105
7			4.6			-0.495293
8			4.6			-0.485773
9			4.6			-0.489871

0			4.65			0.48957
1			4.65			0.485958
2			4.65			0.495623
3			4.65			0.481498
4			4.65			0.427639
5			4.65			-0.427639
6			4.65			-0.481498
7			4.65			-0.495623
8			4.65			-0.485958
9			4.65			-0.48957

0			4.7			0.489285
1			4.7			0.486155
2			4.7			0.495902
3			4.7			0.482025
4			4.7			0.42656
5			4.7			-0.42656
6			4.7			-0.482025
7			4.7			-0.495902
8			4.7			-0.486155
9			4.7			-0.489285

0			4.75			0.489017
1			4.75			0.486361
2			4.75			0.496133
3			4.75			0.48262
4			4.75			0.425137
5			4.75			-0.425137
6			4.75			-0.48262
7			4.75			-0.496133
8			4.75			-0.486361
9			4.75			-0.489017

0			4.8			0.488767
1			4.8			0.486573
2			4.8			0.496318
3			4.8			0.483272
4			4.8			0.423416
5			4.8			-0.423416
6			4.8			-0.483272
7			4.8			-0.496318
8			4.8			-0.486573
9			4.8			-0.488767

0			4.85			0.488538
1			4.85			0.486789
2			4.85			0.49646
3			4.85			0.483968
4			4.85			0.421452
5			4.85			-0.421452
6			4.85			-0.483968
7			4.85			-0.49646
8			4.85			-0.486789
9			4.85			-0.488538

0			4.9			0.488331
1			4.9			0.487005
2			4.9			0.496562
3			4.9			0.484696
4			4.9			0.419303
5			4.9			-0.419303
6			4.9			-0.484696
7			4.9			-0.496562
8			4.9			-0.487005
9			4.9			-0.488331

0			4.95			0.488146
1			4.95			0.487221
2			4.95			0.496625
3			4.95			0.485442
4			4.95			0.41703
5			4.95			-0.41703
6			4.95			-0.485442
7			4.95			-0.496625
8			4.95			-0.487221
9			4.95			-0.488146

0			5			0.487986
1			5			0.487433
2			5			0.496653
3			5			0.486191
4			5			0.414694
5			5			-0.414694
6			5			-0.486191
7			5			-0.496653
8			5			-0.487433
9			5			-0.487986

0			5.05			0.487851
1			5.05			0.48764
2			5.05			0.496648
3			5.05			0.48693
4			5.05			0.412357
5			5.05			-0.412357
6			5.05			-0.48693
7			5.05			-0.496648
8			5.05			-0.48764
9			5.05			-0.487851

0			5.1			0.487741
1			5.1			0.487839
2			5.1			0.496612
3			5.1			0.487645
4			5.1			0.410081
5			5.1			-0.410081
6			5.1			-0.487645
7			5.1			-0.496612
8			5.1			-0.487839
9			5.1			-0.487741

0			5.15			0.487659
1			5.15			0.48803
2			5.15			0.496547
3			5.15			0.488325
4			5.15			0.407923
5			5.15			-0.407923
6			5.15			-0.488325
7			5.15			-0.496547
8			5.15			-0.48803
9			5.15			-0.487659

0			5.2			0.487603
1			5.2			0.488211
2			5.2			0.496455
3			5.2			0.488957
4			5.2			0.405939
5			5.2			-0.405939
6			5.2			-0.488957
7			5.2			-0.496455
8			5.2			-0.488211
9			5.2			-0.487603

0			5.25			0.487574
1			5.25			0.48838
2			5.25			0.496337
3			5.25			0.489533
4			5.25			0.404178
5			5.25			-0.404178
6			5.25			-0.489533
7			5.25			-0.496337
8			5.25			-0.48838
9			5.25			-0.487574

0			5.3			0.487574
1			5.3			0.488538
2			5.3			0.496194
3			5.3			0.490043
4			5.3			0.402683
5			5.3			-0.402683
6			5.3			-0.490043
7			5.3			-0.496194
8			5.3			-0.488538
9			5.3			-0.487574

0			5.35			0.487601
1			5.35			0.488684
2			5.35			0.496026
3			5.35			0.490482
4			5.35			0.401493
5			5.35			-0.401493
6			5.35			-0.490482
7			5.35			-0.496026
8			5.35			-0.488684
9			5.35			-0.487601

0			5.4			0.487655
1			5.4			0.488818
2			5.4			0.495833
3			5.4			0.490843
4			5.4			0.400636
5			5.4			-0.400636
6			5.4			-0.490843
7			5.4			-0.495833
8			5.4			-0.488818
9			5.4			-0.487655

0			5.45			0.487736
1			5.45			0.488939
2			5.45			0.495616
3			5.45			0.491125
4			5.45			0.400135
5			5.45			-0.400135
6			5.45			-0.491125
7			5.45			-0.495616
8			5.45			-0.488939
9			5.45			-0.487736

0			5.5			0.487844
1			5.5			0.489049
2			5.5			0.495372
3			5.5			0.491325
4			5.5			0.400002
5			5.5			-0.400002
6			5.5			-0.491325
7			5.5			-0.495372
8			5.5			-0.489049
9			5.5			-0.487844

0			5.55			0.487977
1			5.55			0.489149
2			5.55			0.495102
3			5.55			0.491446
4			5.55			0.400243
5			5.55			-0.400243
6			5.55			-0.491446
7			5.55			-0.495102
8			5.55			-0.489149
9			5.55			-0.487977

0			5.6			0.488136
1			5.6			0.489238
2			5.6			0.494804
3			5.6			0.491489
4			5.6			0.400853
5			5.6			-0.400853
6			5.6			-0.491489
7			5.6			-0.494804
8			5.6			-0.489238
9			5.6			-0.488136

0			5.65			0.488318
1			5.65			0.489318
2			5.65			0.494475
3			5.65			0.49146
4			5.65			0.401821
5			5.65			-0.401821
6			5.65			-0.49146
7			5.65			-0.494475
8			5.65			-0.489318
9			5.65			-0.488318

0			5.7			0.488524
1			5.7			0.489392
2			5.7			0.494116
3			5.7			0.491363
4			5.7			0.403126
5			5.7			-0.403126
6			5.7			-0.491363
7			5.7			-0.494116
8			5.7			-0.489392
9			5.7			-0.488524

0			5.75			0.488751
1			5.75			0.489459
2			5.75			0.493722
3			5.75			0.491207
4			5.75			0.404741
5			5.75			-0.404741
6			5.75			-0.491207
7			5.75			-0.493722
8			5.75			-0.489459
9			5.75			-0.488751

0			5.8			0.488997
1			5.8			0.489522
2			5.8			0.493294
3			5.8			0.490999
4			5.8			0.406633
5			5.8			-0.406633
6			5.8			-0.490999
7			5.8			-0.493294
8			5.8			-0.489522
9			5.8			-0.488997

0			5.85			0.489263
1			5.85			0.489583
2			5.85			0.49283
3			5.85			0.490749
4			5.85			0.40876
5			5.85			-0.40876
6			5.85			-0.490749
7			5.85			-0.49283
8			5.85			-0.489583
9			5.85			-0.489263

0			5.9			0.489545
1			5.9			0.489644
2			5.9			0.492327
3			5.9			0.490466
4			5.9			0.411077
5			5.9			-0.411077
6			5.9			-0.490466
7			5.9			-0.492327
8			5.9			-0.489644
9			5.9			-0.489545

0			5.95			0.489843
1			5.95			0.489705
2			5.95			0.491785
3			5.95			0.490161
4			5.95			0.413536
5			5.95			-0.413536
6			5.95			-0.490161
7			5.95			-0.491785
8			5.95			-0.489705
9			5.95			-0.489843

0			6			0.490153
1			6			0.48977
2			6			0.491203
3			6			0.489842
4			6			0.416085
5			6			-0.416085
6			6			-0.489842
7			6			-0.491203
8			6			-0.48977
9			6			-0.490153

0			6.05			0.490476
1			6.05			0.48984
2			6.05			0.490581
3			6.05			0.48952
4			6.05			0.41867
5			6.05			-0.41867
6			6.05			-0.48952
7			6.05			-0.490581
8			6.05			-0.48984
9			6.05			-0.490476

0			6.1			0.490807
1			6.1			0.489916
2			6.1			0.489918
3			6.1			0.489204
4			6.1			0.421237
5			6.1			-0.421237
6			6.1			-0.489204
7			6.1			-0.489918
8			6.1			-0.489916
9			6.1			-0.490807

0			6.15			0.491147
1			6.15			0.490001
2			6.15			0.489217
3			6.15			0.488902
4			6.15			0.423731
5			6.15			-0.423731
6			6.15			-0.488902
7			6.15			-0.489217
8			6.15			-0.490001
9			6.15			-0.491147

0			6.2			0.491492
1			6.2			0.490096
2			6.2			0.488478
3			6.2			0.48862
4			6.2			0.426102
5			6.2			-0.426102
6			6.2			-0.48862
7			6.2			-0.488478
8			6.2			-0.490096
9			6.2			-0.491492

0			6.25			0.491841
1			6.25			0.490201
2			6.25			0.487703
3			6.25			0.488363
4			6.25			0.428298
5			6.25			-0.428298
6			6.25			-0.488363
7			6.25			-0.487703
8			6.25			-0.490201
9			6.25			-0.491841

0			6.3			0.492192
1			6.3			0.49032
2			6.3			0.486896
3			6.3			0.488137
4			6.3			0.430275
5			6.3			-0.430275
6			6.3			-0.488137
7			6.3			-0.486896
8			6.3			-0.49032
9			6.3			-0.492192

0			6.35			0.492543
1			6.35			0.490451
2			6.35			0.48606
3			6.35			0.487942
4			6.35			0.43199
5			6.35			-0.43199
6			6.35			-0.487942
7			6.35			-0.48606
8			6.35			-0.490451
9			6.35			-0.492543

0			6.4			0.492891
1			6.4			0.490597
2			6.4			0.485199
3			6.4			0.487781
4			6.4			0.433407
5			6.4			-0.433407
6			6.4			-0.487781
7			6.4			-0.485199
8			6.4			-0.490597
9			6.4			-0.492891

0			6.45			0.493237
1			6.45			0.490757
2			6.45			0.484319
3			6.45			0.48765
4			6.45			0.434495
5			6.45			-0.434495
6			6.45			-0.48765
7			6.45			-0.484319
8			6.45			-0.490757
9			6.45			-0.493237

0			6.5			0.493576
1			6.5			0.490932
2			6.5			0.483426
3			6.5			0.487547
4			6.5			0.43523
5			6.5			-0.43523
6			6.5			-0.487547
7			6.5			-0.483426
8			6.5			-0.490932
9			6.5			-0.493576

0			6.55			0.493909
1			6.55			0.491122
2			6.55			0.482526
3			6.55			0.487466
4			6.55			0.435593
5			6.55			-0.435593
6			6.55			-0.487466
7			6.55			-0.482526
8			6.55			-0.491122
9			6.55			-0.493909

0			6.6			0.494233
1			6.6			0.491326
2			6.6			0.481627
3			6.6			0.487402
4			6.6			0.435573
5			6.6			-0.435573
6			6.6			-0.487402
7			6.6			-0.481627
8			6.6			-0.491326
9			6.6			-0.494233

0			6.65			0.494547
1			6.65			0.491545
2			6.65			0.480735
3			6.65			0.487346
4			6.65			0.435164
5			6.65			-0.435164
6			6.65			-0.487346
7			6.65			-0.480735
8			6.65			-0.491545
9			6.65			-0.494547

0			6.7			0.49485
1			6.7			0.491777
2			6.7			0.479859
3			6.7			0.487287
4			6.7			0.434368
5			6.7			-0.434368
6			6.7			-0.487287
7			6.7			-0.479859
8			6.7			-0.491777
9			6.7			-0.49485

0			6.75			0.49514
1			6.75			0.492022
2			6.75			0.479007
3			6.75			0.487216
4			6.75			0.433192
5			6.75			-0.433192
6			6.75			-0.487216
7			6.75			-0.479007
8			6.75			-0.492022
9			6.75			-0.49514

0			6.8			0.495417
1			6.8			0.492278
2			6.8			0.478187
3			6.8			0.487121
4			6.8			0.43165
5			6.8			-0.43165
6			6.8			-0.487121
7			6.8			-0.478187
8			6.8			-0.492278
9			6.8			-0.495417

0			6.85			0.495679
1			6.85			0.492545
2			6.85			0.477409
3			6.85			0.486988
4			6.85			0.429759
5			6.85			-0.429759
6			6.85			-0.486988
7			6.85			-0.477409
8			6.85			-0.492545
9			6.85			-0.495679

0			6.9			0.495926
1			6.9			0.492821
2			6.9			0.476681
3			6.9			0.486807
4			6.9			0.427542
5			6.9			-0.427542
6			6.9			-0.486807
7			6.9			-0.476681
8			6.9			-0.492821
9			6.9			-0.495926

0			6.95			0.496156
1			6.95			0.493103
2			6.95			0.47601
3			6.95			0.486563
4			6.95			0.425027
5			6.95			-0.425027
6			6.95			-0.486563
7			6.95			-0.47601
8			6.95			-0.493103
9			6.95			-0.496156

0			7			0.49637
1			7			0.493392
2			7			0.475405
3			7			0.486245
4			7			0.422242
5			7			-0.422242
6			7			-0.486245
7			7			-0.475405
8			7			-0.493392
9			7			-0.49637

0			7.05			0.496567
1			7.05			0.493684
2			7.05			0.474873
3			7.05			0.485841
4			7.05			0.419219
5			7.05			-0.419219
6			7.05			-0.485841
7			7.05			-0.474873
8			7.05			-0.493684
9			7.05			-0.496567

0			7.1			0.496747
1			7.1			0.493979
2			7.1			0.474422
3			7.1			0.485341
4			7.1			0.415993
5			7.1			-0.415993
6			7.1			-0.485341
7			7.1			-0.474422
8			7.1			-0.493979
9			7.1			-0.496747

0			7.15			0.496909
1			7.15			0.494274
2			7.15			0.474056
3			7.15			0.484735
4			7.15			0.412598
5			7.15			-0.412598
6			7.15			-0.484735
7			7.15			-0.474056
8			7.15			-0.494274
9			7.15			-0.496909

0			7.2			0.497054
1			7.2			0.494567
2			7.2			0.473783
3			7.2			0.484016
4			7.2			0.409066
5			7.2			-0.409066
6			7.2			-0.484016
7			7.2			-0.473783
8			7.2			-0.494567
9			7.2			-0.497054

0			7.25			0.497182
1			7.25			0.494858
2			7.25			0.473605
3			7.25			0.483179
4			7.25			0.405433
5			7.25			-0.405433
6			7.25			-0.483179
7			7.25			-0.473605
8			7.25			-0.494858
9			7.25			-0.497182

0			7.3			0.497292
1			7.3			0.495143
2			7.3			0.473526
3			7.3			0.482218
4			7.3			0.401728
5			7.3			-0.401728
6			7.3			-0.482218
7			7.3			-0.473526
8			7.3			-0.495143
9			7.3			-0.497292

0			7.35			0.497386
1			7.35			0.495422
2			7.35			0.473549
3			7.35			0.481134
4			7.35			0.397983
5			7.35			-0.397983
6			7.35			-0.481134
7			7.35			-0.473549
8			7.35			-0.495422
9			7.35			-0.497386

0			7.4			0.497463
1			7.4			0.495692
2			7.4			0.473674
3			7.4			0.479928
4			7.4			0.394223
5			7.4			-0.394223
6			7.4			-0.479928
7			7.4			-0.473674
8			7.4			-0.495692
9			7.4			-0.497463

0			7.45			0.497525
1			7.45			0.495954
2			7.45			0.473901
3			7.45			0.478602
4			7.45			0.390472
5			7.45			-0.390472
6			7.45			-0.478602
7			7.45			-0.473901
8			7.45			-0.495954
9			7.45			-0.497525

0			7.5			0.497571
1			7.5			0.496204
2			7.5			0.47423
3			7.5			0.477163
4			7.5			0.386753
5			7.5			-0.386753
6			7.5			-0.477163
7			7.5			-0.47423
8			7.5			-0.496204
9			7.5			-0.497571

0			7.55			0.497604
1			7.55			0.496443
2			7.55			0.474657
3			7.55			0.475619
4			7.55			0.38308
5			7.55			-0.38308
6			7.55			-0.475619
7			7.55			-0.474657
8			7.55			-0.496443
9			7.55			-0.497604

0			7.6			0.497622
1			7.6			0.496669
2			7.6			0.475179
3			7.6			0.473983
4			7.6			0.379469
5			7.6			-0.379469
6			7.6			-0.473983
7			7.6			-0.475179
8			7.6			-0.496669
9			7.6			-0.497622

0			7.65			0.497628
1			7.65			0.496881
2			7.65			0.47579
3			7.65			0.472266
4			7.65			0.375928
5			7.65			-0.375928
6			7.65			-0.472266
7			7.65			-0.47579
8			7.65			-0.496881
9			7.65			-0.497628

0			7.7			0.497623
1			7.7			0.49708
2			7.7			0.476486
3			7.7			0.470485
4			7.7			0.372466
5			7.7			-0.372466
6			7.7			-0.470485
7			7.7			-0.476486
8			7.7			-0.49708
9			7.7			-0.497623

0			7.75			0.497606
1			7.75			0.497264
2			7.75			0.477258
3			7.75			0.468656
4			7.75			0.369085
5			7.75			-0.369085
6			7.75			-0.468656
7			7.75			-0.477258
8			7.75			-0.497264
9			7.75			-0.497606

0			7.8			0.49758
1			7.8			0.497433
2			7.8			0.478099
3			7.8			0.4668
4			7.8			0.365786
5			7.8			-0.365786
6			7.8			-0.4668
7			7.8			-0.478099
8			7.8			-0.497433
9			7.8			-0.49758

0			7.85			0.497546
1			7.85			0.497587
2			7.85			0.479
3			7.85			0.464937
4			7.85			0.362568
5			7.85			-0.362568
6			7.85			-0.464937
7			7.85			-0.479
8			7.85			-0.497587
9			7.85			-0.497546

0			7.9			0.497503
1			7.9			0.497726
2			7.9			0.479951
3			7.9			0.463088
4			7.9			0.359428
5			7.9			-0.359428
6			7.9			-0.463088
7			7.9			-0.479951
8			7.9			-0.497726
9			7.9			-0.497503

0			7.95			0.497455
1			7.95			0.497851
2			7.95			0.480943
3			7.95			0.461275
4			7.95			0.356363
5			7.95			-0.356363
6			7.95			-0.461275
7			7.95			-0.480943
8			7.95			-0.497851
9			7.95			-0.497455

0			8			0.497401
1			8			0.497962
2			8			0.481965
3			8			0.459521
4			8			0.353366
5			8			-0.353366
6			8			-0.459521
7			8			-0.481965
8			8			-0.497962
9			8			-0.497401

0			8.05			0.497343
1			8.05			0.498059
2			8.05			0.483006
3			8.05			0.457849
4			8.05			0.350434
5			8.05			-0.350434
6			8.05			-0.457849
7			8.05			-0.483006
8			8.05			-0.498059
9			8.05			-0.497343

0			8.1			0.497282
1			8.1			0.498142
2			8.1			0.484056
3			8.1			0.456278
4			8.1			0.347563
5			8.1			-0.347563
6			8.1			-0.456278
7			8.1			-0.484056
8			8.1			-0.498142
9			8.1			-0.497282

0			8.15			0.497219
1			8.15			0.498213
2			8.15			0.485104
3			8.15			0.454832
4			8.15			0.344751
5			8.15			-0.344751
6			8.15			-0.454832
7			8.15			-0.485104
8			8.15			-0.498213
9			8.15			-0.497219

0			8.2			0.497156
1			8.2			0.498272
2			8.2			0.486139
3			8.2			0.453528
4			8.2			0.341998
5			8.2			-0.341998
6			8.2			-0.453528
7			8.2			-0.486139
8			8.2			-0.498272
9			8.2			-0.497156

0			8.25			0.497092
1			8.25			0.498319
2			8.25			0.487151
3			8.25			0.452386
4			8.25			0.339305
5			8.25			-0.339305
6			8.25			-0.452386
7			8.25			-0.487151
8			8.25			-0.498319
9			8.25			-0.497092

0			8.3			0.49703
1			8.3			0.498356
2			8.3			0.48813
3			8.3			0.451421
4			8.3			0.336679
5			8.3			-0.336679
6			8.3			-0.451421
7			8.3			-0.48813
8			8.3			-0.498356
9			8.3			-0.49703

0			8.35			0.49697
1			8.35			0.498383
2			8.35			0.489067
3			8.35			0.450646
4			8.35			0.334129
5			8.35			-0.334129
6			8.35			-0.450646
7			8.35			-0.489067
8			8.35			-0.498383
9			8.35			-0.49697

0			8.4			0.496913
1			8.4			0.498401
2			8.4			0.489954
3			8.4			0.450073
4			8.4			0.331667
5			8.4			-0.331667
6			8.4			-0.450073
7			8.4			-0.489954
8			8.4			-0.498401
9			8.4			-0.496913

0			8.45			0.49686
1			8.45			0.49841
2			8.45			0.490784
3			8.45			0.44971
4			8.45			0.32931
5			8.45			-0.32931
6			8.45			-0.44971
7			8.45			-0.490784
8			8.45			-0.49841
9			8.45			-0.49686

0			8.5			0.496811
1			8.5			0.498412
2			8.5			0.491549
3			8.5			0.449563
4			8.5			0.327079
5			8.5			-0.327079
6			8.5			-0.449563
7			8.5			-0.491549
8			8.5			-0.498412
9			8.5			-0.496811

0			8.55			0.496768
1			8.55			0.498405
2			8.55			0.492244
3			8.55			0.449634
4			8.55			0.324998
5			8.55			-0.324998
6			8.55			-0.449634
7			8.55			-0.492244
8			8.55			-0.498405
9			8.55			-0.496768

0			8.6			0.496732
1			8.6			0.498392
2			8.6			0.492865
3			8.6			0.449923
4			8.6			0.323096
5			8.6			-0.323096
6			8.6			-0.449923
7			8.6			-0.492865
8			8.6			-0.498392
9			8.6			-0.496732

0			8.65			0.496702
1			8.65			0.498371
2			8.65			0.493409
3			8.65			0.450426
4			8.65			0.321406
5			8.65			-0.321406
6			8.65			-0.450426
7			8.65			-0.493409
8			8.65			-0.498371
9			8.65			-0.496702

0			8.7			0.496679
1			8.7			0.498345
2			8.7			0.493873
3			8.7			0.451136
4			8.7			0.319961
5			8.7			-0.319961
6			8.7			-0.451136
7			8.7			-0.493873
8			8.7			-0.498345
9			8.7			-0.496679

0			8.75			0.496663
1			8.75			0.498312
2			8.75			0.494258
3			8.75			0.452046
4			8.75			0.318799
5			8.75			-0.318799
6			8.75			-0.452046
7			8.75			-0.494258
8			8.75			-0.498312
9			8.75			-0.496663

0			8.8			0.496656
1			8.8			0.498272
2			8.8			0.494561
3			8.8			0.453142
4			8.8			0.317959
5			8.8			-0.317959
6			8.8			-0.453142
7			8.8			-0.494561
8			8.8			-0.498272
9			8.8			-0.496656

0			8.85			0.496657
1			8.85			0.498227
2			8.85			0.494787
3			8.85			0.45441
4			8.85			0.31748
5			8.85			-0.31748
6			8.85			-0.45441
7			8.85			-0.494787
8			8.85			-0.498227
9			8.85			-0.496657

0			8.9			0.496666
1			8.9			0.498175
2			8.9			0.494935
3			8.9			0.455834
4			8.9			0.317401
5			8.9			-0.317401
6			8.9			-0.455834
7			8.9			-0.494935
8			8.9			-0.498175
9			8.9			-0.496666

0			8.95			0.496684
1			8.95			0.498117
2			8.95			0.495011
3			8.95			0.457396
4			8.95			0.31776
5			8.95			-0.31776
6			8.95			-0.457396
7			8.95			-0.495011
8			8.95			-0.498117
9			8.95			-0.496684

0			9			0.49671
1			9			0.498052
2			9			0.495018
3			9			0.459075
4			9			0.318593
5			9			-0.318593
6			9			-0.459075
7			9			-0.495018
8			9			-0.498052
9			9			-0.49671

0			9.05			0.496745
1			9.05			0.497979
2			9.05			0.494961
3			9.05			0.460852
4			9.05			0.319933
5			9.05			-0.319933
6			9.05			-0.460852
7			9.05			-0.494961
8			9.05			-0.497979
9			9.05			-0.496745

0			9.1			0.496787
1			9.1			0.4979
2			9.1			0.494847
3			9.1			0.462703
4			9.1			0.321808
5			9.1			-0.321808
6			9.1			-0.462703
7			9.1			-0.494847
8			9.1			-0.4979
9			9.1			-0.496787

0			9.15			0.496838
1			9.15			0.497813
2			9.15			0.494681
3			9.15			0.464608
4			9.15			0.324239
5			9.15			-0.324239
6			9.15			-0.464608
7			9.15			-0.494681
8			9.15			-0.497813
9			9.15			-0.496838

0			9.2			0.496895
1			9.2			0.497718
2			9.2			0.494471
3			9.2			0.466544
4			9.2			0.327245
5			9.2			-0.327245
6			9.2			-0.466544
7			9.2			-0.494471
8			9.2			-0.497718
9			9.2			-0.496895

0			9.25			0.49696
1			9.25			0.497615
2			9.25			0.494223
3			9.25			0.46849
4			9.25			0.330834
5			9.25			-0.330834
6			9.25			-0.46849
7			9.25			-0.494223
8			9.25			-0.497615
9			9.25			-0.49696

0			9.3			0.497032
1			9.3			0.497504
2			9.3			0.493945
3			9.3			0.470424
4			9.3			0.335006
5			9.3			-0.335006
6			9.3			-0.470424
7			9.3			-0.493945
8			9.3			-0.497504
9			9.3			-0.497032

0			9.35			0.497109
1			9.35			0.497383
2			9.35			0.493645
3			9.35			0.472327
4			9.35			0.339755
5			9.35			-0.339755
6			9.35			-0.472327
7			9.35			-0.493645
8			9.35			-0.497383
9			9.35			-0.497109

0			9.4			0.497191
1			9.4			0.497254
2			9.4			0.493329
3			9.4			0.474181
4			9.4			0.345064
5			9.4			-0.345064
6			9.4			-0.474181
7			9.4			-0.493329
8			9.4			-0.497254
9			9.4			-0.497191

0			9.45			0.497278
1			9.45			0.497117
2			9.45			0.493006
3			9.45			0.47597
4			9.45			0.350906
5			9.45			-0.350906
6			9.45			-0.47597
7			9.45			-0.493006
8			9.45			-0.497117
9			9.45			-0.497278

0			9.5			0.497368
1			9.5			0.49697
2			9.5			0.492682
3			9.5			0.477678
4			9.5			0.357246
5			9.5			-0.357246
6			9.5			-0.477678
7			9.5			-0.492682
8			9.5			-0.49697
9			9.5			-0.497368

0			9.55			0.497462
1			9.55			0.496815
2			9.55			0.492363
3			9.55			0.479293
4			9.55			0.364039
5			9.55			-0.364039
6			9.55			-0.479293
7			9.55			-0.492363
8			9.55			-0.496815
9			9.55			-0.497462

0			9.6			0.497557
1			9.6			0.496651
2			9.6			0.492056
3			9.6			0.480806
4			9.6			0.37123
5			9.6			-0.37123
6			9.6			-0.480806
7			9.6			-0.492056
8			9.6			-0.496651
9			9.6			-0.497557

0			9.65			0.497653
1			9.65			0.496479
2			9.65			0.491766
3			9.65			0.482208
4			9.65			0.378757
5			9.65			-0.378757
6			9.65			-0.482208
7			9.65			-0.491766
8			9.65			-0.496479
9			9.65			-0.497653

0			9.7			0.497748
1			9.7			0.4963
2			9.7			0.491498
3			9.7			0.483494
4			9.7			0.386548
5			9.7			-0.386548
6			9.7			-0.483494
7			9.7			-0.491498
8			9.7			-0.4963
9			9.7			-0.497748

0			9.75			0.497843
1			9.75			0.496115
2			9.75			0.491256
3			9.75			0.484662
4			9.75			0.394525
5			9.75			-0.394525
6			9.75			-0.484662
7			9.75			-0.491256
8			9.75			-0.496115
9			9.75			-0.497843

0			9.8			0.497936
1			9.8			0.495923
2			9.8			0.491044
3			9.8			0.48571
4			9.8			0.402604
5			9.8			-0.402604
6			9.8			-0.48571
7			9.8			-0.491044
8			9.8			-0.495923
9			9.8			-0.497936

0			9.85			0.498025
1			9.85			0.495726
2			9.85			0.490864
3			9.85			0.486642
4			9.85			0.410696
5			9.85			-0.410696
6			9.85			-0.486642
7			9.85			-0.490864
8			9.85			-0.495726
9			9.85			-0.498025

0			9.9			0.49811
1			9.9			0.495525
2			9.9			0.490718
3			9.9			0.48746
4			9.9			0.418709
5			9.9			-0.418709
6			9.9			-0.48746
7			9.9			-0.490718
8			9.9			-0.495525
9			9.9			-0.49811

0			9.95			0.49819
1			9.95			0.495322
2			9.95			0.490608
3			9.95			0.48817
4			9.95			0.42655
5			9.95			-0.42655
6			9.95			-0.48817
7			9.95			-0.490608
8			9.95			-0.495322
9			9.95			-0.49819

0			10			0.498264
1			10			0.495116
2			10			0.490533
3			10			0.48878
4			10			0.434122
5			10			-0.434122
6			10			-0.48878
7			10			-0.490533
8			10			-0.495116
9			10			-0.498264

0			10.05			0.49833
1			10.05			0.494911
2			10.05			0.490494
3			10.05			0.489298
4			10.05			0.441333
5			10.05			-0.441333
6			10.05			-0.489298
7			10.05			-0.490494
8			10.05			-0.494911
9			10.05			-0.49833

0			10.1			0.498388
1			10.1			0.494707
2			10.1			0.490489
3			10.1			0.489735
4			10.1			0.448094
5			10.1			-0.448094
6			10.1			-0.489735
7			10.1			-0.490489
8			10.1			-0.494707
9			10.1			-0.498388

0			10.15			0.498438
1			10.15			0.494505
2			10.15			0.490518
3			10.15			0.490099
4			10.15			0.454318
5			10.15			-0.454318
6			10.15			-0.490099
7			10.15			-0.490518
8			10.15			-0.494505
9			10.15			-0.498438

0			10.2			0.498477
1			10.2			0.494307
2			10.2			0.490577
3			10.2			0.490403
4			10.2			0.459926
5			10.2			-0.459926
6			10.2			-0.490403
7			10.2			-0.490577
8			10.2			-0.494307
9			10.2			-0.498477

0			10.25			0.498506
1			10.25			0.494115
2			10.25			0.490665
3			10.25			0.490656
4			10.25			0.464847
5			10.25			-0.464847
6			10.25			-0.490656
7			10.25			-0.490665
8			10.25			-0.494115
9			10.25			-0.498506

0			10.3			0.498524
1			10.3			0.49393
2			10.3			0.490779
3			10.3			0.49087
4			10.3			0.469017
5			10.3			-0.469017
6			10.3			-0.49087
7			10.3			-0.490779
8			10.3			-0.49393
9			10.3			-0.498524

0			10.35			0.498529
1			10.35			0.493754
2			10.35			0.490916
3			10.35			0.491054
4			10.35			0.472385
5			10.35			-0.472385
6			10.35			-0.491054
7			10.35			-0.490916
8			10.35			-0.493754
9			10.35			-0.498529

0			10.4			0.498523
1			10.4			0.493587
2			10.4			0.491071
3			10.4			0.491218
4			10.4			0.47491
5			10.4			-0.47491
6			10.4			-0.491218
7			10.4			-0.491071
8			10.4			-0.493587
9			10.4			-0.498523

0			10.45			0.498503
1			10.45			0.493431
2			10.45			0.491243
3			10.45			0.491369
4			10.45			0.476563
5			10.45			-0.476563
6			10.45			-0.491369
7			10.45			-0.491243
8			10.45			-0.493431
9			10.45			-0.498503

0			10.5			0.498471
1			10.5			0.493287
2			10.5			0.491427
3			10.5			0.491513
4			10.5			0.477329
5			10.5			-0.477329
6			10.5			-0.491513
7			10.5			-0.491427
8			10.5			-0.493287
9			10.5			-0.498471

0			10.55			0.498425
1			10.55			0.493157
2			10.55			0.491619
3			10.55			0.491655
4			10.55			0.477205
5			10.55			-0.477205
6			10.55			-0.491655
7			10.55			-0.491619
8			10.55			-0.493157
9			10.55			-0.498425

0			10.6			0.498365
1			10.6			0.493041
2			10.6			0.491818
3			10.6			0.491799
4			10.6			0.476202
5			10.6			-0.476202
6			10.6			-0.491799
7			10.6			-0.491818
8			10.6			-0.493041
9			10.6			-0.498365

0			10.65			0.498292
1			10.65			0.492939
2			10.65			0.492018
3			10.65			0.491945
4			10.65			0.474347
5			10.65			-0.474347
6			10.65			-0.491945
7			10.65			-0.492018
8			10.65			-0.492939
9			10.65			-0.498292

0			10.7			0.498205
1			10.7			0.492853
2			10.7			0.492218
3			10.7			0.492094
4			10.7			0.471675
5			10.7			-0.471675
6			10.7			-0.492094
7			10.7			-0.492218
8			10.7			-0.492853
9			10.7			-0.498205

0			10.75			0.498106
1			10.75			0.492782
2			10.75			0.492415
3			10.75			0.492242
4			10.75			0.468239
5			10.75			-0.468239
6			10.75			-0.492242
7			10.75			-0.492415
8			10.75			-0.492782
9			10.75			-0.498106

0			10.8			0.497993
1			10.8			0.492727
2			10.8			0.492606
3			10.8			0.492384
4			10.8			0.4641
5			10.8			-0.4641
6			10.8			-0.492384
7			10.8			-0.492606
8			10.8			-0.492727
9			10.8			-0.497993

0			10.85			0.497868
1			10.85			0.492688
2			10.85			0.49279
3			10.85			0.492516
4			10.85			0.459331
5			10.85			-0.459331
6			10.85			-0.492516
7			10.85			-0.49279
8			10.85			-0.492688
9			10.85			-0.497868

0			10.9			0.497731
1			10.9			0.492664
2			10.9			0.492965
3			10.9			0.492629
4			10.9			0.454016
5			10.9			-0.454016
6			10.9			-0.492629
7			10.9			-0.492965
8			10.9			-0.492664
9			10.9			-0.497731

0			10.95			0.497582
1			10.95			0.492655
2			10.95			0.493129
3			10.95			0.492714
4			10.95			0.448244
5			10.95			-0.448244
6			10.95			-0.492714
7			10.95			-0.493129
8			10.95			-0.492655
9			10.95			-0.497582

0			11			0.497423
1			11			0.49266
2			11			0.493283
3			11			0.49276
4			11			0.442113
5			11			-0.442113
6			11			-0.49276
7			11			-0.493283
8			11			-0.49266
9			11			-0.497423

0			11.05			0.497253
1			11.05			0.492679
2			11.05			0.493425
3			11.05			0.492758
4			11.05			0.435725
5			11.05			-0.435725
6			11.05			-0.492758
7			11.05			-0.493425
8			11.05			-0.492679
9			11.05			-0.497253

0			11.1			0.497075
1			11.1			0.49271
2			11.1			0.493555
3			11.1			0.492696
4			11.1			0.429184
5			11.1			-0.429184
6			11.1			-0.492696
7			11.1			-0.493555
8			11.1			-0.49271
9			11.1			-0.497075

0			11.15			0.496889
1			11.15			0.492752
2			11.15			0.493674
3			11.15			0.492561
4			11.15			0.422597
5			11.15			-0.422597
6			11.15			-0.492561
7			11.15			-0.493674
8			11.15			-0.492752
9			11.15			-0.496889

0			11.2			0.496695
1			11.2			0.492803
2			11.2			0.493781
3			11.2			0.492342
4			11.2			0.416067
5			11.2			-0.416067
6			11.2			-0.492342
7			11.2			-0.493781
8			11.2			-0.492803
9			11.2			-0.496695

0			11.25			0.496495
1			11.25			0.492863
2			11.25			0.493878
3			11.25			0.492028
4			11.25			0.409698
5			11.25			-0.409698
6			11.25			-0.492028
7			11.25			-0.493878
8			11.25			-0.492863
9			11.25			-0.496495

0			11.3			0.496291
1			11.3			0.492929
2			11.3			0.493966
3			11.3			0.491609
4			11.3			0.403587
5			11.3			-0.403587
6			11.3			-0.491609
7			11.3			-0.493966
8			11.3			-0.492929
9			11.3			-0.496291

0			11.35			0.496082
1			11.35			0.493001
2			11.35			0.494044
3			11.35			0.491076
4			11.35			0.397823
5			11.35			-0.397823
6			11.35			-0.491076
7			11.35			-0.494044
8			11.35			-0.493001
9			11.35			-0.496082

0			11.4			0.495871
1			11.4			0.493075
2			11.4			0.494114
3			11.4			0.490422
4			11.4			0.392491
5			11.4			-0.392491
6			11.4			-0.490422
7			11.4			-0.494114
8			11.4			-0.493075
9			11.4			-0.495871

0			11.45			0.495659
1			11.45			0.49315
2			11.45			0.494178
3			11.45			0.48964
4			11.45			0.387663
5			11.45			-0.387663
6			11.45			-0.48964
7			11.45			-0.494178
8			11.45			-0.49315
9			11.45			-0.495659

0			11.5			0.495446
1			11.5			0.493225
2			11.5			0.494235
3			11.5			0.488727
4			11.5			0.383402
5			11.5			-0.383402
6			11.5			-0.488727
7			11.5			-0.494235
8			11.5			-0.493225
9			11.5			-0.495446

0			11.55			0.495234
1			11.55			0.493297
2			11.55			0.494286
3			11.55			0.487681
4			11.55			0.379757
5			11.55			-0.379757
6			11.55			-0.487681
7			11.55			-0.494286
8			11.55			-0.493297
9			11.55			-0.495234

0			11.6			0.495024
1			11.6			0.493365
2			11.6			0.494333
3			11.6			0.486505
4			11.6			0.376766
5			11.6			-0.376766
6			11.6			-0.486505
7			11.6			-0.494333
8			11.6			-0.493365
9			11.6			-0.495024

0			11.65			0.494817
1			11.65			0.493427
2			11.65			0.494375
3			11.65			0.4852
4			11.65			0.374452
5			11.65			-0.374452
6			11.65			-0.4852
7			11.65			-0.494375
8			11.65			-0.493427
9			11.65			-0.494817

0			11.7			0.494615
1			11.7			0.493481
2			11.7			0.494412
3			11.7			0.483775
4			11.7			0.372824
5			11.7			-0.372824
6			11.7			-0.483775
7			11.7			-0.494412
8			11.7			-0.493481
9			11.7			-0.494615

0			11.75			0.494418
1			11.75			0.493526
2			11.75			0.494444
3			11.75			0.482238
4			11.75			0.371878
5			11.75			-0.371878
6			11.75			-0.482238
7			11.75			-0.494444
8			11.75			-0.493526
9			11.75			-0.494418

0			11.8			0.494227
1			11.8			0.493561
2			11.8			0.494471
3			11.8			0.4806
4			11.8			0.371596
5			11.8			-0.371596
6			11.8			-0.4806
7			11.8			-0.494471
8			11.8			-0.493561
9			11.8			-0.494227

0			11.85			0.494044
1			11.85			0.493583
2			11.85			0.494491
3			11.85			0.478875
4			11.85			0.371946
5			11.85			-0.371946
6			11.85			-0.478875
7			11.85			-0.494491
8			11.85			-0.493583
9			11.85			-0.494044

0			11.9			0.493869
1			11.9			0.493592
2			11.9			0.494505
3			11.9			0.477081
4			11.9			0.372883
5			11.9			-0.372883
6			11.9			-0.477081
7			11.9			-0.494505
8			11.9			-0.493592
9			11.9			-0.493869

0			11.95			0.493704
1			11.95			0.493587
2			11.95			0.494509
3			11.95			0.475236
4			11.95			0.374351
5			11.95			-0.374351
6			11.95			-0.475236
7			11.95			-0.494509
8			11.95			-0.493587
9			11.95			-0.493704

0			12			0.493548
1			12			0.493567
2			12			0.494503
3			12			0.47336
4			12			0.376283
5			12			-0.376283
6			12			-0.47336
7			12			-0.494503
8			12			-0.493567
9			12			-0.493548

0			12.05			0.493403
1			12.05			0.493531
2			12.05			0.494485
3			12.05			0.471476
4			12.05			0.378604
5			12.05			-0.378604
6			12.05			-0.471476
7			12.05			-0.494485
8			12.05			-0.493531
9			12.05			-0.493403

0			12.1			0.493269
1			12.1			0.49348
2			12.1			0.494451
3			12.1			0.469607
4			12.1			0.38123
5			12.1			-0.38123
6			12.1			-0.469607
7			12.1			-0.494451
8			12.1			-0.49348
9			12.1			-0.493269

0			12.15			0.493147
1			12.15			0.493412
2			12.15			0.494401
3			12.15			0.467776
4			12.15			0.384072
5			12.15			-0.384072
6			12.15			-0.467776
7			12.15			-0.494401
8			12.15			-0.493412
9			12.15			-0.493147

0			12.2			0.493037
1			12.2			0.493328
2			12.2			0.494332
3			12.2			0.466008
4			12.2			0.387037
5			12.2			-0.387037
6			12.2			-0.466008
7			12.2			-0.494332
8			12.2			-0.493328
9			12.2			-0.493037

0			12.25			0.492939
1			12.25			0.493228
2			12.25			0.49424
3			12.25			0.464328
4			12.25			0.390031
5			12.25			-0.390031
6			12.25			-0.464328
7			12.25			-0.49424
8			12.25			-0.493228
9			12.25			-0.492939

0			12.3			0.492855
1			12.3			0.493113
2			12.3			0.494124
3			12.3			0.462759
4			12.3			0.392959
5			12.3			-0.392959
6			12.3			-0.462759
7			12.3			-0.494124
8			12.3			-0.493113
9			12.3			-0.492855

0			12.35			0.492783
1			12.35			0.492982
2			12.35			0.493981
3			12.35			0.461325
4			12.35			0.395727
5			12.35			-0.395727
6			12.35			-0.461325
7			12.35			-0.493981
8			12.35			-0.492982
9			12.35			-0.492783

0			12.4			0.492724
1			12.4			0.492837
2			12.4			0.493809
3			12.4			0.460045
4			12.4			0.398248
5			12.4			-0.398248
6			12.4			-0.460045
7			12.4			-0.493809
8			12.4			-0.492837
9			12.4			-0.492724

0			12.45			0.492678
1			12.45			0.492678
2			12.45			0.493605
3			12.45			0.458941
4			12.45			0.400439
5			12.45			-0.400439
6			12.45			-0.458941
7			12.45			-0.493605
8			12.45			-0.492678
9			12.45			-0.492678

0			12.5			0.492645
1			12.5			0.492507
2			12.5			0.493368
3			12.5			0.45803
4			12.5			0.402223
5			12.5			-0.402223
6			12.5			-0.45803
7			12.5			-0.493368
8			12.5			-0.492507
9			12.5			-0.492645

0			12.55			0.492625
1			12.55			0.492324
2			12.55			0.493096
3			12.55			0.457325
4			12.55			0.403534
5			12.55			-0.403534
6			12.55			-0.457325
7			12.55			-0.493096
8			12.55			-0.492324
9			12.55			-0.492625

0			12.6			0.492617
1			12.6			0.492131
2			12.6			0.492789
3			12.6			0.45684
4			12.6			0.404317
5			12.6			-0.404317
6			12.6			-0.45684
7			12.6			-0.492789
8			12.6			-0.492131
9			12.6			-0.492617

0			12.65			0.492622
1			12.65			0.491929
2			12.65			0.492445
3			12.65			0.456582
4			12.65			0.404528
5			12.65			-0.404528
6			12.65			-0.456582
7			12.65			-0.492445
8			12.65			-0.491929
9			12.65			-0.492622

0			12.7			0.492638
1			12.7			0.491719
2			12.7			0.492064
3			12.7			0.456557
4			12.7			0.404135
5			12.7			-0.404135
6			12.7			-0.456557
7			12.7			-0.492064
8			12.7			-0.491719
9			12.7			-0.492638

0			12.75			0.492665
1			12.75			0.491503
2			12.75			0.491646
3			12.75			0.456766
4			12.75			0.40312
5			12.75			-0.40312
6			12.75			-0.456766
7			12.75			-0.491646
8			12.75			-0.491503
9			12.75			-0.492665

0			12.8			0.492704
1			12.8			0.491283
2			12.8			0.491194
3			12.8			0.457207
4			12.8			0.401478
5			12.8			-0.401478
6			12.8			-0.457207
7			12.8			-0.491194
8			12.8			-0.491283
9			12.8			-0.492704

0			12.85			0.492753
1			12.85			0.491059
2			12.85			0.490706
3			12.85			0.457875
4			12.85			0.399219
5			12.85			-0.399219
6			12.85			-0.457875
7			12.85			-0.490706
8			12.85			-0.491059
9			12.85			-0.492753

0			12.9			0.492811
1			12.9			0.490833
2			12.9			0.490187
3			12.9			0.45876
4			12.9			0.396367
5			12.9			-0.396367
6			12.9			-0.45876
7			12.9			-0.490187
8			12.9			-0.490833
9			12.9			-0.492811

0			12.95			0.492879
1			12.95			0.490607
2			12.95			0.489638
3			12.95			0.45985
4			12.95			0.392957
5			12.95			-0.392957
6			12.95			-0.45985
7			12.95			-0.489638
8			12.95			-0.490607
9			12.95			-0.492879

0			13			0.492955
1			13			0.490383
2			13			0.489063
3			13			0.461127
4			13			0.389039
5			13			-0.389039
6			13			-0.461127
7			13			-0.489063
8			13			-0.490383
9			13			-0.492955

0			13.05			0.49304
1			13.05			0.490161
2			13.05			0.488465
3			13.05			0.462573
4			13.05			0.384675
5			13.05			-0.384675
6			13.05			-0.462573
7			13.05			-0.488465
8			13.05			-0.490161
9			13.05			-0.49304

0			13.1			0.493131
1			13.1			0.489943
2			13.1			0.487847
3			13.1			0.464166
4			13.1			0.379935
5			13.1			-0.379935
6			13.1			-0.464166
7			13.1			-0.487847
8			13.1			-0.489943
9			13.1			-0.493131

0			13.15			0.493229
1			13.15			0.48973
2			13.15			0.487216
3			13.15			0.46588
4			13.15			0.3749
5			13.15			-0.3749
6			13.15			-0.46588
7			13.15			-0.487216
8			13.15			-0.48973
9			13.15			-0.493229

0			13.2			0.493333
1			13.2			0.489524
2			13.2			0.486575
3			13.2			0.467691
4			13.2			0.369659
5			13.2			-0.369659
6			13.2			-0.467691
7			13.2			-0.486575
8			13.2			-0.489524
9			13.2			-0.493333

0			13.25			0.493442
1			13.25			0.489325
2			13.25			0.48593
3			13.25			0.469569
4			13.25			0.364307
5			13.25			-0.364307
6			13.25			-0.469569
7			13.25			-0.48593
8			13.25			-0.489325
9			13.25			-0.493442

0			13.3			0.493555
1			13.3			0.489136
2			13.3			0.485286
3			13.3			0.471485
4			13.3			0.358941
5			13.3			-0.358941
6			13.3			-0.471485
7			13.3			-0.485286
8			13.3			-0.489136
9			13.3			-0.493555

0			13.35			0.493672
1			13.35			0.488955
2			13.35			0.484649
3			13.35			0.473409
4			13.35			0.353662
5			13.35			-0.353662
6			13.35			-0.473409
7			13.35			-0.484649
8			13.35			-0.488955
9			13.35			-0.493672

0			13.4			0.493793
1			13.4			0.488786
2			13.4			0.484025
3			13.4			0.475313
4			13.4			0.34857
5			13.4			-0.34857
6			13.4			-0.475313
7			13.4			-0.484025
8			13.4			-0.488786
9			13.4			-0.493793

0			13.45			0.493915
1			13.45			0.488628
2			13.45			0.483419
3			13.45			0.477166
4			13.45			0.343765
5			13.45			-0.343765
6			13.45			-0.477166
7			13.45			-0.483419
8			13.45			-0.488628
9			13.45			-0.493915

0			13.5			0.49404
1			13.5			0.488482
2			13.5			0.482836
3			13.5			0.478939
4			13.5			0.339341
5			13.5			-0.339341
6			13.5			-0.478939
7			13.5			-0.482836
8			13.5			-0.488482
9			13.5			-0.49404

0			13.55			0.494165
1			13.55			0.488348
2			13.55			0.482283
3			13.55			0.480607
4			13.55			0.335387
5			13.55			-0.335387
6			13.55			-0.480607
7			13.55			-0.482283
8			13.55			-0.488348
9			13.55			-0.494165

0			13.6			0.494292
1			13.6			0.488228
2			13.6			0.481764
3			13.6			0.482145
4			13.6			0.331985
5			13.6			-0.331985
6			13.6			-0.482145
7			13.6			-0.481764
8			13.6			-0.488228
9			13.6			-0.494292

0			13.65			0.494418
1			13.65			0.488121
2			13.65			0.481285
3			13.65			0.483528
4			13.65			0.329206
5			13.65			-0.329206
6			13.65			-0.483528
7			13.65			-0.481285
8			13.65			-0.488121
9			13.65			-0.494418

0			13.7			0.494544
1			13.7			0.488029
2			13.7			0.480848
3			13.7			0.484739
4			13.7			0.327114
5			13.7			-0.327114
6			13.7			-0.484739
7			13.7			-0.480848
8			13.7			-0.488029
9			13.7			-0.494544

0			13.75			0.494669
1			13.75			0.487951
2			13.75			0.48046
3			13.75			0.48576
4			13.75			0.325756
5			13.75			-0.325756
6			13.75			-0.48576
7			13.75			-0.48046
8			13.75			-0.487951
9			13.75			-0.494669

0			13.8			0.494793
1			13.8			0.487887
2			13.8			0.480122
3			13.8			0.486578
4			13.8			0.32517
5			13.8			-0.32517
6			13.8			-0.486578
7			13.8			-0.480122
8			13.8			-0.487887
9			13.8			-0.494793

0			13.85			0.494915
1			13.85			0.487837
2			13.85			0.479838
3			13.85			0.487183
4			13.85			0.325379
5			13.85			-0.325379
6			13.85			-0.487183
7			13.85			-0.479838
8			13.85			-0.487837
9			13.85			-0.494915

0			13.9			0.495034
1			13.9			0.487802
2			13.9			0.47961
3			13.9			0.48757
4			13.9			0.326389
5			13.9			-0.326389
6			13.9			-0.48757
7			13.9			-0.47961
8			13.9			-0.487802
9			13.9			-0.495034

0			13.95			0.495152
1			13.95			0.487782
2			13.95			0.479439
3			13.95			0.487736
4			13.95			0.328196
5			13.95			-0.328196
6			13.95			-0.487736
7			13.95			-0.479439
8			13.95			-0.487782
9			13.95			-0.495152

0			14			0.495266
1			14			0.487777
2			14			0.479327
3			14			0.487684
4			14			0.330777
5			14			-0.330777
6			14			-0.487684
7			14			-0.479327
8			14			-0.487777
9			14			-0.495266

0			14.05			0.495378
1			14.05			0.487785
2			14.05			0.479273
3			14.05			0.48742
4			14.05			0.334098
5			14.05			-0.334098
6			14.05			-0.48742
7			14.05			-0.479273
8			14.05			-0.487785
9			14.05			-0.495378

0			14.1			0.495486
1			14.1			0.487808
2			14.1			0.479278
3			14.1			0.486952
4			14.1			0.338109
5			14.1			-0.338109
6			14.1			-0.486952
7			14.1			-0.479278
8			14.1			-0.487808
9			14.1			-0.495486

0			14.15			0.49559
1			14.15			0.487845
2			14.15			0.479339
3			14.15			0.486294
4			14.15			0.342747
5			14.15			-0.342747
6			14.15			-0.486294
7			14.15			-0.479339
8			14.15			-0.487845
9			14.15			-0.49559

0			14.2			0.495691
1			14.2			0.487896
2			14.2			0.479456
3			14.2			0.485463
4			14.2			0.347939
5			14.2			-0.347939
6			14.2			-0.485463
7			14.2			-0.479456
8			14.2			-0.487896
9			14.2			-0.495691

0			14.25			0.495788
1			14.25			0.48796
2			14.25			0.479626
3			14.25			0.484476
4			14.25			0.353601
5			14.25			-0.353601
6			14.25			-0.484476
7			14.25			-0.479626
8			14.25			-0.48796
9			14.25			-0.495788

0			14.3			0.495881
1			14.3			0.488038
2			14.3			0.479847
3			14.3			0.483357
4			14.3			0.359638
5			14.3			-0.359638
6			14.3			-0.483357
7			14.3			-0.479847
8			14.3			-0.488038
9			14.3			-0.495881

0			14.35			0.495971
1			14.35			0.488128
2			14.35			0.480115
3			14.35			0.482128
4			14.35			0.365952
5			14.35			-0.365952
6			14.35			-0.482128
7			14.35			-0.480115
8			14.35			-0.488128
9			14.35			-0.495971

0			14.4			0.496056
1			14.4			0.48823
2			14.4			0.480426
3			14.4			0.480815
4			14.4			0.372436
5			14.4			-0.372436
6			14.4			-0.480815
7			14.4			-0.480426
8			14.4			-0.48823
9			14.4			-0.496056

0			14.45			0.496138
1			14.45			0.488344
2			14.45			0.480776
3			14.45			0.479445
4			14.45			0.378981
5			14.45			-0.378981
6			14.45			-0.479445
7			14.45			-0.480776
8			14.45			-0.488344
9			14.45			-0.496138

0			14.5			0.496216
1			14.5			0.48847
2			14.5			0.481162
3			14.5			0.478046
4			14.5			0.385479
5			14.5			-0.385479
6			14.5			-0.478046
7			14.5			-0.481162
8			14.5			-0.48847
9			14.5			-0.496216

0			14.55			0.496289
1			14.55			0.488607
2			14.55			0.481578
3			14.55			0.476643
4			14.55			0.391821
5			14.55			-0.391821
6			14.55			-0.476643
7			14.55			-0.481578
8			14.55			-0.488607
9			14.55			-0.496289

0			14.6			0.49636
1			14.6			0.488754
2			14.6			0.482019
3			14.6			0.475266
4			14.6			0.397901
5			14.6			-0.397901
6			14.6			-0.475266
7			14.6			-0.482019
8			14.6			-0.488754
9			14.6			-0.49636

0			14.65			0.496426
1			14.65			0.488911
2			14.65			0.482482
3			14.65			0.473939
4			14.65			0.403619
5			14.65			-0.403619
6			14.65			-0.473939
7			14.65			-0.482482
8			14.65			-0.488911
9			14.65			-0.496426

0			14.7			0.496489
1			14.7			0.489077
2			14.7			0.48296
3			14.7			0.472688
4			14.7			0.408882
5			14.7			-0.408882
6			14.7			-0.472688
7			14.7			-0.48296
8			14.7			-0.489077
9			14.7			-0.496489

0			14.75			0.496549
1			14.75			0.489252
2			14.75			0.48345
3			14.75			0.471537
4			14.75			0.413608
5			14.75			-0.413608
6			14.75			-0.471537
7			14.75			-0.48345
8			14.75			-0.489252
9			14.75			-0.496549

0			14.8			0.496605
1			14.8			0.489435
2			14.8			0.483947
3			14.8			0.470505
4			14.8			0.417722
5			14.8			-0.417722
6			14.8			-0.470505
7			14.8			-0.483947
8			14.8			-0.489435
9			14.8			-0.496605

0			14.85			0.496659
1			14.85			0.489625
2			14.85			0.484447
3			14.85			0.469612
4			14.85			0.421164
5			14.85			-0.421164
6			14.85			-0.469612
7			14.85			-0.484447
8			14.85			-0.489625
9			14.85			-0.496659

0			14.9			0.49671
1			14.9			0.489823
2			14.9			0.484944
3			14.9			0.468874
4			14.9			0.423887
5			14.9			-0.423887
6			14.9			-0.468874
7			14.9			-0.484944
8			14.9			-0.489823
9			14.9			-0.49671

0			14.95			0.496758
1			14.95			0.490026
2			14.95			0.485436
3			14.95			0.468302
4			14.95			0.425859
5			14.95			-0.425859
6			14.95			-0.468302
7			14.95			-0.485436
8			14.95			-0.490026
9			14.95			-0.496758

0			15			0.496804
1			15			0.490235
2			15			0.485919
3			15			0.467907
4			15			0.427061
5			15			-0.427061
6			15			-0.467907
7			15			-0.485919
8			15			-0.490235
9			15			-0.496804

0			15.05			0.496848
1			15.05			0.490449
2			15.05			0.486389
3			15.05			0.467694
4			15.05			0.427492
5			15.05			-0.427492
6			15.05			-0.467694
7			15.05			-0.486389
8			15.05			-0.490449
9			15.05			-0.496848

0			15.1			0.49689
1			15.1			0.490666
2			15.1			0.486843
3			15.1			0.467665
4			15.1			0.427165
5			15.1			-0.427165
6			15.1			-0.467665
7			15.1			-0.486843
8			15.1			-0.490666
9			15.1			-0.49689

0			15.15			0.496931
1			15.15			0.490887
2			15.15			0.48728
3			15.15			0.467821
4			15.15			0.426109
5			15.15			-0.426109
6			15.15			-0.467821
7			15.15			-0.48728
8			15.15			-0.490887
9			15.15			-0.496931

0			15.2			0.49697
1			15.2			0.491111
2			15.2			0.487696
3			15.2			0.468156
4			15.2			0.424368
5			15.2			-0.424368
6			15.2			-0.468156
7			15.2			-0.487696
8			15.2			-0.491111
9			15.2			-0.49697

0			15.25			0.497008
1			15.25			0.491337
2			15.25			0.488091
3			15.25			0.468664
4			15.25			0.421999
5			15.25			-0.421999
6			15.25			-0.468664
7			15.25			-0.488091
8			15.25			-0.491337
9			15.25			-0.497008

0			15.3			0.497045
1			15.3			0.491565
2			15.3			0.488461
3			15.3			0.469334
4			15.3			0.419072
5			15.3			-0.419072
6			15.3			-0.469334
7			15.3			-0.488461
8			15.3			-0.491565
9			15.3			-0.497045

0			15.35			0.497081
1			15.35			0.491793
2			15.35			0.488807
3			15.35			0.470154
4			15.35			0.41567
5			15.35			-0.41567
6			15.35			-0.470154
7			15.35			-0.488807
8			15.35			-0.491793
9			15.35			-0.497081

0			15.4			0.497117
1			15.4			0.492022
2			15.4			0.489128
3			15.4			0.471107
4			15.4			0.411883
5			15.4			-0.411883
6			15.4			-0.471107
7			15.4			-0.489128
8			15.4			-0.492022
9			15.4			-0.497117

0			15.45			0.497153
1			15.45			0.49225
2			15.45			0.489422
3			15.45			0.472178
4			15.45			0.407812
5			15.45			-0.407812
6			15.45			-0.472178
7			15.45			-0.489422
8			15.45			-0.49225
9			15.45			-0.497153

0			15.5			0.497189
1			15.5			0.492477
2			15.5			0.48969
3			15.5			0.473346
4			15.5			0.403561
5			15.5			-0.403561
6			15.5			-0.473346
7			15.5			-0.48969
8			15.5			-0.492477
9			15.5			-0.497189

0			15.55			0.497225
1			15.55			0.492703
2			15.55			0.489931
3			15.55			0.474591
4			15.55			0.39924
5			15.55			-0.39924
6			15.55			-0.474591
7			15.55			-0.489931
8			15.55			-0.492703
9			15.55			-0.497225

0			15.6			0.497261
1			15.6			0.492927
2			15.6			0.490145
3			15.6			0.475894
4			15.6			0.394959
5			15.6			-0.394959
6			15.6			-0.475894
7			15.6			-0.490145
8			15.6			-0.492927
9			15.6			-0.497261

0			15.65			0.497297
1			15.65			0.493149
2			15.65			0.490333
3			15.65			0.477232
4			15.65			0.390827
5			15.65			-0.390827
6			15.65			-0.477232
7			15.65			-0.490333
8			15.65			-0.493149
9			15.65			-0.497297

0			15.7			0.497335
1			15.7			0.493368
2			15.7			0.490495
3			15.7			0.478584
4			15.7			0.386953
5			15.7			-0.386953
6			15.7			-0.478584
7			15.7			-0.490495
8			15.7			-0.493368
9			15.7			-0.497335

0			15.75			0.497373
1			15.75			0.493585
2			15.75			0.490631
3			15.75			0.479931
4			15.75			0.383437
5			15.75			-0.383437
6			15.75			-0.479931
7			15.75			-0.490631
8			15.75			-0.493585
9			15.75			-0.497373

0			15.8			0.497411
1			15.8			0.493798
2			15.8			0.490742
3			15.8			0.481251
4			15.8			0.380375
5			15.8			-0.380375
6			15.8			-0.481251
7			15.8			-0.490742
8			15.8			-0.493798
9			15.8			-0.497411

0			15.85			0.497451
1			15.85			0.494008
2			15.85			0.490828
3			15.85			0.482528
4			15.85			0.377851
5			15.85			-0.377851
6			15.85			-0.482528
7			15.85			-0.490828
8			15.85			-0.494008
9			15.85			-0.497451

0			15.9			0.497492
1			15.9			0.494214
2			15.9			0.49089
3			15.9			0.483743
4			15.9			0.37594
5			15.9			-0.37594
6			15.9			-0.483743
7			15.9			-0.49089
8			15.9			-0.494214
9			15.9			-0.497492

0			15.95			0.497533
1			15.95			0.494416
2			15.95			0.490927
3			15.95			0.484883
4			15.95			0.374704
5			15.95			-0.374704
6			15.95			-0.484883
7			15.95			-0.490927
8			15.95			-0.494416
9			15.95			-0.497533

0			16			0.497576
1			16			0.494615
2			16			0.49094
3			16			0.485934
4			16			0.374191
5			16			-0.374191
6			16			-0.485934
7			16			-0.49094
8			16			-0.494615
9			16			-0.497576

0			16.05			0.49762
1			16.05			0.494809
2			16.05			0.490931
3			16.05			0.486886
4			16.05			0.374436
5			16.05			-0.374436
6			16.05			-0.486886
7			16.05			-0.490931
8			16.05			-0.494809
9			16.05			-0.49762

0			16.1			0.497664
1			16.1			0.495
2			16.1			0.490898
3			16.1			0.487732
4			16.1			0.375455
5			16.1			-0.375455
6			16.1			-0.487732
7			16.1			-0.490898
8			16.1			-0.495
9			16.1			-0.497664

0			16.15			0.49771
1			16.15			0.495186
2			16.15			0.490843
3			16.15			0.488465
4			16.15			0.377252
5			16.15			-0.377252
6			16.15			-0.488465
7			16.15			-0.490843
8			16.15			-0.495186
9			16.15			-0.49771

0			16.2			0.497757
1			16.2			0.495369
2			16.2			0.490765
3			16.2			0.489083
4			16.2			0.379814
5			16.2			-0.379814
6			16.2			-0.489083
7			16.2			-0.490765
8			16.2			-0.495369
9			16.2			-0.497757

0			16.25			0.497804
1			16.25			0.495547
2			16.25			0.490666
3			16.25			0.489587
4			16.25			0.38311
5			16.25			-0.38311
6			16.25			-0.489587
7			16.25			-0.490666
8			16.25			-0.495547
9			16.25			-0.497804

0			16.3			0.497852
1			16.3			0.495721
2			16.3			0.490545
3			16.3			0.489977
4			16.3			0.387096
5			16.3			-0.387096
6			16.3			-0.489977
7			16.3			-0.490545
8			16.3			-0.495721
9			16.3			-0.497852

0			16.35			0.497901
1			16.35			0.495891
2			16.35			0.490403
3			16.35			0.490258
4			16.35			0.391715
5			16.35			-0.391715
6			16.35			-0.490258
7			16.35			-0.490403
8			16.35			-0.495891
9			16.35			-0.497901

0			16.4			0.49795
1			16.4			0.496057
2			16.4			0.490241
3			16.4			0.490437
4			16.4			0.396894
5			16.4			-0.396894
6			16.4			-0.490437
7			16.4			-0.490241
8			16.4			-0.496057
9			16.4			-0.49795

0			16.45			0.497999
1			16.45			0.496219
2			16.45			0.490058
3			16.45			0.490522
4			16.45			0.40255
5			16.45			-0.40255
6			16.45			-0.490522
7			16.45			-0.490058
8			16.45			-0.496219
9			16.45			-0.497999

0			16.5			0.498048
1			16.5			0.496377
2			16.5			0.489858
3			16.5			0.490522
4			16.5			0.40859
5			16.5			-0.40859
6			16.5			-0.490522
7			16.5			-0.489858
8			16.5			-0.496377
9			16.5			-0.498048

0			16.55			0.498098
1			16.55			0.496531
2			16.55			0.489639
3			16.55			0.490448
4			16.55			0.414911
5			16.55			-0.414911
6			16.55			-0.490448
7			16.55			-0.489639
8			16.55			-0.496531
9			16.55			-0.498098

0			16.6			0.498147
1			16.6			0.49668
2			16.6			0.489404
3			16.6			0.490313
4			16.6			0.421404
5			16.6			-0.421404
6			16.6			-0.490313
7			16.6			-0.489404
8			16.6			-0.49668
9			16.6			-0.498147

0			16.65			0.498196
1			16.65			0.496825
2			16.65			0.489154
3			16.65			0.490128
4			16.65			0.427958
5			16.65			-0.427958
6			16.65			-0.490128
7			16.65			-0.489154
8			16.65			-0.496825
9			16.65			-0.498196

0			16.7			0.498245
1			16.7			0.496966
2			16.7			0.488891
3			16.7			0.489905
4			16.7			0.434456
5			16.7			-0.434456
6			16.7			-0.489905
7			16.7			-0.488891
8			16.7			-0.496966
9			16.7			-0.498245

0			16.75			0.498292
1			16.75			0.497101
2			16.75			0.488618
3			16.75			0.489658
4			16.75			0.440783
5			16.75			-0.440783
6			16.75			-0.489658
7			16.75			-0.488618
8			16.75			-0.497101
9			16.75			-0.498292

0			16.8			0.498339
1			16.8			0.497232
2			16.8			0.488335
3			16.8			0.489396
4			16.8			0.446825
5			16.8			-0.446825
6			16.8			-0.489396
7			16.8			-0.488335
8			16.8			-0.497232
9			16.8			-0.498339

0			16.85			0.498385
1			16.85			0.497358
2			16.85			0.488047
3			16.85			0.489132
4			16.85			0.452473
5			16.85			-0.452473
6			16.85			-0.489132
7			16.85			-0.488047
8			16.85			-0.497358
9			16.85			-0.498385

0			16.9			0.498429
1			16.9			0.497478
2			16.9			0.487757
3			16.9			0.488874
4			16.9			0.457623
5			16.9			-0.457623
6			16.9			-0.488874
7			16.9			-0.487757
8			16.9			-0.497478
9			16.9			-0.498429

0			16.95			0.498471
1			16.95			0.497592
2			16.95			0.487467
3			16.95			0.48863
4			16.95			0.462178
5			16.95			-0.462178
6			16.95			-0.48863
7			16.95			-0.487467
8			16.95			-0.497592
9			16.95			-0.498471

0			17			0.498512
1			17			0.4977
2			17			0.487181
3			17			0.488407
4			17			0.466054
5			17			-0.466054
6			17			-0.488407
7			17			-0.487181
8			17			-0.4977
9			17			-0.498512

0			17.05			0.498551
1			17.05			0.497801
2			17.05			0.486903
3			17.05			0.488209
4			17.05			0.469172
5			17.05			-0.469172
6			17.05			-0.488209
7			17.05			-0.486903
8			17.05			-0.497801
9			17.05			-0.498551

0			17.1			0.498587
1			17.1			0.497896
2			17.1			0.486637
3			17.1			0.488039
4			17.1			0.471471
5			17.1			-0.471471
6			17.1			-0.488039
7			17.1			-0.486637
8			17.1			-0.497896
9			17.1			-0.498587

0			17.15			0.498621
1			17.15			0.497983
2			17.15			0.486388
3			17.15			0.487897
4			17.15			0.4729
5			17.15			-0.4729
6			17.15			-0.487897
7			17.15			-0.486388
8			17.15			-0.497983
9			17.15			-0.498621

0			17.2			0.498653
1			17.2			0.498063
2			17.2			0.486159
3			17.2			0.487781
4			17.2			0.473423
5			17.2			-0.473423
6			17.2			-0.487781
7			17.2			-0.486159
8			17.2			-0.498063
9			17.2			-0.498653

0			17.25			0.498682
1			17.25			0.498134
2			17.25			0.485954
3			17.25			0.487687
4			17.25			0.473017
5			17.25			-0.473017
6			17.25			-0.487687
7			17.25			-0.485954
8			17.25			-0.498134
9			17.25			-0.498682

0			17.3			0.498707
1			17.3			0.498198
2			17.3			0.485779
3			17.3			0.487609
4			17.3			0.471675
5			17.3			-0.471675
6			17.3			-0.487609
7			17.3			-0.485779
8			17.3			-0.498198
9			17.3			-0.498707

0			17.35			0.49873
1			17.35			0.498253
2			17.35			0.485637
3			17.35			0.48754
4			17.35			0.469405
5			17.35			-0.469405
6			17.35			-0.48754
7			17.35			-0.485637
8			17.35			-0.498253
9			17.35			-0.49873

0			17.4			0.49875
1			17.4			0.498299
2			17.4			0.485532
3			17.4			0.48747
4			17.4			0.466229
5			17.4			-0.466229
6			17.4			-0.48747
7			17.4			-0.485532
8			17.4			-0.498299
9			17.4			-0.49875

0			17.45			0.498766
1			17.45			0.498337
2			17.45			0.485468
3			17.45			0.487389
4			17.45			0.462183
5			17.45			-0.462183
6			17.45			-0.487389
7			17.45			-0.485468
8			17.45			-0.498337
9			17.45			-0.498766

0			17.5			0.498778
1			17.5			0.498365
2			17.5			0.485448
3			17.5			0.487283
4			17.5			0.457315
5			17.5			-0.457315
6			17.5			-0.487283
7			17.5			-0.485448
8			17.5			-0.498365
9			17.5			-0.498778

0			17.55			0.498788
1			17.55			0.498385
2			17.55			0.485475
3			17.55			0.48714
4			17.55			0.451685
5			17.55			-0.451685
6			17.55			-0.48714
7			17.55			-0.485475
8			17.55			-0.498385
9			17.55			-0.498788

0			17.6			0.498793
1			17.6			0.498396
2			17.6			0.485553
3			17.6			0.486946
4			17.6			0.445366
5			17.6			-0.445366
6			17.6			-0.486946
7			17.6			-0.485553
8			17.6			-0.498396
9			17.6			-0.498793

0			17.65			0.498794
1			17.65			0.498398
2			17.65			0.485682
3			17.65			0.486688
4			17.65			0.438438
5			17.65			-0.438438
6			17.65			-0.486688
7			17.65			-0.485682
8			17.65			-0.498398
9			17.65			-0.498794

0			17.7			0.498792
1			17.7			0.498392
2			17.7			0.485865
3			17.7			0.48635
4			17.7			0.430991
5			17.7			-0.430991
6			17.7			-0.48635
7			17.7			-0.485865
8			17.7			-0.498392
9			17.7			-0.498792

0			17.75			0.498786
1			17.75			0.498378
2			17.75			0.486101
3			17.75			0.485921
4			17.75			0.423119
5			17.75			-0.423119
6			17.75			-0.485921
7			17.75			-0.486101
8			17.75			-0.498378
9			17.75			-0.498786

0			17.8			0.498776
1			17.8			0.498356
2			17.8			0.486391
3			17.8			0.485388
4			17.8			0.414922
5			17.8			-0.414922
6			17.8			-0.485388
7			17.8			-0.486391
8			17.8			-0.498356
9			17.8			-0.498776

0			17.85			0.498762
1			17.85			0.498328
2			17.85			0.486733
3			17.85			0.484739
4			17.85			0.406502
5			17.85			-0.406502
6			17.85			-0.484739
7			17.85			-0.486733
8			17.85			-0.498328
9			17.85			-0.498762

0			17.9			0.498744
1			17.9			0.498293
2			17.9			0.487127
3			17.9			0.483966
4			17.9			0.397964
5			17.9			-0.397964
6			17.9			-0.483966
7			17.9			-0.487127
8			17.9			-0.498293
9			17.9			-0.498744

0			17.95			0.498722
1			17.95			0.498253
2			17.95			0.48757
3			17.95			0.483059
4			17.95			0.38941
5			17.95			-0.38941
6			17.95			-0.483059
7			17.95			-0.48757
8			17.95			-0.498253
9			17.95			-0.498722

0			18			0.498697
1			18			0.498208
2			18			0.488059
3			18			0.482013
4			18			0.38094
5			18			-0.38094
6			18			-0.482013
7			18			-0.488059
8			18			-0.498208
9			18			-0.498697

0			18.05			0.498668
1			18.05			0.498159
2			18.05			0.488589
3			18.05			0.480826
4			18.05			0.372651
5			18.05			-0.372651
6			18.05			-0.480826
7			18.05			-0.488589
8			18.05			-0.498159
9			18.05			-0.498668

0			18.1			0.498635
1			18.1			0.498108
2			18.1			0.489155
3			18.1			0.479496
4			18.1			0.364633
5			18.1			-0.364633
6			18.1			-0.479496
7			18.1			-0.489155
8			18.1			-0.498108
9			18.1			-0.498635

0			18.15			0.498599
1			18.15			0.498055
2			18.15			0.489753
3			18.15			0.478024
4			18.15			0.35697
5			18.15			-0.35697
6			18.15			-0.478024
7			18.15			-0.489753
8			18.15			-0.498055
9			18.15			-0.498599

0			18.2			0.49856
1			18.2			0.498001
2			18.2			0.490376
3			18.2			0.476417
4			18.2			0.349738
5			18.2			-0.349738
6			18.2			-0.476417
7			18.2			-0.490376
8			18.2			-0.498001
9			18.2			-0.49856

0			18.25			0.498518
1			18.25			0.497948
2			18.25			0.491018
3			18.25			0.474681
4			18.25			0.343003
5			18.25			-0.343003
6			18.25			-0.474681
7			18.25			-0.491018
8			18.25			-0.497948
9			18.25			-0.498518

0			18.3			0.498474
1			18.3			0.497896
2			18.3			0.49167
3			18.3			0.472826
4			18.3			0.336823
5			18.3			-0.336823
6			18.3			-0.472826
7			18.3			-0.49167
8			18.3			-0.497896
9			18.3			-0.498474

0			18.35			0.498427
1			18.35			0.497846
2			18.35			0.492325
3			18.35			0.470865
4			18.35			0.331243
5			18.35			-0.331243
6			18.35			-0.470865
7			18.35			-0.492325
8			18.35			-0.497846
9			18.35			-0.498427

0			18.4			0.498378
1			18.4			0.4978
2			18.4			0.492976
3			18.4			0.468814
4			18.4			0.326298
5			18.4			-0.326298
6			18.4			-0.468814
7			18.4			-0.492976
8			18.4			-0.4978
9			18.4			-0.498378

0			18.45			0.498327
1			18.45			0.497758
2			18.45			0.493613
3			18.45			0.46669
4			18.45			0.322013
5			18.45			-0.322013
6			18.45			-0.46669
7			18.45			-0.493613
8			18.45			-0.497758
9			18.45			-0.498327

0			18.5			0.498275
1			18.5			0.497722
2			18.5			0.494228
3			18.5			0.464514
4			18.5			0.318401
5			18.5			-0.318401
6			18.5			-0.464514
7			18.5			-0.494228
8			18.5			-0.497722
9			18.5			-0.498275

0			18.55			0.498221
1			18.55			0.497691
2			18.55			0.494814
3			18.55			0.462306
4			18.55			0.315465
5			18.55			-0.315465
6			18.55			-0.462306
7			18.55			-0.494814
8			18.55			-0.497691
9			18.55			-0.498221

0			18.6			0.498168
1			18.6			0.497666
2			18.6			0.495361
3			18.6			0.46009
4			18.6			0.313196
5			18.6			-0.313196
6			18.6			-0.46009
7			18.6			-0.495361
8			18.6			-0.497666
9			18.6			-0.498168

0			18.65			0.498114
1			18.65			0.497649
2			18.65			0.495863
3			18.65			0.45789
4			18.65			0.311578
5			18.65			-0.311578
6			18.65			-0.45789
7			18.65			-0.495863
8			18.65			-0.497649
9			18.65			-0.498114

0			18.7			0.498061
1			18.7			0.497638
2			18.7			0.49631
3			18.7			0.455731
4			18.7			0.310584
5			18.7			-0.310584
6			18.7			-0.455731
7			18.7			-0.49631
8			18.7			-0.497638
9			18.7			-0.498061

0			18.75			0.498008
1			18.75			0.497635
2			18.75			0.496697
3			18.75			0.453638
4			18.75			0.310182
5			18.75			-0.310182
6			18.75			-0.453638
7			18.75			-0.496697
8			18.75			-0.497635
9			18.75			-0.498008

0			18.8			0.497957
1			18.8			0.497638
2			18.8			0.497017
3			18.8			0.451636
4			18.8			0.310329
5			18.8			-0.310329
6			18.8			-0.451636
7			18.8			-0.497017
8			18.8			-0.497638
9			18.8			-0.497957

0			18.85			0.497908
1			18.85			0.497648
2			18.85			0.497264
3			18.85			0.44975
4			18.85			0.310981
5			18.85			-0.310981
6			18.85			-0.44975
7			18.85			-0.497264
8			18.85			-0.497648
9			18.85			-0.497908

0			18.9			0.497862
1			18.9			0.497665
2			18.9			0.497433
3			18.9			0.448002
4			18.9			0.312087
5			18.9			-0.312087
6			18.9			-0.448002
7			18.9			-0.497433
8			18.9			-0.497665
9			18.9			-0.497862

0			18.95			0.497818
1			18.95			0.497686
2			18.95			0.497521
3			18.95			0.446416
4			18.95			0.313594
5			18.95			-0.313594
6			18.95			-0.446416
7			18.95			-0.497521
8			18.95			-0.497686
9			18.95			-0.497818

0			19			0.497778
1			19			0.497712
2			19			0.497526
3			19			0.445012
4			19			0.315448
5			19			-0.315448
6			19			-0.445012
7			19			-0.497526
8			19			-0.497712
9			19			-0.497778

0			19.05			0.497742
1			19.05			0.497741
2			19.05			0.497444
3			19.05			0.443807
4			19.05			0.317593
5			19.05			-0.317593
6			19.05			-0.443807
7			19.05			-0.497444
8			19.05			-0.497741
9			19.05			-0.497742

0			19.1			0.497711
1			19.1			0.497773
2			19.1			0.497276
3			19.1			0.442817
4			19.1			0.319976
5			19.1			-0.319976
6			19.1			-0.442817
7			19.1			-0.497276
8			19.1			-0.497773
9			19.1			-0.497711

0			19.15			0.497684
1			19.15			0.497804
2			19.15			0.497021
3			19.15			0.442057
4			19.15			0.322543
5			19.15			-0.322543
6			19.15			-0.442057
7			19.15			-0.497021
8			19.15			-0.497804
9			19.15			-0.497684

0			19.2			0.497663
1			19.2			0.497834
2			19.2			0.496683
3			19.2			0.441535
4			19.2			0.325247
5			19.2			-0.325247
6			19.2			-0.441535
7			19.2			-0.496683
8			19.2			-0.497834
9			19.2			-0.497663

0			19.25			0.497648
1			19.25			0.497861
2			19.25			0.496263
3			19.25			0.441259
4			19.25			0.328041
5			19.25			-0.328041
6			19.25			-0.441259
7			19.25			-0.496263
8			19.25			-0.497861
9			19.25			-0.497648

0			19.3			0.497639
1			19.3			0.497883
2			19.3			0.495766
3			19.3			0.441232
4			19.3			0.330885
5			19.3			-0.330885
6			19.3			-0.441232
7			19.3			-0.495766
8			19.3			-0.497883
9			19.3			-0.497639

0			19.35			0.497637
1			19.35			0.497897
2			19.35			0.495196
3			19.35			0.441456
4			19.35			0.333744
5			19.35			-0.333744
6			19.35			-0.441456
7			19.35			-0.495196
8			19.35			-0.497897
9			19.35			-0.497637

0			19.4			0.497641
1			19.4			0.497902
2			19.4			0.494559
3			19.4			0.441927
4			19.4			0.336589
5			19.4			-0.336589
6			19.4			-0.441927
7			19.4			-0.494559
8			19.4			-0.497902
9			19.4			-0.497641

0			19.45			0.497652
1			19.45			0.497895
2			19.45			0.493863
3			19.45			0.44264
4			19.45			0.339397
5			19.45			-0.339397
6			19.45			-0.44264
7			19.45			-0.493863
8			19.45			-0.497895
9			19.45			-0.497652

0			19.5			0.49767
1			19.5			0.497874
2			19.5			0.493115
3			19.5			0.443585
4			19.5			0.342151
5			19.5			-0.342151
6			19.5			-0.443585
7			19.5			-0.493115
8			19.5			-0.497874
9			19.5			-0.49767

0			19.55			0.497696
1			19.55			0.497837
2			19.55			0.492324
3			19.55			0.44475
4			19.55			0.344841
5			19.55			-0.344841
6			19.55			-0.44475
7			19.55			-0.492324
8			19.55			-0.497837
9			19.55			-0.497696

0			19.6			0.497728
1			19.6			0.497782
2			19.6			0.491499
3			19.6			0.446122
4			19.6			0.347462
5			19.6			-0.347462
6			19.6			-0.446122
7			19.6			-0.491499
8			19.6			-0.497782
9			19.6			-0.497728

0			19.65			0.497768
1			19.65			0.497706
2			19.65			0.490649
3			19.65			0.447682
4			19.65			0.350016
5			19.65			-0.350016
6			19.65			-0.447682
7			19.65			-0.490649
8			19.65			-0.497706
9			19.65			-0.497768

0			19.7			0.497814
1			19.7			0.497608
2			19.7			0.489785
3			19.7			0.449411
4			19.7			0.352509
5			19.7			-0.352509
6			19.7			-0.449411
7			19.7			-0.489785
8			19.7			-0.497608
9			19.7			-0.497814

0			19.75			0.497866
1			19.75			0.497487
2			19.75			0.488916
3			19.75			0.45129
4			19.75			0.354952
5			19.75			-0.354952
6			19.75			-0.45129
7			19.75			-0.488916
8			19.75			-0.497487
9			19.75			-0.497866

0			19.8			0.497925
1			19.8			0.497339
2			19.8			0.488052
3			19.8			0.453294
4			19.8			0.357361
5			19.8			-0.357361
6			19.8			-0.453294
7			19.8			-0.488052
8			19.8			-0.497339
9			19.8			-0.497925

0			19.85			0.497989
1			19.85			0.497165
2			19.85			0.487205
3			19.85			0.455401
4			19.85			0.359754
5			19.85			-0.359754
6			19.85			-0.455401
7			19.85			-0.487205
8			19.85			-0.497165
9			19.85			-0.497989

0			19.9			0.498058
1			19.9			0.496962
2			19.9			0.486382
3			19.9			0.457587
4			19.9			0.362151
5			19.9			-0.362151
6			19.9			-0.457587
7			19.9			-0.486382
8			19.9			-0.496962
9			19.9			-0.498058

0			19.95			0.498131
1			19.95			0.496731
2			19.95			0.485595
3			19.95			0.459828
4			19.95			0.364573
5			19.95			-0.364573
6			19.95			-0.459828
7			19.95			-0.485595
8			19.95			-0.496731
9			19.95			-0.498131

