0.05			-0.425757
0.0833333			-0.425158
0.116667			-0.423737
0.15			-0.421564
0.183333			-0.418545
0.216667			-0.414516
0.25			-0.409364
0.283333			-0.403069
0.316667			-0.395697
0.35			-0.387387
0.383333			-0.378311
0.416667			-0.368661
0.45			-0.358623
0.483333			-0.348367
0.516667			-0.338043
0.55			-0.327774
0.583333			-0.317659
0.616667			-0.307774
0.65			-0.298175
0.683333			-0.288901
0.716667			-0.279976
0.75			-0.271414
0.783333			-0.263221
0.816667			-0.255395
0.85			-0.247931
0.883333			-0.240818
0.916667			-0.234044
0.95			-0.227597
0.983333			-0.22146
1.01667			-0.21562
1.05			-0.210061
1.08333			-0.204769
1.11667			-0.199728
1.15			-0.194926
1.18333			-0.190348
1.21667			-0.185981
1.25			-0.181814
1.28333			-0.177835
1.31667			-0.174033
1.35			-0.170398
1.38333			-0.166921
1.41667			-0.163592
1.45			-0.160404
1.48333			-0.157347
1.51667			-0.154416
1.55			-0.151603
1.58333			-0.148901
1.61667			-0.146305
1.65			-0.143809
1.68333			-0.141408
1.71667			-0.139096
1.75			-0.13687
1.78333			-0.134724
1.81667			-0.132655
1.85			-0.130659
1.88333			-0.128732
1.91667			-0.126871
1.95			-0.125072
1.98333			-0.123334
2.01667			-0.121652
2.05			-0.120025
2.08333			-0.118449
2.11667			-0.116923
2.15			-0.115445
2.18333			-0.114011
2.21667			-0.112621
2.25			-0.111272
2.28333			-0.109963
2.31667			-0.108691
2.35			-0.107456
2.38333			-0.106256
2.41667			-0.10509
2.45			-0.103955
2.48333			-0.102852
2.51667			-0.101777
2.55			-0.100732
2.58333			-0.0997138
2.61667			-0.0987221
2.65			-0.0977557
2.68333			-0.0968137
2.71667			-0.0958953
2.75			-0.0949996
2.78333			-0.0941258
2.81667			-0.0932731
2.85			-0.0924407
2.88333			-0.091628
2.91667			-0.0908343
2.95			-0.0900589
2.98333			-0.0893012
3.01667			-0.0885607
3.05			-0.0878367
3.08333			-0.0871288
3.11667			-0.0864363
3.15			-0.0857589
3.18333			-0.085096
3.21667			-0.0844472
3.25			-0.083812
3.28333			-0.0831901
3.31667			-0.082581
3.35			-0.0819843
3.38333			-0.0813997
3.41667			-0.0808268
3.45			-0.0802653
3.48333			-0.0797148
3.51667			-0.079175
3.55			-0.0786456
3.58333			-0.0781264
3.61667			-0.0776169
3.65			-0.0771171
3.68333			-0.0766265
3.71667			-0.076145
3.75			-0.0756722
3.78333			-0.0752081
3.81667			-0.0747522
3.85			-0.0743045
3.88333			-0.0738646
3.91667			-0.0734325
3.95			-0.0730079
3.98333			-0.0725905
4.01667			-0.0721803
4.05			-0.0717771
4.08333			-0.0713806
4.11667			-0.0709907
4.15			-0.0706072
4.18333			-0.07023
4.21667			-0.069859
4.25			-0.0694939
4.28333			-0.0691347
4.31667			-0.0687812
4.35			-0.0684332
4.38333			-0.0680907
4.41667			-0.0677535
4.45			-0.0674215
4.48333			-0.0670946
4.51667			-0.0667726
4.55			-0.0664555
4.58333			-0.0661431
4.61667			-0.0658354
4.65			-0.0655322
4.68333			-0.0652334
4.71667			-0.064939
4.75			-0.0646488
4.78333			-0.0643628
4.81667			-0.0640809
4.85			-0.0638029
4.88333			-0.0635288
4.91667			-0.0632586
4.95			-0.0629921
4.98333			-0.0627292
5.01667			-0.0624699
5.05			-0.0622142
5.08333			-0.0619619
5.11667			-0.061713
5.15			-0.0614674
5.18333			-0.061225
5.21667			-0.0609858
5.25			-0.0607498
5.28333			-0.0605167
5.31667			-0.0602867
5.35			-0.0600597
5.38333			-0.0598355
5.41667			-0.0596142
5.45			-0.0593956
5.48333			-0.0591798
5.51667			-0.0589666
5.55			-0.0587561
5.58333			-0.0585481
5.61667			-0.0583427
5.65			-0.0581398
5.68333			-0.0579393
5.71667			-0.0577412
5.75			-0.0575455
5.78333			-0.057352
5.81667			-0.0571609
5.85			-0.056972
5.88333			-0.0567853
5.91667			-0.0566007
5.95			-0.0564183
5.98333			-0.056238
6.01667			-0.0560597
6.05			-0.0558834
6.08333			-0.0557091
6.11667			-0.0555367
6.15			-0.0553663
6.18333			-0.0551977
6.21667			-0.055031
6.25			-0.0548662
6.28333			-0.0547031
6.31667			-0.0545417
6.35			-0.0543822
6.38333			-0.0542243
6.41667			-0.0540681
6.45			-0.0539135
6.48333			-0.0537606
6.51667			-0.0536093
6.55			-0.0534596
6.58333			-0.0533114
6.61667			-0.0531648
6.65			-0.0530196
6.68333			-0.052876
6.71667			-0.0527337
6.75			-0.052593
6.78333			-0.0524536
6.81667			-0.0523157
6.85			-0.0521791
6.88333			-0.0520439
6.91667			-0.05191
6.95			-0.0517774
6.98333			-0.0516462
7.01667			-0.0515162
7.05			-0.0513874
7.08333			-0.0512599
7.11667			-0.0511336
7.15			-0.0510086
7.18333			-0.0508847
7.21667			-0.0507619
7.25			-0.0506404
7.28333			-0.05052
7.31667			-0.0504007
7.35			-0.0502825
7.38333			-0.0501654
7.41667			-0.0500493
7.45			-0.0499344
7.48333			-0.0498205
7.51667			-0.0497076
7.55			-0.0495957
7.58333			-0.0494848
7.61667			-0.049375
7.65			-0.0492661
7.68333			-0.0491582
7.71667			-0.0490512
7.75			-0.0489452
7.78333			-0.0488401
7.81667			-0.0487359
7.85			-0.0486326
7.88333			-0.0485302
7.91667			-0.0484287
7.95			-0.0483281
7.98333			-0.0482283
8.01667			-0.0481294
8.05			-0.0480313
8.08333			-0.047934
8.11667			-0.0478376
8.15			-0.0477419
8.18333			-0.0476471
8.21667			-0.047553
8.25			-0.0474597
8.28333			-0.0473672
8.31667			-0.0472754
8.35			-0.0471844
8.38333			-0.0470941
8.41667			-0.0470046
8.45			-0.0469158
8.48333			-0.0468277
8.51667			-0.0467403
8.55			-0.0466535
8.58333			-0.0465675
8.61667			-0.0464822
8.65			-0.0463975
8.68333			-0.0463135
8.71667			-0.0462301
8.75			-0.0461474
8.78333			-0.0460654
8.81667			-0.0459839
8.85			-0.0459031
8.88333			-0.0458229
8.91667			-0.0457434
8.95			-0.0456644
8.98333			-0.045586
9.01667			-0.0455082
9.05			-0.045431
9.08333			-0.0453544
9.11667			-0.0452784
9.15			-0.0452029
9.18333			-0.045128
9.21667			-0.0450536
9.25			-0.0449798
9.28333			-0.0449065
9.31667			-0.0448337
9.35			-0.0447615
9.38333			-0.0446898
9.41667			-0.0446186
9.45			-0.0445479
9.48333			-0.0444778
9.51667			-0.0444081
9.55			-0.044339
9.58333			-0.0442703
9.61667			-0.0442021
9.65			-0.0441344
9.68333			-0.0440671
9.71667			-0.0440004
9.75			-0.0439341
9.78333			-0.0438682
9.81667			-0.0438028
9.85			-0.0437379
9.88333			-0.0436734
9.91667			-0.0436094
9.95			-0.0435458
9.98333			-0.0434826
10.0167			-0.0434198
10.05			-0.0433575
10.0833			-0.0432956
10.1167			-0.0432341
10.15			-0.0431731
10.1833			-0.0431124
10.2167			-0.0430521
10.25			-0.0429922
10.2833			-0.0429328
10.3167			-0.0428737
10.35			-0.042815
10.3833			-0.0427567
10.4167			-0.0426988
10.45			-0.0426412
10.4833			-0.042584
10.5167			-0.0425272
10.55			-0.0424708
10.5833			-0.0424147
10.6167			-0.0423589
10.65			-0.0423036
10.6833			-0.0422485
10.7167			-0.0421939
10.75			-0.0421395
10.7833			-0.0420856
10.8167			-0.0420319
10.85			-0.0419786
10.8833			-0.0419256
10.9167			-0.041873
10.95			-0.0418206
10.9833			-0.0417686
11.0167			-0.041717
11.05			-0.0416656
11.0833			-0.0416146
11.1167			-0.0415638
11.15			-0.0415134
11.1833			-0.0414633
11.2167			-0.0414134
11.25			-0.0413639
11.2833			-0.0413147
11.3167			-0.0412658
11.35			-0.0412171
11.3833			-0.0411688
11.4167			-0.0411207
11.45			-0.0410729
11.4833			-0.0410255
11.5167			-0.0409782
11.55			-0.0409313
11.5833			-0.0408846
11.6167			-0.0408383
11.65			-0.0407921
11.6833			-0.0407463
11.7167			-0.0407007
11.75			-0.0406554
11.7833			-0.0406103
11.8167			-0.0405655
11.85			-0.0405209
11.8833			-0.0404767
11.9167			-0.0404326
11.95			-0.0403888
11.9833			-0.0403453
12.0167			-0.040302
12.05			-0.0402589
12.0833			-0.0402161
12.1167			-0.0401735
12.15			-0.0401312
12.1833			-0.0400891
12.2167			-0.0400472
12.25			-0.0400056
12.2833			-0.0399642
12.3167			-0.039923
12.35			-0.039882
12.3833			-0.0398413
12.4167			-0.0398008
12.45			-0.0397605
12.4833			-0.0397204
12.5167			-0.0396806
12.55			-0.0396409
12.5833			-0.0396015
12.6167			-0.0395623
12.65			-0.0395233
12.6833			-0.0394845
12.7167			-0.0394459
12.75			-0.0394075
12.7833			-0.0393693
12.8167			-0.0393313
12.85			-0.0392936
12.8833			-0.039256
12.9167			-0.0392186
12.95			-0.0391814
12.9833			-0.0391444
13.0167			-0.0391076
13.05			-0.039071
13.0833			-0.0390346
13.1167			-0.0389983
13.15			-0.0389623
13.1833			-0.0389264
13.2167			-0.0388908
13.25			-0.0388553
13.2833			-0.0388199
13.3167			-0.0387848
13.35			-0.0387498
13.3833			-0.0387151
13.4167			-0.0386804
13.45			-0.038646
13.4833			-0.0386118
13.5167			-0.0385777
13.55			-0.0385437
13.5833			-0.03851
13.6167			-0.0384764
13.65			-0.038443
13.6833			-0.0384097
13.7167			-0.0383767
13.75			-0.0383437
13.7833			-0.038311
13.8167			-0.0382784
13.85			-0.0382459
13.8833			-0.0382136
13.9167			-0.0381815
13.95			-0.0381495
13.9833			-0.0381177
14.0167			-0.0380861
14.05			-0.0380545
14.0833			-0.0380232
14.1167			-0.037992
14.15			-0.0379609
14.1833			-0.03793
14.2167			-0.0378992
14.25			-0.0378686
14.2833			-0.0378381
14.3167			-0.0378078
14.35			-0.0377776
14.3833			-0.0377476
14.4167			-0.0377177
14.45			-0.0376879
14.4833			-0.0376583
14.5167			-0.0376288
14.55			-0.0375994
14.5833			-0.0375702
14.6167			-0.0375411
14.65			-0.0375122
14.6833			-0.0374834
14.7167			-0.0374547
14.75			-0.0374261
14.7833			-0.0373977
14.8167			-0.0373694
14.85			-0.0373413
14.8833			-0.0373132
14.9167			-0.0372853
14.95			-0.0372575
14.9833			-0.0372299
15.0167			-0.0372024
15.05			-0.037175
15.0833			-0.0371477
15.1167			-0.0371205
15.15			-0.0370935
15.1833			-0.0370665
15.2167			-0.0370397
15.25			-0.0370131
15.2833			-0.0369865
15.3167			-0.03696
15.35			-0.0369337
15.3833			-0.0369075
15.4167			-0.0368814
15.45			-0.0368554
15.4833			-0.0368295
15.5167			-0.0368038
15.55			-0.0367781
15.5833			-0.0367526
15.6167			-0.0367272
15.65			-0.0367018
15.6833			-0.0366766
15.7167			-0.0366515
15.75			-0.0366265
15.7833			-0.0366017
15.8167			-0.0365769
15.85			-0.0365522
15.8833			-0.0365276
15.9167			-0.0365032
15.95			-0.0364788
15.9833			-0.0364546
16.0167			-0.0364304
16.05			-0.0364063
16.0833			-0.0363824
16.1167			-0.0363585
16.15			-0.0363348
16.1833			-0.0363111
16.2167			-0.0362876
16.25			-0.0362641
16.2833			-0.0362408
16.3167			-0.0362175
16.35			-0.0361943
16.3833			-0.0361712
16.4167			-0.0361483
16.45			-0.0361254
16.4833			-0.0361026
16.5167			-0.0360799
16.55			-0.0360573
16.5833			-0.0360348
16.6167			-0.0360124
16.65			-0.03599
16.6833			-0.0359678
16.7167			-0.0359456
16.75			-0.0359236
16.7833			-0.0359016
16.8167			-0.0358797
16.85			-0.0358579
16.8833			-0.0358362
16.9167			-0.0358146
16.95			-0.0357931
16.9833			-0.0357716
17.0167			-0.0357502
17.05			-0.035729
17.0833			-0.0357078
17.1167			-0.0356867
17.15			-0.0356656
17.1833			-0.0356447
17.2167			-0.0356238
17.25			-0.035603
17.2833			-0.0355823
17.3167			-0.0355617
17.35			-0.0355412
17.3833			-0.0355207
17.4167			-0.0355003
17.45			-0.03548
17.4833			-0.0354598
17.5167			-0.0354396
17.55			-0.0354196
17.5833			-0.0353996
17.6167			-0.0353796
17.65			-0.0353598
17.6833			-0.03534
17.7167			-0.0353203
17.75			-0.0353007
17.7833			-0.0352812
17.8167			-0.0352617
17.85			-0.0352423
17.8833			-0.035223
17.9167			-0.0352038
17.95			-0.0351846
17.9833			-0.0351655
18.0167			-0.0351464
18.05			-0.0351275
18.0833			-0.0351086
18.1167			-0.0350898
18.15			-0.035071
18.1833			-0.0350523
18.2167			-0.0350337
18.25			-0.0350152
18.2833			-0.0349967
18.3167			-0.0349783
18.35			-0.03496
18.3833			-0.0349417
18.4167			-0.0349235
18.45			-0.0349054
18.4833			-0.0348873
18.5167			-0.0348693
18.55			-0.0348513
18.5833			-0.0348335
18.6167			-0.0348157
18.65			-0.0347979
18.6833			-0.0347802
18.7167			-0.0347626
18.75			-0.034745
18.7833			-0.0347276
18.8167			-0.0347101
18.85			-0.0346928
18.8833			-0.0346755
18.9167			-0.0346582
18.95			-0.034641
18.9833			-0.0346239
19.0167			-0.0346068
19.05			-0.0345898
19.0833			-0.0345729
19.1167			-0.034556
19.15			-0.0345392
19.1833			-0.0345224
19.2167			-0.0345057
19.25			-0.0344891
19.2833			-0.0344725
19.3167			-0.034456
19.35			-0.0344395
19.3833			-0.0344231
19.4167			-0.0344067
19.45			-0.0343904
19.4833			-0.0343742
19.5167			-0.034358
19.55			-0.0343419
19.5833			-0.0343258
19.6167			-0.0343098
19.65			-0.0342938
19.6833			-0.0342779
19.7167			-0.034262
19.75			-0.0342462
19.7833			-0.0342305
19.8167			-0.0342148
19.85			-0.0341991
19.8833			-0.0341835
19.9167			-0.034168
19.95			-0.0341525
19.9833			-0.0341371
20.0167			-0.0341217
20.05			-0.0341064
20.0833			-0.0340911
20.1167			-0.0340759
20.15			-0.0340607
20.1833			-0.0340456
20.2167			-0.0340305
20.25			-0.0340155
20.2833			-0.0340005
20.3167			-0.0339856
20.35			-0.0339707
20.3833			-0.0339559
20.4167			-0.0339411
20.45			-0.0339264
20.4833			-0.0339117
20.5167			-0.0338971
20.55			-0.0338825
20.5833			-0.0338679
20.6167			-0.0338535
20.65			-0.033839
20.6833			-0.0338246
20.7167			-0.0338103
20.75			-0.033796
20.7833			-0.0337817
20.8167			-0.0337675
20.85			-0.0337533
20.8833			-0.0337392
20.9167			-0.0337251
20.95			-0.0337111
20.9833			-0.0336971
21.0167			-0.0336832
21.05			-0.0336693
21.0833			-0.0336555
21.1167			-0.0336417
21.15			-0.0336279
21.1833			-0.0336142
21.2167			-0.0336005
21.25			-0.0335869
21.2833			-0.0335733
21.3167			-0.0335598
21.35			-0.0335463
21.3833			-0.0335328
21.4167			-0.0335194
21.45			-0.033506
21.4833			-0.0334927
21.5167			-0.0334794
21.55			-0.0334661
21.5833			-0.0334529
21.6167			-0.0334398
21.65			-0.0334266
21.6833			-0.0334136
21.7167			-0.0334005
21.75			-0.0333875
21.7833			-0.0333745
21.8167			-0.0333616
21.85			-0.0333487
21.8833			-0.0333359
21.9167			-0.0333231
21.95			-0.0333103
21.9833			-0.0332976
22.0167			-0.0332849
22.05			-0.0332723
22.0833			-0.0332597
22.1167			-0.0332471
22.15			-0.0332345
22.1833			-0.0332221
22.2167			-0.0332096
22.25			-0.0331972
22.2833			-0.0331848
22.3167			-0.0331724
22.35			-0.0331601
22.3833			-0.0331479
22.4167			-0.0331356
22.45			-0.0331234
22.4833			-0.0331113
22.5167			-0.0330992
22.55			-0.0330871
22.5833			-0.033075
22.6167			-0.033063
22.65			-0.033051
22.6833			-0.0330391
22.7167			-0.0330272
22.75			-0.0330153
22.7833			-0.0330034
22.8167			-0.0329916
22.85			-0.0329799
22.8833			-0.0329681
22.9167			-0.0329564
22.95			-0.0329448
22.9833			-0.0329331
23.0167			-0.0329215
23.05			-0.03291
23.0833			-0.0328984
23.1167			-0.032887
23.15			-0.0328755
23.1833			-0.0328641
23.2167			-0.0328527
23.25			-0.0328413
23.2833			-0.03283
23.3167			-0.0328187
23.35			-0.0328074
23.3833			-0.0327962
23.4167			-0.032785
23.45			-0.0327738
23.4833			-0.0327627
23.5167			-0.0327516
23.55			-0.0327405
23.5833			-0.0327294
23.6167			-0.0327184
23.65			-0.0327074
23.6833			-0.0326965
23.7167			-0.0326856
23.75			-0.0326747
23.7833			-0.0326638
23.8167			-0.032653
23.85			-0.0326422
23.8833			-0.0326315
23.9167			-0.0326207
23.95			-0.03261
23.9833			-0.0325993
24.0167			-0.0325887
24.05			-0.0325781
24.0833			-0.0325675
24.1167			-0.0325569
24.15			-0.0325464
24.1833			-0.0325359
24.2167			-0.0325255
24.25			-0.032515
24.2833			-0.0325046
24.3167			-0.0324942
24.35			-0.0324839
24.3833			-0.0324736
24.4167			-0.0324633
24.45			-0.032453
24.4833			-0.0324428
24.5167			-0.0324325
24.55			-0.0324224
24.5833			-0.0324122
24.6167			-0.0324021
24.65			-0.032392
24.6833			-0.0323819
24.7167			-0.0323719
24.75			-0.0323619
24.7833			-0.0323519
24.8167			-0.0323419
24.85			-0.032332
24.8833			-0.0323221
24.9167			-0.0323122
24.95			-0.0323023
24.9833			-0.0322925
25.0167			-0.0322827
25.05			-0.0322729
25.0833			-0.0322632
25.1167			-0.0322534
25.15			-0.0322437
25.1833			-0.0322341
25.2167			-0.0322244
25.25			-0.0322148
25.2833			-0.0322052
25.3167			-0.0321956
25.35			-0.0321861
25.3833			-0.0321766
25.4167			-0.0321671
25.45			-0.0321576
25.4833			-0.0321482
25.5167			-0.0321388
25.55			-0.0321294
25.5833			-0.03212
25.6167			-0.0321107
25.65			-0.0321013
25.6833			-0.032092
25.7167			-0.0320828
25.75			-0.0320735
25.7833			-0.0320643
25.8167			-0.0320551
25.85			-0.0320459
25.8833			-0.0320368
25.9167			-0.0320276
25.95			-0.0320185
25.9833			-0.0320095
26.0167			-0.0320004
26.05			-0.0319914
26.0833			-0.0319824
26.1167			-0.0319734
26.15			-0.0319644
26.1833			-0.0319555
26.2167			-0.0319466
26.25			-0.0319377
26.2833			-0.0319288
26.3167			-0.0319199
26.35			-0.0319111
26.3833			-0.0319023
26.4167			-0.0318935
26.45			-0.0318848
26.4833			-0.031876
26.5167			-0.0318673
26.55			-0.0318586
26.5833			-0.0318499
26.6167			-0.0318413
26.65			-0.0318327
26.6833			-0.0318241
26.7167			-0.0318155
26.75			-0.0318069
26.7833			-0.0317984
26.8167			-0.0317899
26.85			-0.0317814
26.8833			-0.0317729
26.9167			-0.0317644
26.95			-0.031756
26.9833			-0.0317476
27.0167			-0.0317392
27.05			-0.0317308
27.0833			-0.0317225
27.1167			-0.0317141
27.15			-0.0317058
27.1833			-0.0316975
27.2167			-0.0316893
27.25			-0.031681
27.2833			-0.0316728
27.3167			-0.0316646
27.35			-0.0316564
27.3833			-0.0316482
27.4167			-0.0316401
27.45			-0.0316319
27.4833			-0.0316238
27.5167			-0.0316157
27.55			-0.0316077
27.5833			-0.0315996
27.6167			-0.0315916
27.65			-0.0315836
27.6833			-0.0315756
27.7167			-0.0315676
27.75			-0.0315597
27.7833			-0.0315517
27.8167			-0.0315438
27.85			-0.0315359
27.8833			-0.0315281
27.9167			-0.0315202
27.95			-0.0315124
27.9833			-0.0315045
28.0167			-0.0314967
28.05			-0.031489
28.0833			-0.0314812
28.1167			-0.0314735
28.15			-0.0314657
28.1833			-0.031458
28.2167			-0.0314503
28.25			-0.0314427
28.2833			-0.031435
28.3167			-0.0314274
28.35			-0.0314198
28.3833			-0.0314122
28.4167			-0.0314046
28.45			-0.031397
28.4833			-0.0313895
28.5167			-0.0313819
28.55			-0.0313744
28.5833			-0.0313669
28.6167			-0.0313595
28.65			-0.031352
28.6833			-0.0313446
28.7167			-0.0313372
28.75			-0.0313298
28.7833			-0.0313224
28.8167			-0.031315
28.85			-0.0313076
28.8833			-0.0313003
28.9167			-0.031293
28.95			-0.0312857
28.9833			-0.0312784
29.0167			-0.0312711
29.05			-0.0312639
29.0833			-0.0312567
29.1167			-0.0312494
29.15			-0.0312422
29.1833			-0.0312351
29.2167			-0.0312279
29.25			-0.0312207
29.2833			-0.0312136
29.3167			-0.0312065
29.35			-0.0311994
29.3833			-0.0311923
29.4167			-0.0311852
29.45			-0.0311782
29.4833			-0.0311711
29.5167			-0.0311641
29.55			-0.0311571
29.5833			-0.0311501
29.6167			-0.0311431
29.65			-0.0311362
29.6833			-0.0311292
29.7167			-0.0311223
29.75			-0.0311154
29.7833			-0.0311085
29.8167			-0.0311016
29.85			-0.0310948
29.8833			-0.0310879
29.9167			-0.0310811
29.95			-0.0310743
29.9833			-0.0310675
30.0167			-0.0310607
30.05			-0.0310539
30.0833			-0.0310471
30.1167			-0.0310404
30.15			-0.0310337
30.1833			-0.031027
30.2167			-0.0310203
30.25			-0.0310136
30.2833			-0.0310069
30.3167			-0.0310003
30.35			-0.0309936
30.3833			-0.030987
30.4167			-0.0309804
30.45			-0.0309738
30.4833			-0.0309672
30.5167			-0.0309607
30.55			-0.0309541
30.5833			-0.0309476
30.6167			-0.030941
30.65			-0.0309345
30.6833			-0.030928
30.7167			-0.0309216
30.75			-0.0309151
30.7833			-0.0309086
30.8167			-0.0309022
30.85			-0.0308958
30.8833			-0.0308894
30.9167			-0.030883
30.95			-0.0308766
30.9833			-0.0308702
31.0167			-0.0308639
31.05			-0.0308575
31.0833			-0.0308512
31.1167			-0.0308449
31.15			-0.0308386
31.1833			-0.0308323
31.2167			-0.030826
31.25			-0.0308198
31.2833			-0.0308135
31.3167			-0.0308073
31.35			-0.0308011
31.3833			-0.0307949
31.4167			-0.0307887
31.45			-0.0307825
31.4833			-0.0307763
31.5167			-0.0307702
31.55			-0.0307641
31.5833			-0.0307579
31.6167			-0.0307518
31.65			-0.0307457
31.6833			-0.0307396
31.7167			-0.0307336
31.75			-0.0307275
31.7833			-0.0307214
31.8167			-0.0307154
31.85			-0.0307094
31.8833			-0.0307034
31.9167			-0.0306974
31.95			-0.0306914
31.9833			-0.0306854
32.0167			-0.0306795
32.05			-0.0306735
32.0833			-0.0306676
32.1167			-0.0306617
32.15			-0.0306557
32.1833			-0.0306498
32.2167			-0.030644
32.25			-0.0306381
32.2833			-0.0306322
32.3167			-0.0306264
32.35			-0.0306205
32.3833			-0.0306147
32.4167			-0.0306089
32.45			-0.0306031
32.4833			-0.0305973
32.5167			-0.0305915
32.55			-0.0305858
32.5833			-0.03058
32.6167			-0.0305743
32.65			-0.0305685
32.6833			-0.0305628
32.7167			-0.0305571
32.75			-0.0305514
32.7833			-0.0305457
32.8167			-0.0305401
32.85			-0.0305344
32.8833			-0.0305288
32.9167			-0.0305231
32.95			-0.0305175
32.9833			-0.0305119
33.0167			-0.0305063
33.05			-0.0305007
33.0833			-0.0304951
33.1167			-0.0304895
33.15			-0.030484
33.1833			-0.0304784
33.2167			-0.0304729
33.25			-0.0304674
33.2833			-0.0304619
33.3167			-0.0304564
33.35			-0.0304509
33.3833			-0.0304454
33.4167			-0.0304399
33.45			-0.0304345
33.4833			-0.030429
33.5167			-0.0304236
33.55			-0.0304182
33.5833			-0.0304128
33.6167			-0.0304074
33.65			-0.030402
33.6833			-0.0303966
33.7167			-0.0303912
33.75			-0.0303859
33.7833			-0.0303805
33.8167			-0.0303752
33.85			-0.0303698
33.8833			-0.0303645
33.9167			-0.0303592
33.95			-0.0303539
33.9833			-0.0303486
34.0167			-0.0303434
34.05			-0.0303381
34.0833			-0.0303328
34.1167			-0.0303276
34.15			-0.0303224
34.1833			-0.0303171
34.2167			-0.0303119
34.25			-0.0303067
34.2833			-0.0303015
34.3167			-0.0302963
34.35			-0.0302912
34.3833			-0.030286
34.4167			-0.0302808
34.45			-0.0302757
34.4833			-0.0302706
34.5167			-0.0302655
34.55			-0.0302603
34.5833			-0.0302552
34.6167			-0.0302501
34.65			-0.0302451
34.6833			-0.03024
34.7167			-0.0302349
34.75			-0.0302299
34.7833			-0.0302248
34.8167			-0.0302198
34.85			-0.0302148
34.8833			-0.0302098
34.9167			-0.0302047
34.95			-0.0301998
34.9833			-0.0301948
35.0167			-0.0301898
35.05			-0.0301848
35.0833			-0.0301799
35.1167			-0.0301749
35.15			-0.03017
35.1833			-0.030165
35.2167			-0.0301601
35.25			-0.0301552
35.2833			-0.0301503
35.3167			-0.0301454
35.35			-0.0301405
35.3833			-0.0301357
35.4167			-0.0301308
35.45			-0.0301259
35.4833			-0.0301211
35.5167			-0.0301163
35.55			-0.0301114
35.5833			-0.0301066
35.6167			-0.0301018
35.65			-0.030097
35.6833			-0.0300922
35.7167			-0.0300874
35.75			-0.0300827
35.7833			-0.0300779
35.8167			-0.0300731
35.85			-0.0300684
35.8833			-0.0300637
35.9167			-0.0300589
35.95			-0.0300542
35.9833			-0.0300495
36.0167			-0.0300448
36.05			-0.0300401
36.0833			-0.0300354
36.1167			-0.0300307
36.15			-0.0300261
36.1833			-0.0300214
36.2167			-0.0300168
36.25			-0.0300121
36.2833			-0.0300075
36.3167			-0.0300029
36.35			-0.0299983
36.3833			-0.0299936
36.4167			-0.029989
36.45			-0.0299845
36.4833			-0.0299799
36.5167			-0.0299753
36.55			-0.0299707
36.5833			-0.0299662
36.6167			-0.0299616
36.65			-0.0299571
36.6833			-0.0299526
36.7167			-0.029948
36.75			-0.0299435
36.7833			-0.029939
36.8167			-0.0299345
36.85			-0.02993
36.8833			-0.0299255
36.9167			-0.0299211
36.95			-0.0299166
36.9833			-0.0299121
37.0167			-0.0299077
37.05			-0.0299033
37.0833			-0.0298988
37.1167			-0.0298944
37.15			-0.02989
37.1833			-0.0298856
37.2167			-0.0298812
37.25			-0.0298768
37.2833			-0.0298724
37.3167			-0.029868
37.35			-0.0298636
37.3833			-0.0298593
37.4167			-0.0298549
37.45			-0.0298506
37.4833			-0.0298462
37.5167			-0.0298419
37.55			-0.0298376
37.5833			-0.0298333
37.6167			-0.029829
37.65			-0.0298246
37.6833			-0.0298204
37.7167			-0.0298161
37.75			-0.0298118
37.7833			-0.0298075
37.8167			-0.0298033
37.85			-0.029799
37.8833			-0.0297948
37.9167			-0.0297905
37.95			-0.0297863
37.9833			-0.0297821
38.0167			-0.0297778
38.05			-0.0297736
38.0833			-0.0297694
38.1167			-0.0297652
38.15			-0.029761
38.1833			-0.0297569
38.2167			-0.0297527
38.25			-0.0297485
38.2833			-0.0297444
38.3167			-0.0297402
38.35			-0.0297361
38.3833			-0.0297319
38.4167			-0.0297278
38.45			-0.0297237
38.4833			-0.0297196
38.5167			-0.0297155
38.55			-0.0297114
38.5833			-0.0297073
38.6167			-0.0297032
38.65			-0.0296991
38.6833			-0.029695
38.7167			-0.029691
38.75			-0.0296869
38.7833			-0.0296829
38.8167			-0.0296788
38.85			-0.0296748
38.8833			-0.0296707
38.9167			-0.0296667
38.95			-0.0296627
38.9833			-0.0296587
39.0167			-0.0296547
39.05			-0.0296507
39.0833			-0.0296467
39.1167			-0.0296427
39.15			-0.0296387
39.1833			-0.0296348
39.2167			-0.0296308
39.25			-0.0296269
39.2833			-0.0296229
39.3167			-0.029619
39.35			-0.029615
39.3833			-0.0296111
39.4167			-0.0296072
39.45			-0.0296033
39.4833			-0.0295994
39.5167			-0.0295955
39.55			-0.0295916
39.5833			-0.0295877
39.6167			-0.0295838
39.65			-0.0295799
39.6833			-0.029576
39.7167			-0.0295722
39.75			-0.0295683
39.7833			-0.0295645
39.8167			-0.0295606
39.85			-0.0295568
39.8833			-0.029553
39.9167			-0.0295491
39.95			-0.0295453
39.9833			-0.0295415
40.0167			-0.0295377
40.05			-0.0295339
40.0833			-0.0295301
40.1167			-0.0295263
40.15			-0.0295226
40.1833			-0.0295188
40.2167			-0.029515
40.25			-0.0295113
40.2833			-0.0295075
40.3167			-0.0295038
40.35			-0.0295
40.3833			-0.0294963
40.4167			-0.0294926
40.45			-0.0294888
40.4833			-0.0294851
40.5167			-0.0294814
40.55			-0.0294777
40.5833			-0.029474
40.6167			-0.0294703
40.65			-0.0294666
40.6833			-0.0294629
40.7167			-0.0294593
40.75			-0.0294556
40.7833			-0.0294519
40.8167			-0.0294483
40.85			-0.0294446
40.8833			-0.029441
40.9167			-0.0294374
40.95			-0.0294337
40.9833			-0.0294301
41.0167			-0.0294265
41.05			-0.0294229
41.0833			-0.0294193
41.1167			-0.0294157
41.15			-0.0294121
41.1833			-0.0294085
41.2167			-0.0294049
41.25			-0.0294013
41.2833			-0.0293977
41.3167			-0.0293942
41.35			-0.0293906
41.3833			-0.029387
41.4167			-0.0293835
41.45			-0.02938
41.4833			-0.0293764
41.5167			-0.0293729
41.55			-0.0293694
41.5833			-0.0293658
41.6167			-0.0293623
41.65			-0.0293588
41.6833			-0.0293553
41.7167			-0.0293518
41.75			-0.0293483
41.7833			-0.0293448
41.8167			-0.0293413
41.85			-0.0293379
41.8833			-0.0293344
41.9167			-0.0293309
41.95			-0.0293275
41.9833			-0.029324
42.0167			-0.0293206
42.05			-0.0293171
42.0833			-0.0293137
42.1167			-0.0293103
42.15			-0.0293068
42.1833			-0.0293034
42.2167			-0.0293
42.25			-0.0292966
42.2833			-0.0292932
42.3167			-0.0292898
42.35			-0.0292864
42.3833			-0.029283
42.4167			-0.0292796
42.45			-0.0292762
42.4833			-0.0292729
42.5167			-0.0292695
42.55			-0.0292661
42.5833			-0.0292628
42.6167			-0.0292594
42.65			-0.0292561
42.6833			-0.0292527
42.7167			-0.0292494
42.75			-0.0292461
42.7833			-0.0292427
42.8167			-0.0292394
42.85			-0.0292361
42.8833			-0.0292328
42.9167			-0.0292295
42.95			-0.0292262
42.9833			-0.0292229
43.0167			-0.0292196
43.05			-0.0292163
43.0833			-0.029213
43.1167			-0.0292098
43.15			-0.0292065
43.1833			-0.0292032
43.2167			-0.0292
43.25			-0.0291967
43.2833			-0.0291935
43.3167			-0.0291902
43.35			-0.029187
43.3833			-0.0291838
43.4167			-0.0291805
43.45			-0.0291773
43.4833			-0.0291741
43.5167			-0.0291709
43.55			-0.0291677
43.5833			-0.0291645
43.6167			-0.0291613
43.65			-0.0291581
43.6833			-0.0291549
43.7167			-0.0291517
43.75			-0.0291485
43.7833			-0.0291453
43.8167			-0.0291422
43.85			-0.029139
43.8833			-0.0291358
43.9167			-0.0291327
43.95			-0.0291295
43.9833			-0.0291264
44.0167			-0.0291233
44.05			-0.0291201
44.0833			-0.029117
44.1167			-0.0291139
44.15			-0.0291107
44.1833			-0.0291076
44.2167			-0.0291045
44.25			-0.0291014
44.2833			-0.0290983
44.3167			-0.0290952
44.35			-0.0290921
44.3833			-0.029089
44.4167			-0.0290859
44.45			-0.0290829
44.4833			-0.0290798
44.5167			-0.0290767
44.55			-0.0290736
44.5833			-0.0290706
44.6167			-0.0290675
44.65			-0.0290645
44.6833			-0.0290614
44.7167			-0.0290584
44.75			-0.0290553
44.7833			-0.0290523
44.8167			-0.0290493
44.85			-0.0290463
44.8833			-0.0290432
44.9167			-0.0290402
44.95			-0.0290372
44.9833			-0.0290342
45.0167			-0.0290312
45.05			-0.0290282
45.0833			-0.0290252
45.1167			-0.0290222
45.15			-0.0290192
45.1833			-0.0290163
45.2167			-0.0290133
45.25			-0.0290103
45.2833			-0.0290073
45.3167			-0.0290044
45.35			-0.0290014
45.3833			-0.0289985
45.4167			-0.0289955
45.45			-0.0289926
45.4833			-0.0289896
45.5167			-0.0289867
45.55			-0.0289838
45.5833			-0.0289808
45.6167			-0.0289779
45.65			-0.028975
45.6833			-0.0289721
45.7167			-0.0289692
45.75			-0.0289663
45.7833			-0.0289634
45.8167			-0.0289605
45.85			-0.0289576
45.8833			-0.0289547
45.9167			-0.0289518
45.95			-0.0289489
45.9833			-0.028946
46.0167			-0.0289432
46.05			-0.0289403
46.0833			-0.0289374
46.1167			-0.0289346
46.15			-0.0289317
46.1833			-0.0289289
46.2167			-0.028926
46.25			-0.0289232
46.2833			-0.0289203
46.3167			-0.0289175
46.35			-0.0289147
46.3833			-0.0289118
46.4167			-0.028909
46.45			-0.0289062
46.4833			-0.0289034
46.5167			-0.0289006
46.55			-0.0288978
46.5833			-0.028895
46.6167			-0.0288922
46.65			-0.0288894
46.6833			-0.0288866
46.7167			-0.0288838
46.75			-0.028881
46.7833			-0.0288782
46.8167			-0.0288755
46.85			-0.0288727
46.8833			-0.0288699
46.9167			-0.0288672
46.95			-0.0288644
46.9833			-0.0288617
47.0167			-0.0288589
47.05			-0.0288562
47.0833			-0.0288534
47.1167			-0.0288507
47.15			-0.0288479
47.1833			-0.0288452
47.2167			-0.0288425
47.25			-0.0288398
47.2833			-0.028837
47.3167			-0.0288343
47.35			-0.0288316
47.3833			-0.0288289
47.4167			-0.0288262
47.45			-0.0288235
47.4833			-0.0288208
47.5167			-0.0288181
47.55			-0.0288154
47.5833			-0.0288127
47.6167			-0.02881
47.65			-0.0288074
47.6833			-0.0288047
47.7167			-0.028802
47.75			-0.0287994
47.7833			-0.0287967
47.8167			-0.028794
47.85			-0.0287914
47.8833			-0.0287887
47.9167			-0.0287861
47.95			-0.0287834
47.9833			-0.0287808
48.0167			-0.0287782
48.05			-0.0287755
48.0833			-0.0287729
48.1167			-0.0287703
48.15			-0.0287676
48.1833			-0.028765
48.2167			-0.0287624
48.25			-0.0287598
48.2833			-0.0287572
48.3167			-0.0287546
48.35			-0.028752
48.3833			-0.0287494
48.4167			-0.0287468
48.45			-0.0287442
48.4833			-0.0287416
48.5167			-0.028739
48.55			-0.0287365
48.5833			-0.0287339
48.6167			-0.0287313
48.65			-0.0287287
48.6833			-0.0287262
48.7167			-0.0287236
48.75			-0.0287211
48.7833			-0.0287185
48.8167			-0.028716
48.85			-0.0287134
48.8833			-0.0287109
48.9167			-0.0287083
48.95			-0.0287058
48.9833			-0.0287033
49.0167			-0.0287007
49.05			-0.0286982
49.0833			-0.0286957
49.1167			-0.0286932
49.15			-0.0286906
49.1833			-0.0286881
49.2167			-0.0286856
49.25			-0.0286831
49.2833			-0.0286806
49.3167			-0.0286781
49.35			-0.0286756
49.3833			-0.0286731
49.4167			-0.0286706
49.45			-0.0286681
49.4833			-0.0286657
49.5167			-0.0286632
49.55			-0.0286607
49.5833			-0.0286582
49.6167			-0.0286558
49.65			-0.0286533
49.6833			-0.0286508
49.7167			-0.0286484
49.75			-0.0286459
49.7833			-0.0286435
49.8167			-0.028641
49.85			-0.0286386
49.8833			-0.0286361
49.9167			-0.0286337
49.95			-0.0286313
49.9833			-0.0286288
50.0167			-0.0286264
50.05			-0.028624
50.0833			-0.0286216
50.1167			-0.0286191
50.15			-0.0286167
50.1833			-0.0286143
50.2167			-0.0286119
50.25			-0.0286095
50.2833			-0.0286071
50.3167			-0.0286047
50.35			-0.0286023
50.3833			-0.0285999
50.4167			-0.0285975
50.45			-0.0285951
50.4833			-0.0285927
50.5167			-0.0285904
50.55			-0.028588
50.5833			-0.0285856
50.6167			-0.0285832
50.65			-0.0285809
50.6833			-0.0285785
50.7167			-0.0285761
50.75			-0.0285738
50.7833			-0.0285714
50.8167			-0.0285691
50.85			-0.0285667
50.8833			-0.0285644
50.9167			-0.028562
50.95			-0.0285597
50.9833			-0.0285573
51.0167			-0.028555
51.05			-0.0285527
51.0833			-0.0285503
51.1167			-0.028548
51.15			-0.0285457
51.1833			-0.0285434
51.2167			-0.0285411
51.25			-0.0285388
51.2833			-0.0285364
51.3167			-0.0285341
51.35			-0.0285318
51.3833			-0.0285295
51.4167			-0.0285272
51.45			-0.0285249
51.4833			-0.0285226
51.5167			-0.0285204
51.55			-0.0285181
51.5833			-0.0285158
51.6167			-0.0285135
51.65			-0.0285112
51.6833			-0.028509
51.7167			-0.0285067
51.75			-0.0285044
51.7833			-0.0285021
51.8167			-0.0284999
51.85			-0.0284976
51.8833			-0.0284954
51.9167			-0.0284931
51.95			-0.0284909
51.9833			-0.0284886
52.0167			-0.0284864
52.05			-0.0284841
52.0833			-0.0284819
52.1167			-0.0284796
52.15			-0.0284774
52.1833			-0.0284752
52.2167			-0.028473
52.25			-0.0284707
52.2833			-0.0284685
52.3167			-0.0284663
52.35			-0.0284641
52.3833			-0.0284619
52.4167			-0.0284596
52.45			-0.0284574
52.4833			-0.0284552
52.5167			-0.028453
52.55			-0.0284508
52.5833			-0.0284486
52.6167			-0.0284464
52.65			-0.0284442
52.6833			-0.0284421
52.7167			-0.0284399
52.75			-0.0284377
52.7833			-0.0284355
52.8167			-0.0284333
52.85			-0.0284312
52.8833			-0.028429
52.9167			-0.0284268
52.95			-0.0284247
52.9833			-0.0284225
53.0167			-0.0284203
53.05			-0.0284182
53.0833			-0.028416
53.1167			-0.0284139
53.15			-0.0284117
53.1833			-0.0284096
53.2167			-0.0284074
53.25			-0.0284053
53.2833			-0.0284031
53.3167			-0.028401
53.35			-0.0283989
53.3833			-0.0283967
53.4167			-0.0283946
53.45			-0.0283925
53.4833			-0.0283904
53.5167			-0.0283882
53.55			-0.0283861
53.5833			-0.028384
53.6167			-0.0283819
53.65			-0.0283798
53.6833			-0.0283777
53.7167			-0.0283756
53.75			-0.0283735
53.7833			-0.0283714
53.8167			-0.0283693
53.85			-0.0283672
53.8833			-0.0283651
53.9167			-0.028363
53.95			-0.0283609
53.9833			-0.0283588
54.0167			-0.0283567
54.05			-0.0283547
54.0833			-0.0283526
54.1167			-0.0283505
54.15			-0.0283484
54.1833			-0.0283464
54.2167			-0.0283443
54.25			-0.0283422
54.2833			-0.0283402
54.3167			-0.0283381
54.35			-0.0283361
54.3833			-0.028334
54.4167			-0.028332
54.45			-0.0283299
54.4833			-0.0283279
54.5167			-0.0283258
54.55			-0.0283238
54.5833			-0.0283218
54.6167			-0.0283197
54.65			-0.0283177
54.6833			-0.0283157
54.7167			-0.0283136
54.75			-0.0283116
54.7833			-0.0283096
54.8167			-0.0283076
54.85			-0.0283055
54.8833			-0.0283035
54.9167			-0.0283015
54.95			-0.0282995
54.9833			-0.0282975
55.0167			-0.0282955
55.05			-0.0282935
55.0833			-0.0282915
55.1167			-0.0282895
55.15			-0.0282875
55.1833			-0.0282855
55.2167			-0.0282835
55.25			-0.0282815
55.2833			-0.0282795
55.3167			-0.0282775
55.35			-0.0282756
55.3833			-0.0282736
55.4167			-0.0282716
55.45			-0.0282696
55.4833			-0.0282676
55.5167			-0.0282657
55.55			-0.0282637
55.5833			-0.0282617
55.6167			-0.0282598
55.65			-0.0282578
55.6833			-0.0282559
55.7167			-0.0282539
55.75			-0.028252
55.7833			-0.02825
55.8167			-0.0282481
55.85			-0.0282461
55.8833			-0.0282442
55.9167			-0.0282422
55.95			-0.0282403
55.9833			-0.0282383
56.0167			-0.0282364
56.05			-0.0282345
56.0833			-0.0282325
56.1167			-0.0282306
56.15			-0.0282287
56.1833			-0.0282268
56.2167			-0.0282249
56.25			-0.0282229
56.2833			-0.028221
56.3167			-0.0282191
56.35			-0.0282172
56.3833			-0.0282153
56.4167			-0.0282134
56.45			-0.0282115
56.4833			-0.0282096
56.5167			-0.0282077
56.55			-0.0282058
56.5833			-0.0282039
56.6167			-0.028202
56.65			-0.0282001
56.6833			-0.0281982
56.7167			-0.0281963
56.75			-0.0281944
56.7833			-0.0281925
56.8167			-0.0281907
56.85			-0.0281888
56.8833			-0.0281869
56.9167			-0.028185
56.95			-0.0281832
56.9833			-0.0281813
57.0167			-0.0281794
57.05			-0.0281776
57.0833			-0.0281757
57.1167			-0.0281738
57.15			-0.028172
57.1833			-0.0281701
57.2167			-0.0281683
57.25			-0.0281664
57.2833			-0.0281646
57.3167			-0.0281627
57.35			-0.0281609
57.3833			-0.028159
57.4167			-0.0281572
57.45			-0.0281553
57.4833			-0.0281535
57.5167			-0.0281517
57.55			-0.0281498
57.5833			-0.028148
57.6167			-0.0281462
57.65			-0.0281444
57.6833			-0.0281425
57.7167			-0.0281407
57.75			-0.0281389
57.7833			-0.0281371
57.8167			-0.0281353
57.85			-0.0281334
57.8833			-0.0281316
57.9167			-0.0281298
57.95			-0.028128
57.9833			-0.0281262
58.0167			-0.0281244
58.05			-0.0281226
58.0833			-0.0281208
58.1167			-0.028119
58.15			-0.0281172
58.1833			-0.0281154
58.2167			-0.0281136
58.25			-0.0281118
58.2833			-0.0281101
58.3167			-0.0281083
58.35			-0.0281065
58.3833			-0.0281047
58.4167			-0.0281029
58.45			-0.0281012
58.4833			-0.0280994
58.5167			-0.0280976
58.55			-0.0280958
58.5833			-0.0280941
58.6167			-0.0280923
58.65			-0.0280905
58.6833			-0.0280888
58.7167			-0.028087
58.75			-0.0280853
58.7833			-0.0280835
58.8167			-0.0280817
58.85			-0.02808
58.8833			-0.0280782
58.9167			-0.0280765
58.95			-0.0280748
58.9833			-0.028073
59.0167			-0.0280713
59.05			-0.0280695
59.0833			-0.0280678
59.1167			-0.0280661
59.15			-0.0280643
59.1833			-0.0280626
59.2167			-0.0280609
59.25			-0.0280591
59.2833			-0.0280574
59.3167			-0.0280557
59.35			-0.028054
59.3833			-0.0280522
59.4167			-0.0280505
59.45			-0.0280488
59.4833			-0.0280471
59.5167			-0.0280454
59.55			-0.0280437
59.5833			-0.0280419
59.6167			-0.0280402
59.65			-0.0280385
59.6833			-0.0280368
59.7167			-0.0280351
59.75			-0.0280334
59.7833			-0.0280317
59.8167			-0.02803
59.85			-0.0280283
59.8833			-0.0280266
59.9167			-0.028025
59.95			-0.0280233
59.9833			-0.0280216
60.0167			-0.0280199
60.05			-0.0280182
60.0833			-0.0280165
60.1167			-0.0280149
60.15			-0.0280132
60.1833			-0.0280115
60.2167			-0.0280098
60.25			-0.0280082
60.2833			-0.0280065
60.3167			-0.0280048
60.35			-0.0280032
60.3833			-0.0280015
60.4167			-0.0279998
60.45			-0.0279982
60.4833			-0.0279965
60.5167			-0.0279949
60.55			-0.0279932
60.5833			-0.0279915
60.6167			-0.0279899
60.65			-0.0279882
60.6833			-0.0279866
60.7167			-0.027985
60.75			-0.0279833
60.7833			-0.0279817
60.8167			-0.02798
60.85			-0.0279784
60.8833			-0.0279768
60.9167			-0.0279751
60.95			-0.0279735
60.9833			-0.0279719
61.0167			-0.0279702
61.05			-0.0279686
61.0833			-0.027967
61.1167			-0.0279653
61.15			-0.0279637
61.1833			-0.0279621
61.2167			-0.0279605
61.25			-0.0279589
61.2833			-0.0279573
61.3167			-0.0279556
61.35			-0.027954
61.3833			-0.0279524
61.4167			-0.0279508
61.45			-0.0279492
61.4833			-0.0279476
61.5167			-0.027946
61.55			-0.0279444
61.5833			-0.0279428
61.6167			-0.0279412
61.65			-0.0279396
61.6833			-0.027938
61.7167			-0.0279364
61.75			-0.0279348
61.7833			-0.0279332
61.8167			-0.0279316
61.85			-0.0279301
61.8833			-0.0279285
61.9167			-0.0279269
61.95			-0.0279253
61.9833			-0.0279237
62.0167			-0.0279222
62.05			-0.0279206
62.0833			-0.027919
62.1167			-0.0279174
62.15			-0.0279159
62.1833			-0.0279143
62.2167			-0.0279127
62.25			-0.0279112
62.2833			-0.0279096
62.3167			-0.027908
62.35			-0.0279065
62.3833			-0.0279049
62.4167			-0.0279034
62.45			-0.0279018
62.4833			-0.0279003
62.5167			-0.0278987
62.55			-0.0278971
62.5833			-0.0278956
62.6167			-0.0278941
62.65			-0.0278925
62.6833			-0.027891
62.7167			-0.0278894
62.75			-0.0278879
62.7833			-0.0278863
62.8167			-0.0278848
62.85			-0.0278833
62.8833			-0.0278817
62.9167			-0.0278802
62.95			-0.0278787
62.9833			-0.0278771
63.0167			-0.0278756
63.05			-0.0278741
63.0833			-0.0278726
63.1167			-0.027871
63.15			-0.0278695
63.1833			-0.027868
63.2167			-0.0278665
63.25			-0.027865
63.2833			-0.0278635
63.3167			-0.0278619
63.35			-0.0278604
63.3833			-0.0278589
63.4167			-0.0278574
63.45			-0.0278559
63.4833			-0.0278544
63.5167			-0.0278529
63.55			-0.0278514
63.5833			-0.0278499
63.6167			-0.0278484
63.65			-0.0278469
63.6833			-0.0278454
63.7167			-0.0278439
63.75			-0.0278424
63.7833			-0.0278409
63.8167			-0.0278394
63.85			-0.027838
63.8833			-0.0278365
63.9167			-0.027835
63.95			-0.0278335
63.9833			-0.027832
64.0167			-0.0278305
64.05			-0.0278291
64.0833			-0.0278276
64.1167			-0.0278261
64.15			-0.0278246
64.1833			-0.0278232
64.2167			-0.0278217
64.25			-0.0278202
64.2833			-0.0278188
64.3167			-0.0278173
64.35			-0.0278158
64.3833			-0.0278144
64.4167			-0.0278129
64.45			-0.0278114
64.4833			-0.02781
64.5167			-0.0278085
64.55			-0.0278071
64.5833			-0.0278056
64.6167			-0.0278042
64.65			-0.0278027
64.6833			-0.0278013
64.7167			-0.0277998
64.75			-0.0277984
64.7833			-0.0277969
64.8167			-0.0277955
64.85			-0.027794
64.8833			-0.0277926
64.9167			-0.0277912
64.95			-0.0277897
64.9833			-0.0277883
65.0167			-0.0277869
65.05			-0.0277854
65.0833			-0.027784
65.1167			-0.0277826
65.15			-0.0277811
65.1833			-0.0277797
65.2167			-0.0277783
65.25			-0.0277768
65.2833			-0.0277754
65.3167			-0.027774
65.35			-0.0277726
65.3833			-0.0277712
65.4167			-0.0277698
65.45			-0.0277683
65.4833			-0.0277669
65.5167			-0.0277655
65.55			-0.0277641
65.5833			-0.0277627
65.6167			-0.0277613
65.65			-0.0277599
65.6833			-0.0277585
65.7167			-0.0277571
65.75			-0.0277557
65.7833			-0.0277543
65.8167			-0.0277529
65.85			-0.0277515
65.8833			-0.0277501
65.9167			-0.0277487
65.95			-0.0277473
65.9833			-0.0277459
66.0167			-0.0277445
66.05			-0.0277431
66.0833			-0.0277417
66.1167			-0.0277403
66.15			-0.0277389
66.1833			-0.0277376
66.2167			-0.0277362
66.25			-0.0277348
66.2833			-0.0277334
66.3167			-0.027732
66.35			-0.0277307
66.3833			-0.0277293
66.4167			-0.0277279
66.45			-0.0277265
66.4833			-0.0277252
66.5167			-0.0277238
66.55			-0.0277224
66.5833			-0.0277211
66.6167			-0.0277197
66.65			-0.0277183
66.6833			-0.027717
66.7167			-0.0277156
66.75			-0.0277142
66.7833			-0.0277129
66.8167			-0.0277115
66.85			-0.0277102
66.8833			-0.0277088
66.9167			-0.0277075
66.95			-0.0277061
66.9833			-0.0277047
67.0167			-0.0277034
67.05			-0.0277021
67.0833			-0.0277007
67.1167			-0.0276994
67.15			-0.027698
67.1833			-0.0276967
67.2167			-0.0276953
67.25			-0.027694
67.2833			-0.0276926
67.3167			-0.0276913
67.35			-0.02769
67.3833			-0.0276886
67.4167			-0.0276873
67.45			-0.027686
67.4833			-0.0276846
67.5167			-0.0276833
67.55			-0.027682
67.5833			-0.0276807
67.6167			-0.0276793
67.65			-0.027678
67.6833			-0.0276767
67.7167			-0.0276754
67.75			-0.027674
67.7833			-0.0276727
67.8167			-0.0276714
67.85			-0.0276701
67.8833			-0.0276688
67.9167			-0.0276675
67.95			-0.0276661
67.9833			-0.0276648
68.0167			-0.0276635
68.05			-0.0276622
68.0833			-0.0276609
68.1167			-0.0276596
68.15			-0.0276583
68.1833			-0.027657
68.2167			-0.0276557
68.25			-0.0276544
68.2833			-0.0276531
68.3167			-0.0276518
68.35			-0.0276505
68.3833			-0.0276492
68.4167			-0.0276479
68.45			-0.0276466
68.4833			-0.0276453
68.5167			-0.027644
68.55			-0.0276427
68.5833			-0.0276414
68.6167			-0.0276402
68.65			-0.0276389
68.6833			-0.0276376
68.7167			-0.0276363
68.75			-0.027635
68.7833			-0.0276337
68.8167			-0.0276325
68.85			-0.0276312
68.8833			-0.0276299
68.9167			-0.0276286
68.95			-0.0276273
68.9833			-0.0276261
69.0167			-0.0276248
69.05			-0.0276235
69.0833			-0.0276223
69.1167			-0.027621
69.15			-0.0276197
69.1833			-0.0276185
69.2167			-0.0276172
69.25			-0.0276159
69.2833			-0.0276147
69.3167			-0.0276134
69.35			-0.0276121
69.3833			-0.0276109
69.4167			-0.0276096
69.45			-0.0276084
69.4833			-0.0276071
69.5167			-0.0276059
69.55			-0.0276046
69.5833			-0.0276034
69.6167			-0.0276021
69.65			-0.0276009
69.6833			-0.0275996
69.7167			-0.0275984
69.75			-0.0275971
69.7833			-0.0275959
69.8167			-0.0275946
69.85			-0.0275934
69.8833			-0.0275921
69.9167			-0.0275909
69.95			-0.0275897
69.9833			-0.0275884
70.0167			-0.0275872
70.05			-0.027586
70.0833			-0.0275847
70.1167			-0.0275835
70.15			-0.0275823
70.1833			-0.027581
70.2167			-0.0275798
70.25			-0.0275786
70.2833			-0.0275773
70.3167			-0.0275761
70.35			-0.0275749
70.3833			-0.0275737
70.4167			-0.0275724
70.45			-0.0275712
70.4833			-0.02757
70.5167			-0.0275688
70.55			-0.0275676
70.5833			-0.0275664
70.6167			-0.0275651
70.65			-0.0275639
70.6833			-0.0275627
70.7167			-0.0275615
70.75			-0.0275603
70.7833			-0.0275591
70.8167			-0.0275579
70.85			-0.0275567
70.8833			-0.0275555
70.9167			-0.0275543
70.95			-0.027553
70.9833			-0.0275518
71.0167			-0.0275506
71.05			-0.0275494
71.0833			-0.0275482
71.1167			-0.027547
71.15			-0.0275459
71.1833			-0.0275447
71.2167			-0.0275435
71.25			-0.0275423
71.2833			-0.0275411
71.3167			-0.0275399
71.35			-0.0275387
71.3833			-0.0275375
71.4167			-0.0275363
71.45			-0.0275351
71.4833			-0.0275339
71.5167			-0.0275328
71.55			-0.0275316
71.5833			-0.0275304
71.6167			-0.0275292
71.65			-0.027528
71.6833			-0.0275268
71.7167			-0.0275257
71.75			-0.0275245
71.7833			-0.0275233
71.8167			-0.0275221
71.85			-0.027521
71.8833			-0.0275198
71.9167			-0.0275186
71.95			-0.0275175
71.9833			-0.0275163
72.0167			-0.0275151
72.05			-0.0275139
72.0833			-0.0275128
72.1167			-0.0275116
72.15			-0.0275105
72.1833			-0.0275093
72.2167			-0.0275081
72.25			-0.027507
72.2833			-0.0275058
72.3167			-0.0275046
72.35			-0.0275035
72.3833			-0.0275023
72.4167			-0.0275012
72.45			-0.0275
72.4833			-0.0274989
72.5167			-0.0274977
72.55			-0.0274966
72.5833			-0.0274954
72.6167			-0.0274943
72.65			-0.0274931
72.6833			-0.027492
72.7167			-0.0274908
72.75			-0.0274897
72.7833			-0.0274885
72.8167			-0.0274874
72.85			-0.0274863
72.8833			-0.0274851
72.9167			-0.027484
72.95			-0.0274828
72.9833			-0.0274817
73.0167			-0.0274806
73.05			-0.0274794
73.0833			-0.0274783
73.1167			-0.0274772
73.15			-0.027476
73.1833			-0.0274749
73.2167			-0.0274738
73.25			-0.0274726
73.2833			-0.0274715
73.3167			-0.0274704
73.35			-0.0274693
73.3833			-0.0274681
73.4167			-0.027467
73.45			-0.0274659
73.4833			-0.0274648
73.5167			-0.0274636
73.55			-0.0274625
73.5833			-0.0274614
73.6167			-0.0274603
73.65			-0.0274592
73.6833			-0.0274581
73.7167			-0.0274569
73.75			-0.0274558
73.7833			-0.0274547
73.8167			-0.0274536
73.85			-0.0274525
73.8833			-0.0274514
73.9167			-0.0274503
73.95			-0.0274492
73.9833			-0.0274481
74.0167			-0.0274469
74.05			-0.0274458
74.0833			-0.0274447
74.1167			-0.0274436
74.15			-0.0274425
74.1833			-0.0274414
74.2167			-0.0274403
74.25			-0.0274392
74.2833			-0.0274381
74.3167			-0.027437
74.35			-0.0274359
74.3833			-0.0274348
74.4167			-0.0274338
74.45			-0.0274327
74.4833			-0.0274316
74.5167			-0.0274305
74.55			-0.0274294
74.5833			-0.0274283
74.6167			-0.0274272
74.65			-0.0274261
74.6833			-0.027425
74.7167			-0.027424
74.75			-0.0274229
74.7833			-0.0274218
74.8167			-0.0274207
74.85			-0.0274196
74.8833			-0.0274185
74.9167			-0.0274175
74.95			-0.0274164
74.9833			-0.0274153
75.0167			-0.0274142
75.05			-0.0274132
75.0833			-0.0274121
75.1167			-0.027411
75.15			-0.0274099
75.1833			-0.0274089
75.2167			-0.0274078
75.25			-0.0274067
75.2833			-0.0274057
75.3167			-0.0274046
75.35			-0.0274035
75.3833			-0.0274025
75.4167			-0.0274014
75.45			-0.0274003
75.4833			-0.0273993
75.5167			-0.0273982
75.55			-0.0273971
75.5833			-0.0273961
75.6167			-0.027395
75.65			-0.027394
75.6833			-0.0273929
75.7167			-0.0273918
75.75			-0.0273908
75.7833			-0.0273897
75.8167			-0.0273887
75.85			-0.0273876
75.8833			-0.0273866
75.9167			-0.0273855
75.95			-0.0273845
75.9833			-0.0273834
76.0167			-0.0273824
76.05			-0.0273813
76.0833			-0.0273803
76.1167			-0.0273792
76.15			-0.0273782
76.1833			-0.0273771
76.2167			-0.0273761
76.25			-0.0273751
76.2833			-0.027374
76.3167			-0.027373
76.35			-0.0273719
76.3833			-0.0273709
76.4167			-0.0273699
76.45			-0.0273688
76.4833			-0.0273678
76.5167			-0.0273668
76.55			-0.0273657
76.5833			-0.0273647
76.6167			-0.0273637
76.65			-0.0273626
76.6833			-0.0273616
76.7167			-0.0273606
76.75			-0.0273595
76.7833			-0.0273585
76.8167			-0.0273575
76.85			-0.0273565
76.8833			-0.0273554
76.9167			-0.0273544
76.95			-0.0273534
76.9833			-0.0273524
77.0167			-0.0273514
77.05			-0.0273503
77.0833			-0.0273493
77.1167			-0.0273483
77.15			-0.0273473
77.1833			-0.0273463
77.2167			-0.0273452
77.25			-0.0273442
77.2833			-0.0273432
77.3167			-0.0273422
77.35			-0.0273412
77.3833			-0.0273402
77.4167			-0.0273392
77.45			-0.0273382
77.4833			-0.0273371
77.5167			-0.0273361
77.55			-0.0273351
77.5833			-0.0273341
77.6167			-0.0273331
77.65			-0.0273321
77.6833			-0.0273311
77.7167			-0.0273301
77.75			-0.0273291
77.7833			-0.0273281
77.8167			-0.0273271
77.85			-0.0273261
77.8833			-0.0273251
77.9167			-0.0273241
77.95			-0.0273231
77.9833			-0.0273221
78.0167			-0.0273211
78.05			-0.0273201
78.0833			-0.0273191
78.1167			-0.0273181
78.15			-0.0273172
78.1833			-0.0273162
78.2167			-0.0273152
78.25			-0.0273142
78.2833			-0.0273132
78.3167			-0.0273122
78.35			-0.0273112
78.3833			-0.0273102
78.4167			-0.0273092
78.45			-0.0273083
78.4833			-0.0273073
78.5167			-0.0273063
78.55			-0.0273053
78.5833			-0.0273043
78.6167			-0.0273034
78.65			-0.0273024
78.6833			-0.0273014
78.7167			-0.0273004
78.75			-0.0272994
78.7833			-0.0272985
78.8167			-0.0272975
78.85			-0.0272965
78.8833			-0.0272955
78.9167			-0.0272946
78.95			-0.0272936
78.9833			-0.0272926
79.0167			-0.0272917
79.05			-0.0272907
79.0833			-0.0272897
79.1167			-0.0272888
79.15			-0.0272878
79.1833			-0.0272868
79.2167			-0.0272859
79.25			-0.0272849
79.2833			-0.0272839
79.3167			-0.027283
79.35			-0.027282
79.3833			-0.027281
79.4167			-0.0272801
79.45			-0.0272791
79.4833			-0.0272782
79.5167			-0.0272772
79.55			-0.0272763
79.5833			-0.0272753
79.6167			-0.0272743
79.65			-0.0272734
79.6833			-0.0272724
79.7167			-0.0272715
79.75			-0.0272705
79.7833			-0.0272696
79.8167			-0.0272686
79.85			-0.0272677
79.8833			-0.0272667
79.9167			-0.0272658
79.95			-0.0272648
79.9833			-0.0272639
80.0167			-0.0272629
80.05			-0.027262
80.0833			-0.0272611
80.1167			-0.0272601
80.15			-0.0272592
80.1833			-0.0272582
80.2167			-0.0272573
80.25			-0.0272563
80.2833			-0.0272554
80.3167			-0.0272545
80.35			-0.0272535
80.3833			-0.0272526
80.4167			-0.0272517
80.45			-0.0272507
80.4833			-0.0272498
80.5167			-0.0272489
80.55			-0.0272479
80.5833			-0.027247
80.6167			-0.0272461
80.65			-0.0272451
80.6833			-0.0272442
80.7167			-0.0272433
80.75			-0.0272423
80.7833			-0.0272414
80.8167			-0.0272405
80.85			-0.0272396
80.8833			-0.0272386
80.9167			-0.0272377
80.95			-0.0272368
80.9833			-0.0272359
81.0167			-0.0272349
81.05			-0.027234
81.0833			-0.0272331
81.1167			-0.0272322
81.15			-0.0272313
81.1833			-0.0272303
81.2167			-0.0272294
81.25			-0.0272285
81.2833			-0.0272276
81.3167			-0.0272267
81.35			-0.0272257
81.3833			-0.0272248
81.4167			-0.0272239
81.45			-0.027223
81.4833			-0.0272221
81.5167			-0.0272212
81.55			-0.0272203
81.5833			-0.0272194
81.6167			-0.0272185
81.65			-0.0272175
81.6833			-0.0272166
81.7167			-0.0272157
81.75			-0.0272148
81.7833			-0.0272139
81.8167			-0.027213
81.85			-0.0272121
81.8833			-0.0272112
81.9167			-0.0272103
81.95			-0.0272094
81.9833			-0.0272085
82.0167			-0.0272076
82.05			-0.0272067
82.0833			-0.0272058
82.1167			-0.0272049
82.15			-0.027204
82.1833			-0.0272031
82.2167			-0.0272022
82.25			-0.0272013
82.2833			-0.0272004
82.3167			-0.0271995
82.35			-0.0271986
82.3833			-0.0271978
82.4167			-0.0271969
82.45			-0.027196
82.4833			-0.0271951
82.5167			-0.0271942
82.55			-0.0271933
82.5833			-0.0271924
82.6167			-0.0271915
82.65			-0.0271906
82.6833			-0.0271898
82.7167			-0.0271889
82.75			-0.027188
82.7833			-0.0271871
82.8167			-0.0271862
82.85			-0.0271853
82.8833			-0.0271845
82.9167			-0.0271836
82.95			-0.0271827
82.9833			-0.0271818
83.0167			-0.0271809
83.05			-0.0271801
83.0833			-0.0271792
83.1167			-0.0271783
83.15			-0.0271774
83.1833			-0.0271766
83.2167			-0.0271757
83.25			-0.0271748
83.2833			-0.0271739
83.3167			-0.0271731
83.35			-0.0271722
83.3833			-0.0271713
83.4167			-0.0271705
83.45			-0.0271696
83.4833			-0.0271687
83.5167			-0.0271679
83.55			-0.027167
83.5833			-0.0271661
83.6167			-0.0271653
83.65			-0.0271644
83.6833			-0.0271635
83.7167			-0.0271627
83.75			-0.0271618
83.7833			-0.0271609
83.8167			-0.0271601
83.85			-0.0271592
83.8833			-0.0271583
83.9167			-0.0271575
83.95			-0.0271566
83.9833			-0.0271558
84.0167			-0.0271549
84.05			-0.0271541
84.0833			-0.0271532
84.1167			-0.0271523
84.15			-0.0271515
84.1833			-0.0271506
84.2167			-0.0271498
84.25			-0.0271489
84.2833			-0.0271481
84.3167			-0.0271472
84.35			-0.0271464
84.3833			-0.0271455
84.4167			-0.0271447
84.45			-0.0271438
84.4833			-0.027143
84.5167			-0.0271421
84.55			-0.0271413
84.5833			-0.0271404
84.6167			-0.0271396
84.65			-0.0271387
84.6833			-0.0271379
84.7167			-0.0271371
84.75			-0.0271362
84.7833			-0.0271354
84.8167			-0.0271345
84.85			-0.0271337
84.8833			-0.0271329
84.9167			-0.027132
84.95			-0.0271312
84.9833			-0.0271303
85.0167			-0.0271295
85.05			-0.0271287
85.0833			-0.0271278
85.1167			-0.027127
85.15			-0.0271262
85.1833			-0.0271253
85.2167			-0.0271245
85.25			-0.0271237
85.2833			-0.0271228
85.3167			-0.027122
85.35			-0.0271212
85.3833			-0.0271203
85.4167			-0.0271195
85.45			-0.0271187
85.4833			-0.0271178
85.5167			-0.027117
85.55			-0.0271162
85.5833			-0.0271154
85.6167			-0.0271145
85.65			-0.0271137
85.6833			-0.0271129
85.7167			-0.0271121
85.75			-0.0271112
85.7833			-0.0271104
85.8167			-0.0271096
85.85			-0.0271088
85.8833			-0.027108
85.9167			-0.0271071
85.95			-0.0271063
85.9833			-0.0271055
86.0167			-0.0271047
86.05			-0.0271039
86.0833			-0.027103
86.1167			-0.0271022
86.15			-0.0271014
86.1833			-0.0271006
86.2167			-0.0270998
86.25			-0.027099
86.2833			-0.0270982
86.3167			-0.0270973
86.35			-0.0270965
86.3833			-0.0270957
86.4167			-0.0270949
86.45			-0.0270941
86.4833			-0.0270933
86.5167			-0.0270925
86.55			-0.0270917
86.5833			-0.0270909
86.6167			-0.0270901
86.65			-0.0270893
86.6833			-0.0270884
86.7167			-0.0270876
86.75			-0.0270868
86.7833			-0.027086
86.8167			-0.0270852
86.85			-0.0270844
86.8833			-0.0270836
86.9167			-0.0270828
86.95			-0.027082
86.9833			-0.0270812
87.0167			-0.0270804
87.05			-0.0270796
87.0833			-0.0270788
87.1167			-0.027078
87.15			-0.0270772
87.1833			-0.0270764
87.2167			-0.0270756
87.25			-0.0270748
87.2833			-0.0270741
87.3167			-0.0270733
87.35			-0.0270725
87.3833			-0.0270717
87.4167			-0.0270709
87.45			-0.0270701
87.4833			-0.0270693
87.5167			-0.0270685
87.55			-0.0270677
87.5833			-0.0270669
87.6167			-0.0270661
87.65			-0.0270654
87.6833			-0.0270646
87.7167			-0.0270638
87.75			-0.027063
87.7833			-0.0270622
87.8167			-0.0270614
87.85			-0.0270606
87.8833			-0.0270599
87.9167			-0.0270591
87.95			-0.0270583
87.9833			-0.0270575
88.0167			-0.0270567
88.05			-0.0270559
88.0833			-0.0270552
88.1167			-0.0270544
88.15			-0.0270536
88.1833			-0.0270528
88.2167			-0.0270521
88.25			-0.0270513
88.2833			-0.0270505
88.3167			-0.0270497
88.35			-0.0270489
88.3833			-0.0270482
88.4167			-0.0270474
88.45			-0.0270466
88.4833			-0.0270459
88.5167			-0.0270451
88.55			-0.0270443
88.5833			-0.0270435
88.6167			-0.0270428
88.65			-0.027042
88.6833			-0.0270412
88.7167			-0.0270405
88.75			-0.0270397
88.7833			-0.0270389
88.8167			-0.0270382
88.85			-0.0270374
88.8833			-0.0270366
88.9167			-0.0270359
88.95			-0.0270351
88.9833			-0.0270343
89.0167			-0.0270336
89.05			-0.0270328
89.0833			-0.027032
89.1167			-0.0270313
89.15			-0.0270305
89.1833			-0.0270298
89.2167			-0.027029
89.25			-0.0270282
89.2833			-0.0270275
89.3167			-0.0270267
89.35			-0.027026
89.3833			-0.0270252
89.4167			-0.0270244
89.45			-0.0270237
89.4833			-0.0270229
89.5167			-0.0270222
89.55			-0.0270214
89.5833			-0.0270207
89.6167			-0.0270199
89.65			-0.0270192
89.6833			-0.0270184
89.7167			-0.0270177
89.75			-0.0270169
89.7833			-0.0270162
89.8167			-0.0270154
89.85			-0.0270147
89.8833			-0.0270139
89.9167			-0.0270132
89.95			-0.0270124
89.9833			-0.0270117
90.0167			-0.0270109
90.05			-0.0270102
90.0833			-0.0270094
90.1167			-0.0270087
90.15			-0.0270079
90.1833			-0.0270072
90.2167			-0.0270064
90.25			-0.0270057
90.2833			-0.027005
90.3167			-0.0270042
90.35			-0.0270035
90.3833			-0.0270027
90.4167			-0.027002
90.45			-0.0270013
90.4833			-0.0270005
90.5167			-0.0269998
90.55			-0.026999
90.5833			-0.0269983
90.6167			-0.0269976
90.65			-0.0269968
90.6833			-0.0269961
90.7167			-0.0269954
90.75			-0.0269946
90.7833			-0.0269939
90.8167			-0.0269932
90.85			-0.0269924
90.8833			-0.0269917
90.9167			-0.026991
90.95			-0.0269902
90.9833			-0.0269895
91.0167			-0.0269888
91.05			-0.026988
91.0833			-0.0269873
91.1167			-0.0269866
91.15			-0.0269859
91.1833			-0.0269851
91.2167			-0.0269844
91.25			-0.0269837
91.2833			-0.0269829
91.3167			-0.0269822
91.35			-0.0269815
91.3833			-0.0269808
91.4167			-0.02698
91.45			-0.0269793
91.4833			-0.0269786
91.5167			-0.0269779
91.55			-0.0269772
91.5833			-0.0269764
91.6167			-0.0269757
91.65			-0.026975
91.6833			-0.0269743
91.7167			-0.0269736
91.75			-0.0269728
91.7833			-0.0269721
91.8167			-0.0269714
91.85			-0.0269707
91.8833			-0.02697
91.9167			-0.0269692
91.95			-0.0269685
91.9833			-0.0269678
92.0167			-0.0269671
92.05			-0.0269664
92.0833			-0.0269657
92.1167			-0.026965
92.15			-0.0269642
92.1833			-0.0269635
92.2167			-0.0269628
92.25			-0.0269621
92.2833			-0.0269614
92.3167			-0.0269607
92.35			-0.02696
92.3833			-0.0269593
92.4167			-0.0269586
92.45			-0.0269579
92.4833			-0.0269572
92.5167			-0.0269564
92.55			-0.0269557
92.5833			-0.026955
92.6167			-0.0269543
92.65			-0.0269536
92.6833			-0.0269529
92.7167			-0.0269522
92.75			-0.0269515
92.7833			-0.0269508
92.8167			-0.0269501
92.85			-0.0269494
92.8833			-0.0269487
92.9167			-0.026948
92.95			-0.0269473
92.9833			-0.0269466
93.0167			-0.0269459
93.05			-0.0269452
93.0833			-0.0269445
93.1167			-0.0269438
93.15			-0.0269431
93.1833			-0.0269424
93.2167			-0.0269417
93.25			-0.026941
93.2833			-0.0269403
93.3167			-0.0269396
93.35			-0.0269389
93.3833			-0.0269382
93.4167			-0.0269375
93.45			-0.0269369
93.4833			-0.0269362
93.5167			-0.0269355
93.55			-0.0269348
93.5833			-0.0269341
93.6167			-0.0269334
93.65			-0.0269327
93.6833			-0.026932
93.7167			-0.0269313
93.75			-0.0269306
93.7833			-0.02693
93.8167			-0.0269293
93.85			-0.0269286
93.8833			-0.0269279
93.9167			-0.0269272
93.95			-0.0269265
93.9833			-0.0269258
94.0167			-0.0269252
94.05			-0.0269245
94.0833			-0.0269238
94.1167			-0.0269231
94.15			-0.0269224
94.1833			-0.0269217
94.2167			-0.0269211
94.25			-0.0269204
94.2833			-0.0269197
94.3167			-0.026919
94.35			-0.0269183
94.3833			-0.0269177
94.4167			-0.026917
94.45			-0.0269163
94.4833			-0.0269156
94.5167			-0.0269149
94.55			-0.0269143
94.5833			-0.0269136
94.6167			-0.0269129
94.65			-0.0269122
94.6833			-0.0269116
94.7167			-0.0269109
94.75			-0.0269102
94.7833			-0.0269095
94.8167			-0.0269089
94.85			-0.0269082
94.8833			-0.0269075
94.9167			-0.0269069
94.95			-0.0269062
94.9833			-0.0269055
95.0167			-0.0269048
95.05			-0.0269042
95.0833			-0.0269035
95.1167			-0.0269028
95.15			-0.0269022
95.1833			-0.0269015
95.2167			-0.0269008
95.25			-0.0269002
95.2833			-0.0268995
95.3167			-0.0268988
95.35			-0.0268982
95.3833			-0.0268975
95.4167			-0.0268968
95.45			-0.0268962
95.4833			-0.0268955
95.5167			-0.0268948
95.55			-0.0268942
95.5833			-0.0268935
95.6167			-0.0268929
95.65			-0.0268922
95.6833			-0.0268915
95.7167			-0.0268909
95.75			-0.0268902
95.7833			-0.0268896
95.8167			-0.0268889
95.85			-0.0268882
95.8833			-0.0268876
95.9167			-0.0268869
95.95			-0.0268863
95.9833			-0.0268856
96.0167			-0.026885
96.05			-0.0268843
96.0833			-0.0268836
96.1167			-0.026883
96.15			-0.0268823
96.1833			-0.0268817
96.2167			-0.026881
96.25			-0.0268804
96.2833			-0.0268797
96.3167			-0.0268791
96.35			-0.0268784
96.3833			-0.0268778
96.4167			-0.0268771
96.45			-0.0268765
96.4833			-0.0268758
96.5167			-0.0268752
96.55			-0.0268745
96.5833			-0.0268739
96.6167			-0.0268732
96.65			-0.0268726
96.6833			-0.0268719
96.7167			-0.0268713
96.75			-0.0268706
96.7833			-0.02687
96.8167			-0.0268693
96.85			-0.0268687
96.8833			-0.0268681
96.9167			-0.0268674
96.95			-0.0268668
96.9833			-0.0268661
97.0167			-0.0268655
97.05			-0.0268648
97.0833			-0.0268642
97.1167			-0.0268636
97.15			-0.0268629
97.1833			-0.0268623
97.2167			-0.0268616
97.25			-0.026861
97.2833			-0.0268604
97.3167			-0.0268597
97.35			-0.0268591
97.3833			-0.0268584
97.4167			-0.0268578
97.45			-0.0268572
97.4833			-0.0268565
97.5167			-0.0268559
97.55			-0.0268553
97.5833			-0.0268546
97.6167			-0.026854
97.65			-0.0268534
97.6833			-0.0268527
97.7167			-0.0268521
97.75			-0.0268515
97.7833			-0.0268508
97.8167			-0.0268502
97.85			-0.0268496
97.8833			-0.0268489
97.9167			-0.0268483
97.95			-0.0268477
97.9833			-0.026847
98.0167			-0.0268464
98.05			-0.0268458
98.0833			-0.0268451
98.1167			-0.0268445
98.15			-0.0268439
98.1833			-0.0268433
98.2167			-0.0268426
98.25			-0.026842
98.2833			-0.0268414
98.3167			-0.0268408
98.35			-0.0268401
98.3833			-0.0268395
98.4167			-0.0268389
98.45			-0.0268383
98.4833			-0.0268376
98.5167			-0.026837
98.55			-0.0268364
98.5833			-0.0268358
98.6167			-0.0268351
98.65			-0.0268345
98.6833			-0.0268339
98.7167			-0.0268333
98.75			-0.0268327
98.7833			-0.026832
98.8167			-0.0268314
98.85			-0.0268308
98.8833			-0.0268302
98.9167			-0.0268296
98.95			-0.026829
98.9833			-0.0268283
99.0167			-0.0268277
99.05			-0.0268271
99.0833			-0.0268265
99.1167			-0.0268259
99.15			-0.0268253
99.1833			-0.0268246
99.2167			-0.026824
99.25			-0.0268234
99.2833			-0.0268228
99.3167			-0.0268222
99.35			-0.0268216
99.3833			-0.026821
99.4167			-0.0268203
99.45			-0.0268197
99.4833			-0.0268191
99.5167			-0.0268185
99.55			-0.0268179
99.5833			-0.0268173
99.6167			-0.0268167
99.65			-0.0268161
99.6833			-0.0268155
99.7167			-0.0268149
99.75			-0.0268142
99.7833			-0.0268136
99.8167			-0.026813
99.85			-0.0268124
99.8833			-0.0268118
99.9167			-0.0268112
99.95			-0.0268106
99.9833			-0.02681
