0.05			-0.303843
0.0833333			-0.302665
0.116667			-0.300083
0.15			-0.295896
0.183333			-0.290014
0.216667			-0.282568
0.25			-0.273879
0.283333			-0.264341
0.316667			-0.254333
0.35			-0.244172
0.383333			-0.234101
0.416667			-0.224288
0.45			-0.214843
0.483333			-0.205833
0.516667			-0.197289
0.55			-0.189221
0.583333			-0.181624
0.616667			-0.174484
0.65			-0.167779
0.683333			-0.161485
0.716667			-0.155576
0.75			-0.150028
0.783333			-0.144814
0.816667			-0.139912
0.85			-0.135297
0.883333			-0.13095
0.916667			-0.12685
0.95			-0.122979
0.983333			-0.11932
1.01667			-0.115859
1.05			-0.11258
1.08333			-0.109471
1.11667			-0.10652
1.15			-0.103715
1.18333			-0.101047
1.21667			-0.0985073
1.25			-0.0960864
1.28333			-0.0937767
1.31667			-0.0915713
1.35			-0.0894634
1.38333			-0.087447
1.41667			-0.0855165
1.45			-0.0836668
1.48333			-0.081893
1.51667			-0.0801907
1.55			-0.0785558
1.58333			-0.0769845
1.61667			-0.0754732
1.65			-0.0740187
1.68333			-0.0726179
1.71667			-0.071268
1.75			-0.0699663
1.78333			-0.0687103
1.81667			-0.0674977
1.85			-0.0663264
1.88333			-0.0651943
1.91667			-0.0640995
1.95			-0.0630402
1.98333			-0.0620148
2.01667			-0.0610217
2.05			-0.0600594
2.08333			-0.0591265
2.11667			-0.0582218
2.15			-0.0573439
2.18333			-0.0564918
2.21667			-0.0556642
2.25			-0.0548603
2.28333			-0.054079
2.31667			-0.0533193
2.35			-0.0525804
2.38333			-0.0518616
2.41667			-0.0511618
2.45			-0.0504805
2.48333			-0.049817
2.51667			-0.0491704
2.55			-0.0485403
2.58333			-0.0479259
2.61667			-0.0473268
2.65			-0.0467423
2.68333			-0.046172
2.71667			-0.0456153
2.75			-0.0450717
2.78333			-0.0445408
2.81667			-0.0440222
2.85			-0.0435155
2.88333			-0.0430201
2.91667			-0.0425359
2.95			-0.0420623
2.98333			-0.0415991
3.01667			-0.0411459
3.05			-0.0407024
3.08333			-0.0402683
3.11667			-0.0398433
3.15			-0.0394271
3.18333			-0.0390195
3.21667			-0.0386202
3.25			-0.0382289
3.28333			-0.0378454
3.31667			-0.0374695
3.35			-0.0371009
3.38333			-0.0367395
3.41667			-0.036385
3.45			-0.0360372
3.48333			-0.035696
3.51667			-0.0353612
3.55			-0.0350325
3.58333			-0.0347099
3.61667			-0.0343931
3.65			-0.0340821
3.68333			-0.0337766
3.71667			-0.0334764
3.75			-0.0331816
3.78333			-0.0328919
3.81667			-0.0326071
3.85			-0.0323273
3.88333			-0.0320521
3.91667			-0.0317816
3.95			-0.0315157
3.98333			-0.0312541
4.01667			-0.0309968
4.05			-0.0307436
4.08333			-0.0304946
4.11667			-0.0302496
4.15			-0.0300084
4.18333			-0.029771
4.21667			-0.0295374
4.25			-0.0293074
4.28333			-0.0290809
4.31667			-0.0288579
4.35			-0.0286383
4.38333			-0.0284219
4.41667			-0.0282089
4.45			-0.0279989
4.48333			-0.0277921
4.51667			-0.0275883
4.55			-0.0273874
4.58333			-0.0271895
4.61667			-0.0269943
4.65			-0.026802
4.68333			-0.0266123
4.71667			-0.0264253
4.75			-0.026241
4.78333			-0.0260591
4.81667			-0.0258798
4.85			-0.0257029
4.88333			-0.0255284
4.91667			-0.0253562
4.95			-0.0251864
4.98333			-0.0250188
5.01667			-0.0248534
5.05			-0.0246902
5.08333			-0.0245291
5.11667			-0.0243701
5.15			-0.0242131
5.18333			-0.0240581
5.21667			-0.0239051
5.25			-0.0237541
5.28333			-0.0236049
5.31667			-0.0234576
5.35			-0.0233121
5.38333			-0.0231684
5.41667			-0.0230264
5.45			-0.0228862
5.48333			-0.0227477
5.51667			-0.0226108
5.55			-0.0224756
5.58333			-0.0223419
5.61667			-0.0222099
5.65			-0.0220794
5.68333			-0.0219504
5.71667			-0.0218229
5.75			-0.0216969
5.78333			-0.0215723
5.81667			-0.0214492
5.85			-0.0213274
5.88333			-0.021207
5.91667			-0.021088
5.95			-0.0209703
5.98333			-0.0208539
6.01667			-0.0207388
6.05			-0.0206249
6.08333			-0.0205123
6.11667			-0.0204009
6.15			-0.0202907
6.18333			-0.0201817
6.21667			-0.0200738
6.25			-0.0199671
6.28333			-0.0198615
6.31667			-0.019757
6.35			-0.0196537
6.38333			-0.0195514
6.41667			-0.0194501
6.45			-0.0193499
6.48333			-0.0192507
6.51667			-0.0191526
6.55			-0.0190554
6.58333			-0.0189592
6.61667			-0.018864
6.65			-0.0187697
6.68333			-0.0186763
6.71667			-0.0185839
6.75			-0.0184924
6.78333			-0.0184018
6.81667			-0.018312
6.85			-0.0182232
6.88333			-0.0181352
6.91667			-0.018048
6.95			-0.0179617
6.98333			-0.0178762
7.01667			-0.0177915
7.05			-0.0177076
7.08333			-0.0176244
7.11667			-0.0175421
7.15			-0.0174605
7.18333			-0.0173797
7.21667			-0.0172996
7.25			-0.0172203
7.28333			-0.0171417
7.31667			-0.0170638
7.35			-0.0169866
7.38333			-0.0169101
7.41667			-0.0168342
7.45			-0.0167591
7.48333			-0.0166846
7.51667			-0.0166108
7.55			-0.0165376
7.58333			-0.0164651
7.61667			-0.0163932
7.65			-0.0163219
7.68333			-0.0162513
7.71667			-0.0161812
7.75			-0.0161118
7.78333			-0.0160429
7.81667			-0.0159746
7.85			-0.0159069
7.88333			-0.0158398
7.91667			-0.0157733
7.95			-0.0157073
7.98333			-0.0156418
8.01667			-0.0155769
8.05			-0.0155125
8.08333			-0.0154487
8.11667			-0.0153854
8.15			-0.0153226
8.18333			-0.0152603
8.21667			-0.0151985
8.25			-0.0151372
8.28333			-0.0150764
8.31667			-0.0150161
8.35			-0.0149563
8.38333			-0.0148969
8.41667			-0.014838
8.45			-0.0147796
8.48333			-0.0147216
8.51667			-0.0146641
8.55			-0.014607
8.58333			-0.0145504
8.61667			-0.0144942
8.65			-0.0144384
8.68333			-0.0143831
8.71667			-0.0143282
8.75			-0.0142737
8.78333			-0.0142196
8.81667			-0.014166
8.85			-0.0141127
8.88333			-0.0140598
8.91667			-0.0140073
8.95			-0.0139553
8.98333			-0.0139036
9.01667			-0.0138522
9.05			-0.0138013
9.08333			-0.0137507
9.11667			-0.0137005
9.15			-0.0136507
9.18333			-0.0136012
9.21667			-0.0135521
9.25			-0.0135034
9.28333			-0.0134549
9.31667			-0.0134069
9.35			-0.0133591
9.38333			-0.0133118
9.41667			-0.0132647
9.45			-0.013218
9.48333			-0.0131716
9.51667			-0.0131255
9.55			-0.0130798
9.58333			-0.0130343
9.61667			-0.0129892
9.65			-0.0129444
9.68333			-0.0128999
9.71667			-0.0128557
9.75			-0.0128118
9.78333			-0.0127682
9.81667			-0.0127249
9.85			-0.0126819
9.88333			-0.0126392
9.91667			-0.0125968
9.95			-0.0125546
9.98333			-0.0125128
10.0167			-0.0124712
10.05			-0.0124299
10.0833			-0.0123888
10.1167			-0.0123481
10.15			-0.0123076
10.1833			-0.0122673
10.2167			-0.0122274
10.25			-0.0121877
10.2833			-0.0121482
10.3167			-0.012109
10.35			-0.01207
10.3833			-0.0120313
10.4167			-0.0119929
10.45			-0.0119547
10.4833			-0.0119167
10.5167			-0.011879
10.55			-0.0118415
10.5833			-0.0118042
10.6167			-0.0117672
10.65			-0.0117304
10.6833			-0.0116939
10.7167			-0.0116575
10.75			-0.0116214
10.7833			-0.0115855
10.8167			-0.0115499
10.85			-0.0115144
10.8833			-0.0114792
10.9167			-0.0114442
10.95			-0.0114094
10.9833			-0.0113748
11.0167			-0.0113404
11.05			-0.0113063
11.0833			-0.0112723
11.1167			-0.0112385
11.15			-0.011205
11.1833			-0.0111716
11.2167			-0.0111384
11.25			-0.0111055
11.2833			-0.0110727
11.3167			-0.0110401
11.35			-0.0110077
11.3833			-0.0109755
11.4167			-0.0109435
11.45			-0.0109117
11.4833			-0.01088
11.5167			-0.0108486
11.55			-0.0108173
11.5833			-0.0107862
11.6167			-0.0107553
11.65			-0.0107245
11.6833			-0.010694
11.7167			-0.0106636
11.75			-0.0106333
11.7833			-0.0106033
11.8167			-0.0105734
11.85			-0.0105437
11.8833			-0.0105141
11.9167			-0.0104848
11.95			-0.0104555
11.9833			-0.0104265
12.0167			-0.0103976
12.05			-0.0103688
12.0833			-0.0103403
12.1167			-0.0103118
12.15			-0.0102836
12.1833			-0.0102555
12.2167			-0.0102275
12.25			-0.0101997
12.2833			-0.010172
12.3167			-0.0101445
12.35			-0.0101172
12.3833			-0.01009
12.4167			-0.0100629
12.45			-0.010036
12.4833			-0.0100092
12.5167			-0.00998258
12.55			-0.00995609
12.5833			-0.00992974
12.6167			-0.00990352
12.65			-0.00987745
12.6833			-0.00985151
12.7167			-0.00982571
12.75			-0.00980004
12.7833			-0.00977451
12.8167			-0.0097491
12.85			-0.00972383
12.8833			-0.0096987
12.9167			-0.00967369
12.95			-0.00964881
12.9833			-0.00962405
13.0167			-0.00959943
13.05			-0.00957492
13.0833			-0.00955055
13.1167			-0.0095263
13.15			-0.00950217
13.1833			-0.00947816
13.2167			-0.00945427
13.25			-0.0094305
13.2833			-0.00940686
13.3167			-0.00938333
13.35			-0.00935991
13.3833			-0.00933662
13.4167			-0.00931344
13.45			-0.00929037
13.4833			-0.00926742
13.5167			-0.00924458
13.55			-0.00922186
13.5833			-0.00919924
13.6167			-0.00917674
13.65			-0.00915435
13.6833			-0.00913206
13.7167			-0.00910988
13.75			-0.00908781
13.7833			-0.00906585
13.8167			-0.00904399
13.85			-0.00902224
13.8833			-0.00900059
13.9167			-0.00897905
13.95			-0.00895761
13.9833			-0.00893627
14.0167			-0.00891503
14.05			-0.0088939
14.0833			-0.00887286
14.1167			-0.00885192
14.15			-0.00883108
14.1833			-0.00881034
14.2167			-0.0087897
14.25			-0.00876915
14.2833			-0.0087487
14.3167			-0.00872834
14.35			-0.00870808
14.3833			-0.00868791
14.4167			-0.00866783
14.45			-0.00864785
14.4833			-0.00862796
14.5167			-0.00860816
14.55			-0.00858845
14.5833			-0.00856883
14.6167			-0.0085493
14.65			-0.00852986
14.6833			-0.00851051
14.7167			-0.00849125
14.75			-0.00847207
14.7833			-0.00845298
14.8167			-0.00843397
14.85			-0.00841505
14.8833			-0.00839622
14.9167			-0.00837746
14.95			-0.0083588
14.9833			-0.00834021
15.0167			-0.00832171
15.05			-0.00830329
15.0833			-0.00828495
15.1167			-0.00826669
15.15			-0.00824851
15.1833			-0.00823041
15.2167			-0.00821239
15.25			-0.00819445
15.2833			-0.00817659
15.3167			-0.00815881
15.35			-0.0081411
15.3833			-0.00812347
15.4167			-0.00810591
15.45			-0.00808843
15.4833			-0.00807103
15.5167			-0.0080537
15.55			-0.00803645
15.5833			-0.00801926
15.6167			-0.00800216
15.65			-0.00798512
15.6833			-0.00796816
15.7167			-0.00795127
15.75			-0.00793445
15.7833			-0.0079177
15.8167			-0.00790102
15.85			-0.00788441
15.8833			-0.00786788
15.9167			-0.00785141
15.95			-0.00783501
15.9833			-0.00781868
16.0167			-0.00780241
16.05			-0.00778622
16.0833			-0.00777009
16.1167			-0.00775402
16.15			-0.00773803
16.1833			-0.0077221
16.2167			-0.00770623
16.25			-0.00769043
16.2833			-0.0076747
16.3167			-0.00765903
16.35			-0.00764342
16.3833			-0.00762788
16.4167			-0.00761239
16.45			-0.00759698
16.4833			-0.00758162
16.5167			-0.00756633
16.55			-0.00755109
16.5833			-0.00753592
16.6167			-0.00752081
16.65			-0.00750576
16.6833			-0.00749077
16.7167			-0.00747584
16.75			-0.00746097
16.7833			-0.00744616
16.8167			-0.00743141
16.85			-0.00741672
16.8833			-0.00740208
16.9167			-0.0073875
16.95			-0.00737298
16.9833			-0.00735851
17.0167			-0.00734411
17.05			-0.00732975
17.0833			-0.00731546
17.1167			-0.00730122
17.15			-0.00728703
17.1833			-0.0072729
17.2167			-0.00725883
17.25			-0.00724481
17.2833			-0.00723084
17.3167			-0.00721693
17.35			-0.00720307
17.3833			-0.00718926
17.4167			-0.00717551
17.45			-0.00716181
17.4833			-0.00714816
17.5167			-0.00713456
17.55			-0.00712102
17.5833			-0.00710752
17.6167			-0.00709408
17.65			-0.00708069
17.6833			-0.00706735
17.7167			-0.00705406
17.75			-0.00704081
17.7833			-0.00702762
17.8167			-0.00701448
17.85			-0.00700139
17.8833			-0.00698834
17.9167			-0.00697535
17.95			-0.0069624
17.9833			-0.0069495
18.0167			-0.00693664
18.05			-0.00692384
18.0833			-0.00691108
18.1167			-0.00689837
18.15			-0.00688571
18.1833			-0.00687309
18.2167			-0.00686052
18.25			-0.00684799
18.2833			-0.00683551
18.3167			-0.00682308
18.35			-0.00681069
18.3833			-0.00679834
18.4167			-0.00678604
18.45			-0.00677379
18.4833			-0.00676158
18.5167			-0.00674941
18.55			-0.00673728
18.5833			-0.0067252
18.6167			-0.00671317
18.65			-0.00670117
18.6833			-0.00668922
18.7167			-0.00667731
18.75			-0.00666545
18.7833			-0.00665362
18.8167			-0.00664184
18.85			-0.0066301
18.8833			-0.0066184
18.9167			-0.00660674
18.95			-0.00659512
18.9833			-0.00658355
19.0167			-0.00657201
19.05			-0.00656052
19.0833			-0.00654906
19.1167			-0.00653764
19.15			-0.00652627
19.1833			-0.00651493
19.2167			-0.00650364
19.25			-0.00649238
19.2833			-0.00648116
19.3167			-0.00646998
19.35			-0.00645884
19.3833			-0.00644773
19.4167			-0.00643667
19.45			-0.00642564
19.4833			-0.00641465
19.5167			-0.0064037
19.55			-0.00639278
19.5833			-0.00638191
19.6167			-0.00637107
19.65			-0.00636026
19.6833			-0.0063495
19.7167			-0.00633876
19.75			-0.00632807
19.7833			-0.00631741
19.8167			-0.00630679
19.85			-0.0062962
19.8833			-0.00628565
19.9167			-0.00627513
19.95			-0.00626465
19.9833			-0.0062542
20.0167			-0.00624379
20.05			-0.00623342
20.0833			-0.00622307
20.1167			-0.00621276
20.15			-0.00620249
20.1833			-0.00619225
20.2167			-0.00618204
20.25			-0.00617187
20.2833			-0.00616173
20.3167			-0.00615162
20.35			-0.00614155
20.3833			-0.00613151
20.4167			-0.0061215
20.45			-0.00611153
20.4833			-0.00610159
20.5167			-0.00609168
20.55			-0.0060818
20.5833			-0.00607195
20.6167			-0.00606214
20.65			-0.00605235
20.6833			-0.0060426
20.7167			-0.00603288
20.75			-0.0060232
20.7833			-0.00601354
20.8167			-0.00600391
20.85			-0.00599432
20.8833			-0.00598475
20.9167			-0.00597522
20.95			-0.00596571
20.9833			-0.00595624
21.0167			-0.00594679
21.05			-0.00593738
21.0833			-0.005928
21.1167			-0.00591864
21.15			-0.00590931
21.1833			-0.00590002
21.2167			-0.00589075
21.25			-0.00588151
21.2833			-0.00587231
21.3167			-0.00586313
21.35			-0.00585397
21.3833			-0.00584485
21.4167			-0.00583576
21.45			-0.00582669
21.4833			-0.00581765
21.5167			-0.00580864
21.55			-0.00579966
21.5833			-0.00579071
21.6167			-0.00578178
21.65			-0.00577288
21.6833			-0.00576401
21.7167			-0.00575516
21.75			-0.00574634
21.7833			-0.00573755
21.8167			-0.00572879
21.85			-0.00572005
21.8833			-0.00571134
21.9167			-0.00570266
21.95			-0.005694
21.9833			-0.00568537
22.0167			-0.00567676
22.05			-0.00566818
22.0833			-0.00565963
22.1167			-0.0056511
22.15			-0.0056426
22.1833			-0.00563412
22.2167			-0.00562567
22.25			-0.00561725
22.2833			-0.00560885
22.3167			-0.00560047
22.35			-0.00559212
22.3833			-0.00558379
22.4167			-0.00557549
22.45			-0.00556722
22.4833			-0.00555897
22.5167			-0.00555074
22.55			-0.00554254
22.5833			-0.00553436
22.6167			-0.0055262
22.65			-0.00551807
22.6833			-0.00550996
22.7167			-0.00550188
22.75			-0.00549382
22.7833			-0.00548579
22.8167			-0.00547777
22.85			-0.00546978
22.8833			-0.00546182
22.9167			-0.00545388
22.95			-0.00544596
22.9833			-0.00543806
23.0167			-0.00543019
23.05			-0.00542234
23.0833			-0.00541451
23.1167			-0.0054067
23.15			-0.00539892
23.1833			-0.00539116
23.2167			-0.00538342
23.25			-0.0053757
23.2833			-0.00536801
23.3167			-0.00536034
23.35			-0.00535269
23.3833			-0.00534506
23.4167			-0.00533745
23.45			-0.00532987
23.4833			-0.0053223
23.5167			-0.00531476
23.55			-0.00530724
23.5833			-0.00529974
23.6167			-0.00529226
23.65			-0.0052848
23.6833			-0.00527737
23.7167			-0.00526995
23.75			-0.00526256
23.7833			-0.00525518
23.8167			-0.00524783
23.85			-0.0052405
23.8833			-0.00523318
23.9167			-0.00522589
23.95			-0.00521862
23.9833			-0.00521137
24.0167			-0.00520414
24.05			-0.00519693
24.0833			-0.00518974
24.1167			-0.00518256
24.15			-0.00517541
24.1833			-0.00516828
24.2167			-0.00516117
24.25			-0.00515407
24.2833			-0.005147
24.3167			-0.00513995
24.35			-0.00513291
24.3833			-0.0051259
24.4167			-0.0051189
24.45			-0.00511192
24.4833			-0.00510497
24.5167			-0.00509803
24.55			-0.00509111
24.5833			-0.0050842
24.6167			-0.00507732
24.65			-0.00507046
24.6833			-0.00506361
24.7167			-0.00505678
24.75			-0.00504997
24.7833			-0.00504318
24.8167			-0.00503641
24.85			-0.00502966
24.8833			-0.00502292
24.9167			-0.0050162
24.95			-0.0050095
24.9833			-0.00500282
25.0167			-0.00499615
25.05			-0.00498951
25.0833			-0.00498288
25.1167			-0.00497627
25.15			-0.00496967
25.1833			-0.0049631
25.2167			-0.00495654
25.25			-0.00495
25.2833			-0.00494347
25.3167			-0.00493696
25.35			-0.00493047
25.3833			-0.004924
25.4167			-0.00491754
25.45			-0.0049111
25.4833			-0.00490468
25.5167			-0.00489827
25.55			-0.00489189
25.5833			-0.00488551
25.6167			-0.00487916
25.65			-0.00487282
25.6833			-0.00486649
25.7167			-0.00486019
25.75			-0.0048539
25.7833			-0.00484762
25.8167			-0.00484137
25.85			-0.00483512
25.8833			-0.0048289
25.9167			-0.00482269
25.95			-0.0048165
25.9833			-0.00481032
26.0167			-0.00480416
26.05			-0.00479801
26.0833			-0.00479188
26.1167			-0.00478576
26.15			-0.00477966
26.1833			-0.00477358
26.2167			-0.00476751
26.25			-0.00476146
26.2833			-0.00475542
26.3167			-0.0047494
26.35			-0.00474339
26.3833			-0.0047374
26.4167			-0.00473142
26.45			-0.00472546
26.4833			-0.00471952
26.5167			-0.00471358
26.55			-0.00470767
26.5833			-0.00470177
26.6167			-0.00469588
26.65			-0.00469001
26.6833			-0.00468415
26.7167			-0.00467831
26.75			-0.00467248
26.7833			-0.00466666
26.8167			-0.00466086
26.85			-0.00465508
26.8833			-0.00464931
26.9167			-0.00464355
26.95			-0.00463781
26.9833			-0.00463208
27.0167			-0.00462637
27.05			-0.00462067
27.0833			-0.00461498
27.1167			-0.00460931
27.15			-0.00460365
27.1833			-0.00459801
27.2167			-0.00459237
27.25			-0.00458676
27.2833			-0.00458116
27.3167			-0.00457557
27.35			-0.00456999
27.3833			-0.00456443
27.4167			-0.00455888
27.45			-0.00455334
27.4833			-0.00454782
27.5167			-0.00454232
27.55			-0.00453682
27.5833			-0.00453134
27.6167			-0.00452587
27.65			-0.00452041
27.6833			-0.00451497
27.7167			-0.00450954
27.75			-0.00450413
27.7833			-0.00449872
27.8167			-0.00449333
27.85			-0.00448796
27.8833			-0.00448259
27.9167			-0.00447724
27.95			-0.0044719
27.9833			-0.00446658
28.0167			-0.00446126
28.05			-0.00445596
28.0833			-0.00445068
28.1167			-0.0044454
28.15			-0.00444014
28.1833			-0.00443489
28.2167			-0.00442965
28.25			-0.00442442
28.2833			-0.00441921
28.3167			-0.00441401
28.35			-0.00440882
28.3833			-0.00440364
28.4167			-0.00439848
28.45			-0.00439332
28.4833			-0.00438818
28.5167			-0.00438305
28.55			-0.00437794
28.5833			-0.00437283
28.6167			-0.00436774
28.65			-0.00436266
28.6833			-0.00435759
28.7167			-0.00435253
28.75			-0.00434749
28.7833			-0.00434245
28.8167			-0.00433743
28.85			-0.00433242
28.8833			-0.00432742
28.9167			-0.00432243
28.95			-0.00431746
28.9833			-0.00431249
29.0167			-0.00430754
29.05			-0.0043026
29.0833			-0.00429767
29.1167			-0.00429275
29.15			-0.00428784
29.1833			-0.00428294
29.2167			-0.00427806
29.25			-0.00427318
29.2833			-0.00426832
29.3167			-0.00426347
29.35			-0.00425863
29.3833			-0.0042538
29.4167			-0.00424898
29.45			-0.00424417
29.4833			-0.00423937
29.5167			-0.00423458
29.55			-0.00422981
29.5833			-0.00422504
29.6167			-0.00422029
29.65			-0.00421554
29.6833			-0.00421081
29.7167			-0.00420609
29.75			-0.00420138
29.7833			-0.00419667
29.8167			-0.00419198
29.85			-0.0041873
29.8833			-0.00418263
29.9167			-0.00417797
29.95			-0.00417332
29.9833			-0.00416868
30.0167			-0.00416406
30.05			-0.00415944
30.0833			-0.00415483
30.1167			-0.00415023
30.15			-0.00414564
30.1833			-0.00414107
30.2167			-0.0041365
30.25			-0.00413194
30.2833			-0.00412739
30.3167			-0.00412286
30.35			-0.00411833
30.3833			-0.00411381
30.4167			-0.0041093
30.45			-0.00410481
30.4833			-0.00410032
30.5167			-0.00409584
30.55			-0.00409137
30.5833			-0.00408691
30.6167			-0.00408246
30.65			-0.00407802
30.6833			-0.00407359
30.7167			-0.00406917
30.75			-0.00406476
30.7833			-0.00406036
30.8167			-0.00405597
30.85			-0.00405159
30.8833			-0.00404722
30.9167			-0.00404285
30.95			-0.0040385
30.9833			-0.00403416
31.0167			-0.00402982
31.05			-0.0040255
31.0833			-0.00402118
31.1167			-0.00401687
31.15			-0.00401257
31.1833			-0.00400829
31.2167			-0.00400401
31.25			-0.00399974
31.2833			-0.00399547
31.3167			-0.00399122
31.35			-0.00398698
31.3833			-0.00398275
31.4167			-0.00397852
31.45			-0.0039743
31.4833			-0.0039701
31.5167			-0.0039659
31.55			-0.00396171
31.5833			-0.00395753
31.6167			-0.00395336
31.65			-0.00394919
31.6833			-0.00394504
31.7167			-0.00394089
31.75			-0.00393676
31.7833			-0.00393263
31.8167			-0.00392851
31.85			-0.0039244
31.8833			-0.0039203
31.9167			-0.0039162
31.95			-0.00391212
31.9833			-0.00390804
32.0167			-0.00390397
32.05			-0.00389991
32.0833			-0.00389586
32.1167			-0.00389182
32.15			-0.00388778
32.1833			-0.00388376
32.2167			-0.00387974
32.25			-0.00387573
32.2833			-0.00387173
32.3167			-0.00386773
32.35			-0.00386375
32.3833			-0.00385977
32.4167			-0.0038558
32.45			-0.00385184
32.4833			-0.00384789
32.5167			-0.00384395
32.55			-0.00384001
32.5833			-0.00383608
32.6167			-0.00383216
32.65			-0.00382825
32.6833			-0.00382435
32.7167			-0.00382045
32.75			-0.00381656
32.7833			-0.00381268
32.8167			-0.00380881
32.85			-0.00380495
32.8833			-0.00380109
32.9167			-0.00379724
32.95			-0.0037934
32.9833			-0.00378957
33.0167			-0.00378574
33.05			-0.00378193
33.0833			-0.00377812
33.1167			-0.00377431
33.15			-0.00377052
33.1833			-0.00376673
33.2167			-0.00376295
33.25			-0.00375918
33.2833			-0.00375542
33.3167			-0.00375166
33.35			-0.00374791
33.3833			-0.00374417
33.4167			-0.00374043
33.45			-0.00373671
33.4833			-0.00373299
33.5167			-0.00372927
33.55			-0.00372557
33.5833			-0.00372187
33.6167			-0.00371818
33.65			-0.0037145
33.6833			-0.00371082
33.7167			-0.00370716
33.75			-0.00370349
33.7833			-0.00369984
33.8167			-0.00369619
33.85			-0.00369255
33.8833			-0.00368892
33.9167			-0.0036853
33.95			-0.00368168
33.9833			-0.00367807
34.0167			-0.00367446
34.05			-0.00367087
34.0833			-0.00366728
34.1167			-0.0036637
34.15			-0.00366012
34.1833			-0.00365655
34.2167			-0.00365299
34.25			-0.00364943
34.2833			-0.00364589
34.3167			-0.00364235
34.35			-0.00363881
34.3833			-0.00363528
34.4167			-0.00363176
34.45			-0.00362825
34.4833			-0.00362474
34.5167			-0.00362124
34.55			-0.00361775
34.5833			-0.00361426
34.6167			-0.00361078
34.65			-0.00360731
34.6833			-0.00360384
34.7167			-0.00360038
34.75			-0.00359693
34.7833			-0.00359348
34.8167			-0.00359004
34.85			-0.00358661
34.8833			-0.00358318
34.9167			-0.00357976
34.95			-0.00357635
34.9833			-0.00357294
35.0167			-0.00356954
35.05			-0.00356615
35.0833			-0.00356276
35.1167			-0.00355938
35.15			-0.003556
35.1833			-0.00355263
35.2167			-0.00354927
35.25			-0.00354592
35.2833			-0.00354257
35.3167			-0.00353922
35.35			-0.00353589
35.3833			-0.00353256
35.4167			-0.00352923
35.45			-0.00352591
35.4833			-0.0035226
35.5167			-0.00351929
35.55			-0.003516
35.5833			-0.0035127
35.6167			-0.00350941
35.65			-0.00350613
35.6833			-0.00350286
35.7167			-0.00349959
35.75			-0.00349633
35.7833			-0.00349307
35.8167			-0.00348982
35.85			-0.00348658
35.8833			-0.00348334
35.9167			-0.0034801
35.95			-0.00347688
35.9833			-0.00347366
36.0167			-0.00347044
36.05			-0.00346723
36.0833			-0.00346403
36.1167			-0.00346084
36.15			-0.00345764
36.1833			-0.00345446
36.2167			-0.00345128
36.25			-0.00344811
36.2833			-0.00344494
36.3167			-0.00344178
36.35			-0.00343862
36.3833			-0.00343547
36.4167			-0.00343233
36.45			-0.00342919
36.4833			-0.00342606
36.5167			-0.00342293
36.55			-0.00341981
36.5833			-0.00341669
36.6167			-0.00341358
36.65			-0.00341048
36.6833			-0.00340738
36.7167			-0.00340429
36.75			-0.0034012
36.7833			-0.00339812
36.8167			-0.00339504
36.85			-0.00339197
36.8833			-0.0033889
36.9167			-0.00338584
36.95			-0.00338279
36.9833			-0.00337974
37.0167			-0.0033767
37.05			-0.00337366
37.0833			-0.00337063
37.1167			-0.0033676
37.15			-0.00336458
37.1833			-0.00336156
37.2167			-0.00335855
37.25			-0.00335555
37.2833			-0.00335255
37.3167			-0.00334955
37.35			-0.00334657
37.3833			-0.00334358
37.4167			-0.0033406
37.45			-0.00333763
37.4833			-0.00333466
37.5167			-0.0033317
37.55			-0.00332874
37.5833			-0.00332579
37.6167			-0.00332284
37.65			-0.0033199
37.6833			-0.00331697
37.7167			-0.00331403
37.75			-0.00331111
37.7833			-0.00330819
37.8167			-0.00330527
37.85			-0.00330236
37.8833			-0.00329946
37.9167			-0.00329656
37.95			-0.00329366
37.9833			-0.00329077
38.0167			-0.00328789
38.05			-0.00328501
38.0833			-0.00328213
38.1167			-0.00327926
38.15			-0.0032764
38.1833			-0.00327354
38.2167			-0.00327068
38.25			-0.00326783
38.2833			-0.00326498
38.3167			-0.00326214
38.35			-0.00325931
38.3833			-0.00325648
38.4167			-0.00325365
38.45			-0.00325083
38.4833			-0.00324802
38.5167			-0.00324521
38.55			-0.0032424
38.5833			-0.0032396
38.6167			-0.0032368
38.65			-0.00323401
38.6833			-0.00323123
38.7167			-0.00322845
38.75			-0.00322567
38.7833			-0.0032229
38.8167			-0.00322013
38.85			-0.00321737
38.8833			-0.00321461
38.9167			-0.00321185
38.95			-0.00320911
38.9833			-0.00320636
39.0167			-0.00320362
39.05			-0.00320089
39.0833			-0.00319816
39.1167			-0.00319543
39.15			-0.00319271
39.1833			-0.00319
39.2167			-0.00318729
39.25			-0.00318458
39.2833			-0.00318188
39.3167			-0.00317918
39.35			-0.00317649
39.3833			-0.0031738
39.4167			-0.00317112
39.45			-0.00316844
39.4833			-0.00316576
39.5167			-0.00316309
39.55			-0.00316043
39.5833			-0.00315776
39.6167			-0.00315511
39.65			-0.00315246
39.6833			-0.00314981
39.7167			-0.00314716
39.75			-0.00314453
39.7833			-0.00314189
39.8167			-0.00313926
39.85			-0.00313664
39.8833			-0.00313401
39.9167			-0.0031314
39.95			-0.00312878
39.9833			-0.00312618
40.0167			-0.00312357
40.05			-0.00312097
40.0833			-0.00311838
40.1167			-0.00311579
40.15			-0.0031132
40.1833			-0.00311062
40.2167			-0.00310804
40.25			-0.00310547
40.2833			-0.0031029
40.3167			-0.00310033
40.35			-0.00309777
40.3833			-0.00309521
40.4167			-0.00309266
40.45			-0.00309011
40.4833			-0.00308757
40.5167			-0.00308503
40.55			-0.00308249
40.5833			-0.00307996
40.6167			-0.00307743
40.65			-0.00307491
40.6833			-0.00307239
40.7167			-0.00306988
40.75			-0.00306737
40.7833			-0.00306486
40.8167			-0.00306236
40.85			-0.00305986
40.8833			-0.00305736
40.9167			-0.00305487
40.95			-0.00305239
40.9833			-0.0030499
41.0167			-0.00304743
41.05			-0.00304495
41.0833			-0.00304248
41.1167			-0.00304001
41.15			-0.00303755
41.1833			-0.00303509
41.2167			-0.00303264
41.25			-0.00303019
41.2833			-0.00302774
41.3167			-0.0030253
41.35			-0.00302286
41.3833			-0.00302043
41.4167			-0.003018
41.45			-0.00301557
41.4833			-0.00301315
41.5167			-0.00301073
41.55			-0.00300831
41.5833			-0.0030059
41.6167			-0.00300349
41.65			-0.00300109
41.6833			-0.00299869
41.7167			-0.00299629
41.75			-0.0029939
41.7833			-0.00299151
41.8167			-0.00298913
41.85			-0.00298675
41.8833			-0.00298437
41.9167			-0.002982
41.95			-0.00297963
41.9833			-0.00297726
42.0167			-0.0029749
42.05			-0.00297254
42.0833			-0.00297019
42.1167			-0.00296784
42.15			-0.00296549
42.1833			-0.00296315
42.2167			-0.00296081
42.25			-0.00295847
42.2833			-0.00295614
42.3167			-0.00295381
42.35			-0.00295149
42.3833			-0.00294917
42.4167			-0.00294685
42.45			-0.00294454
42.4833			-0.00294223
42.5167			-0.00293992
42.55			-0.00293762
42.5833			-0.00293532
42.6167			-0.00293302
42.65			-0.00293073
42.6833			-0.00292844
42.7167			-0.00292616
42.75			-0.00292387
42.7833			-0.0029216
42.8167			-0.00291932
42.85			-0.00291705
42.8833			-0.00291478
42.9167			-0.00291252
42.95			-0.00291026
42.9833			-0.002908
43.0167			-0.00290575
43.05			-0.0029035
43.0833			-0.00290125
43.1167			-0.00289901
43.15			-0.00289677
43.1833			-0.00289454
43.2167			-0.0028923
43.25			-0.00289007
43.2833			-0.00288785
43.3167			-0.00288563
43.35			-0.00288341
43.3833			-0.00288119
43.4167			-0.00287898
43.45			-0.00287677
43.4833			-0.00287457
43.5167			-0.00287236
43.55			-0.00287017
43.5833			-0.00286797
43.6167			-0.00286578
43.65			-0.00286359
43.6833			-0.00286141
43.7167			-0.00285923
43.75			-0.00285705
43.7833			-0.00285487
43.8167			-0.0028527
43.85			-0.00285053
43.8833			-0.00284837
43.9167			-0.0028462
43.95			-0.00284405
43.9833			-0.00284189
44.0167			-0.00283974
44.05			-0.00283759
44.0833			-0.00283544
44.1167			-0.0028333
44.15			-0.00283116
44.1833			-0.00282903
44.2167			-0.0028269
44.25			-0.00282477
44.2833			-0.00282264
44.3167			-0.00282052
44.35			-0.0028184
44.3833			-0.00281628
44.4167			-0.00281417
44.45			-0.00281206
44.4833			-0.00280995
44.5167			-0.00280785
44.55			-0.00280575
44.5833			-0.00280365
44.6167			-0.00280155
44.65			-0.00279946
44.6833			-0.00279737
44.7167			-0.00279529
44.75			-0.00279321
44.7833			-0.00279113
44.8167			-0.00278905
44.85			-0.00278698
44.8833			-0.00278491
44.9167			-0.00278284
44.95			-0.00278078
44.9833			-0.00277872
45.0167			-0.00277666
45.05			-0.00277461
45.0833			-0.00277256
45.1167			-0.00277051
45.15			-0.00276846
45.1833			-0.00276642
45.2167			-0.00276438
45.25			-0.00276234
45.2833			-0.00276031
45.3167			-0.00275828
45.35			-0.00275625
45.3833			-0.00275423
45.4167			-0.00275221
45.45			-0.00275019
45.4833			-0.00274817
45.5167			-0.00274616
45.55			-0.00274415
45.5833			-0.00274215
45.6167			-0.00274014
45.65			-0.00273814
45.6833			-0.00273614
45.7167			-0.00273415
45.75			-0.00273216
45.7833			-0.00273017
45.8167			-0.00272818
45.85			-0.0027262
45.8833			-0.00272422
45.9167			-0.00272224
45.95			-0.00272027
45.9833			-0.00271829
46.0167			-0.00271632
46.05			-0.00271436
46.0833			-0.0027124
46.1167			-0.00271043
46.15			-0.00270848
46.1833			-0.00270652
46.2167			-0.00270457
46.25			-0.00270262
46.2833			-0.00270068
46.3167			-0.00269873
46.35			-0.00269679
46.3833			-0.00269485
46.4167			-0.00269292
46.45			-0.00269099
46.4833			-0.00268906
46.5167			-0.00268713
46.55			-0.0026852
46.5833			-0.00268328
46.6167			-0.00268136
46.65			-0.00267945
46.6833			-0.00267754
46.7167			-0.00267563
46.75			-0.00267372
46.7833			-0.00267181
46.8167			-0.00266991
46.85			-0.00266801
46.8833			-0.00266611
46.9167			-0.00266422
46.95			-0.00266233
46.9833			-0.00266044
47.0167			-0.00265855
47.05			-0.00265667
47.0833			-0.00265479
47.1167			-0.00265291
47.15			-0.00265104
47.1833			-0.00264916
47.2167			-0.00264729
47.25			-0.00264543
47.2833			-0.00264356
47.3167			-0.0026417
47.35			-0.00263984
47.3833			-0.00263798
47.4167			-0.00263613
47.45			-0.00263428
47.4833			-0.00263243
47.5167			-0.00263058
47.55			-0.00262874
47.5833			-0.0026269
47.6167			-0.00262506
47.65			-0.00262322
47.6833			-0.00262139
47.7167			-0.00261956
47.75			-0.00261773
47.7833			-0.0026159
47.8167			-0.00261408
47.85			-0.00261226
47.8833			-0.00261044
47.9167			-0.00260862
47.95			-0.00260681
47.9833			-0.002605
48.0167			-0.00260319
48.05			-0.00260138
48.0833			-0.00259958
48.1167			-0.00259778
48.15			-0.00259598
48.1833			-0.00259419
48.2167			-0.00259239
48.25			-0.0025906
48.2833			-0.00258881
48.3167			-0.00258703
48.35			-0.00258524
48.3833			-0.00258346
48.4167			-0.00258168
48.45			-0.00257991
48.4833			-0.00257813
48.5167			-0.00257636
48.55			-0.00257459
48.5833			-0.00257283
48.6167			-0.00257106
48.65			-0.0025693
48.6833			-0.00256754
48.7167			-0.00256579
48.75			-0.00256403
48.7833			-0.00256228
48.8167			-0.00256053
48.85			-0.00255878
48.8833			-0.00255704
48.9167			-0.0025553
48.95			-0.00255356
48.9833			-0.00255182
49.0167			-0.00255008
49.05			-0.00254835
49.0833			-0.00254662
49.1167			-0.00254489
49.15			-0.00254317
49.1833			-0.00254144
49.2167			-0.00253972
49.25			-0.002538
49.2833			-0.00253629
49.3167			-0.00253457
49.35			-0.00253286
49.3833			-0.00253115
49.4167			-0.00252944
49.45			-0.00252774
49.4833			-0.00252604
49.5167			-0.00252434
49.55			-0.00252264
49.5833			-0.00252094
49.6167			-0.00251925
49.65			-0.00251756
49.6833			-0.00251587
49.7167			-0.00251418
49.75			-0.0025125
49.7833			-0.00251082
49.8167			-0.00250914
49.85			-0.00250746
49.8833			-0.00250578
49.9167			-0.00250411
49.95			-0.00250244
49.9833			-0.00250077
50.0167			-0.0024991
50.05			-0.00249744
50.0833			-0.00249578
50.1167			-0.00249412
50.15			-0.00249246
50.1833			-0.0024908
50.2167			-0.00248915
50.25			-0.0024875
50.2833			-0.00248585
50.3167			-0.0024842
50.35			-0.00248256
50.3833			-0.00248092
50.4167			-0.00247928
50.45			-0.00247764
50.4833			-0.002476
50.5167			-0.00247437
50.55			-0.00247274
50.5833			-0.00247111
50.6167			-0.00246948
50.65			-0.00246786
50.6833			-0.00246623
50.7167			-0.00246461
50.75			-0.00246299
50.7833			-0.00246138
50.8167			-0.00245976
50.85			-0.00245815
50.8833			-0.00245654
50.9167			-0.00245493
50.95			-0.00245332
50.9833			-0.00245172
51.0167			-0.00245012
51.05			-0.00244852
51.0833			-0.00244692
51.1167			-0.00244533
51.15			-0.00244373
51.1833			-0.00244214
51.2167			-0.00244055
51.25			-0.00243896
51.2833			-0.00243738
51.3167			-0.0024358
51.35			-0.00243422
51.3833			-0.00243264
51.4167			-0.00243106
51.45			-0.00242948
51.4833			-0.00242791
51.5167			-0.00242634
51.55			-0.00242477
51.5833			-0.0024232
51.6167			-0.00242164
51.65			-0.00242008
51.6833			-0.00241852
51.7167			-0.00241696
51.75			-0.0024154
51.7833			-0.00241385
51.8167			-0.00241229
51.85			-0.00241074
51.8833			-0.00240919
51.9167			-0.00240765
51.95			-0.0024061
51.9833			-0.00240456
52.0167			-0.00240302
52.05			-0.00240148
52.0833			-0.00239994
52.1167			-0.00239841
52.15			-0.00239688
52.1833			-0.00239534
52.2167			-0.00239382
52.25			-0.00239229
52.2833			-0.00239076
52.3167			-0.00238924
52.35			-0.00238772
52.3833			-0.0023862
52.4167			-0.00238468
52.45			-0.00238317
52.4833			-0.00238165
52.5167			-0.00238014
52.55			-0.00237863
52.5833			-0.00237712
52.6167			-0.00237562
52.65			-0.00237411
52.6833			-0.00237261
52.7167			-0.00237111
52.75			-0.00236961
52.7833			-0.00236812
52.8167			-0.00236662
52.85			-0.00236513
52.8833			-0.00236364
52.9167			-0.00236215
52.95			-0.00236066
52.9833			-0.00235918
53.0167			-0.0023577
53.05			-0.00235621
53.0833			-0.00235473
53.1167			-0.00235326
53.15			-0.00235178
53.1833			-0.00235031
53.2167			-0.00234883
53.25			-0.00234736
53.2833			-0.0023459
53.3167			-0.00234443
53.35			-0.00234296
53.3833			-0.0023415
53.4167			-0.00234004
53.45			-0.00233858
53.4833			-0.00233712
53.5167			-0.00233567
53.55			-0.00233421
53.5833			-0.00233276
53.6167			-0.00233131
53.65			-0.00232986
53.6833			-0.00232842
53.7167			-0.00232697
53.75			-0.00232553
53.7833			-0.00232409
53.8167			-0.00232265
53.85			-0.00232121
53.8833			-0.00231978
53.9167			-0.00231834
53.95			-0.00231691
53.9833			-0.00231548
54.0167			-0.00231405
54.05			-0.00231262
54.0833			-0.0023112
54.1167			-0.00230977
54.15			-0.00230835
54.1833			-0.00230693
54.2167			-0.00230551
54.25			-0.0023041
54.2833			-0.00230268
54.3167			-0.00230127
54.35			-0.00229986
54.3833			-0.00229845
54.4167			-0.00229704
54.45			-0.00229563
54.4833			-0.00229423
54.5167			-0.00229283
54.55			-0.00229143
54.5833			-0.00229003
54.6167			-0.00228863
54.65			-0.00228723
54.6833			-0.00228584
54.7167			-0.00228445
54.75			-0.00228306
54.7833			-0.00228167
54.8167			-0.00228028
54.85			-0.00227889
54.8833			-0.00227751
54.9167			-0.00227613
54.95			-0.00227475
54.9833			-0.00227337
55.0167			-0.00227199
55.05			-0.00227061
55.0833			-0.00226924
55.1167			-0.00226787
55.15			-0.0022665
55.1833			-0.00226513
55.2167			-0.00226376
55.25			-0.0022624
55.2833			-0.00226103
55.3167			-0.00225967
55.35			-0.00225831
55.3833			-0.00225695
55.4167			-0.00225559
55.45			-0.00225424
55.4833			-0.00225288
55.5167			-0.00225153
55.55			-0.00225018
55.5833			-0.00224883
55.6167			-0.00224748
55.65			-0.00224613
55.6833			-0.00224479
55.7167			-0.00224345
55.75			-0.00224211
55.7833			-0.00224077
55.8167			-0.00223943
55.85			-0.00223809
55.8833			-0.00223676
55.9167			-0.00223542
55.95			-0.00223409
55.9833			-0.00223276
56.0167			-0.00223143
56.05			-0.00223011
56.0833			-0.00222878
56.1167			-0.00222746
56.15			-0.00222613
56.1833			-0.00222481
56.2167			-0.00222349
56.25			-0.00222218
56.2833			-0.00222086
56.3167			-0.00221955
56.35			-0.00221823
56.3833			-0.00221692
56.4167			-0.00221561
56.45			-0.0022143
56.4833			-0.002213
56.5167			-0.00221169
56.55			-0.00221039
56.5833			-0.00220909
56.6167			-0.00220779
56.65			-0.00220649
56.6833			-0.00220519
56.7167			-0.00220389
56.75			-0.0022026
56.7833			-0.00220131
56.8167			-0.00220001
56.85			-0.00219872
56.8833			-0.00219744
56.9167			-0.00219615
56.95			-0.00219486
56.9833			-0.00219358
57.0167			-0.0021923
57.05			-0.00219102
57.0833			-0.00218974
57.1167			-0.00218846
57.15			-0.00218718
57.1833			-0.00218591
57.2167			-0.00218464
57.25			-0.00218336
57.2833			-0.00218209
57.3167			-0.00218082
57.35			-0.00217956
57.3833			-0.00217829
57.4167			-0.00217703
57.45			-0.00217576
57.4833			-0.0021745
57.5167			-0.00217324
57.55			-0.00217198
57.5833			-0.00217072
57.6167			-0.00216947
57.65			-0.00216821
57.6833			-0.00216696
57.7167			-0.00216571
57.75			-0.00216446
57.7833			-0.00216321
57.8167			-0.00216196
57.85			-0.00216072
57.8833			-0.00215947
57.9167			-0.00215823
57.95			-0.00215699
57.9833			-0.00215575
58.0167			-0.00215451
58.05			-0.00215327
58.0833			-0.00215204
58.1167			-0.0021508
58.15			-0.00214957
58.1833			-0.00214834
58.2167			-0.00214711
58.25			-0.00214588
58.2833			-0.00214465
58.3167			-0.00214343
58.35			-0.0021422
58.3833			-0.00214098
58.4167			-0.00213976
58.45			-0.00213854
58.4833			-0.00213732
58.5167			-0.0021361
58.55			-0.00213489
58.5833			-0.00213367
58.6167			-0.00213246
58.65			-0.00213125
58.6833			-0.00213004
58.7167			-0.00212883
58.75			-0.00212762
58.7833			-0.00212641
58.8167			-0.00212521
58.85			-0.002124
58.8833			-0.0021228
58.9167			-0.0021216
58.95			-0.0021204
58.9833			-0.0021192
59.0167			-0.00211801
59.05			-0.00211681
59.0833			-0.00211562
59.1167			-0.00211442
59.15			-0.00211323
59.1833			-0.00211204
59.2167			-0.00211085
59.25			-0.00210967
59.2833			-0.00210848
59.3167			-0.00210729
59.35			-0.00210611
59.3833			-0.00210493
59.4167			-0.00210375
59.45			-0.00210257
59.4833			-0.00210139
59.5167			-0.00210021
59.55			-0.00209904
59.5833			-0.00209786
59.6167			-0.00209669
59.65			-0.00209552
59.6833			-0.00209435
59.7167			-0.00209318
59.75			-0.00209201
59.7833			-0.00209085
59.8167			-0.00208968
59.85			-0.00208852
59.8833			-0.00208735
59.9167			-0.00208619
59.95			-0.00208503
59.9833			-0.00208387
60.0167			-0.00208272
60.05			-0.00208156
60.0833			-0.00208041
60.1167			-0.00207925
60.15			-0.0020781
60.1833			-0.00207695
60.2167			-0.0020758
60.25			-0.00207465
60.2833			-0.0020735
60.3167			-0.00207236
60.35			-0.00207121
60.3833			-0.00207007
60.4167			-0.00206893
60.45			-0.00206779
60.4833			-0.00206665
60.5167			-0.00206551
60.55			-0.00206437
60.5833			-0.00206324
60.6167			-0.0020621
60.65			-0.00206097
60.6833			-0.00205984
60.7167			-0.00205871
60.75			-0.00205758
60.7833			-0.00205645
60.8167			-0.00205532
60.85			-0.0020542
60.8833			-0.00205307
60.9167			-0.00205195
60.95			-0.00205083
60.9833			-0.0020497
61.0167			-0.00204859
61.05			-0.00204747
61.0833			-0.00204635
61.1167			-0.00204523
61.15			-0.00204412
61.1833			-0.002043
61.2167			-0.00204189
61.25			-0.00204078
61.2833			-0.00203967
61.3167			-0.00203856
61.35			-0.00203745
61.3833			-0.00203635
61.4167			-0.00203524
61.45			-0.00203414
61.4833			-0.00203304
61.5167			-0.00203194
61.55			-0.00203083
61.5833			-0.00202974
61.6167			-0.00202864
61.65			-0.00202754
61.6833			-0.00202645
61.7167			-0.00202535
61.75			-0.00202426
61.7833			-0.00202317
61.8167			-0.00202207
61.85			-0.00202098
61.8833			-0.0020199
61.9167			-0.00201881
61.95			-0.00201772
61.9833			-0.00201664
62.0167			-0.00201555
62.05			-0.00201447
62.0833			-0.00201339
62.1167			-0.00201231
62.15			-0.00201123
62.1833			-0.00201015
62.2167			-0.00200907
62.25			-0.002008
62.2833			-0.00200692
62.3167			-0.00200585
62.35			-0.00200478
62.3833			-0.00200371
62.4167			-0.00200264
62.45			-0.00200157
62.4833			-0.0020005
62.5167			-0.00199943
62.55			-0.00199837
62.5833			-0.0019973
62.6167			-0.00199624
62.65			-0.00199518
62.6833			-0.00199412
62.7167			-0.00199306
62.75			-0.001992
62.7833			-0.00199094
62.8167			-0.00198989
62.85			-0.00198883
62.8833			-0.00198778
62.9167			-0.00198672
62.95			-0.00198567
62.9833			-0.00198462
63.0167			-0.00198357
63.05			-0.00198252
63.0833			-0.00198147
63.1167			-0.00198043
63.15			-0.00197938
63.1833			-0.00197834
63.2167			-0.00197729
63.25			-0.00197625
63.2833			-0.00197521
63.3167			-0.00197417
63.35			-0.00197313
63.3833			-0.0019721
63.4167			-0.00197106
63.45			-0.00197002
63.4833			-0.00196899
63.5167			-0.00196796
63.55			-0.00196692
63.5833			-0.00196589
63.6167			-0.00196486
63.65			-0.00196383
63.6833			-0.00196281
63.7167			-0.00196178
63.75			-0.00196075
63.7833			-0.00195973
63.8167			-0.0019587
63.85			-0.00195768
63.8833			-0.00195666
63.9167			-0.00195564
63.95			-0.00195462
63.9833			-0.0019536
64.0167			-0.00195259
64.05			-0.00195157
64.0833			-0.00195055
64.1167			-0.00194954
64.15			-0.00194853
64.1833			-0.00194752
64.2167			-0.0019465
64.25			-0.00194549
64.2833			-0.00194449
64.3167			-0.00194348
64.35			-0.00194247
64.3833			-0.00194147
64.4167			-0.00194046
64.45			-0.00193946
64.4833			-0.00193846
64.5167			-0.00193745
64.55			-0.00193645
64.5833			-0.00193545
64.6167			-0.00193446
64.65			-0.00193346
64.6833			-0.00193246
64.7167			-0.00193147
64.75			-0.00193047
64.7833			-0.00192948
64.8167			-0.00192849
64.85			-0.0019275
64.8833			-0.00192651
64.9167			-0.00192552
64.95			-0.00192453
64.9833			-0.00192354
65.0167			-0.00192255
65.05			-0.00192157
65.0833			-0.00192059
65.1167			-0.0019196
65.15			-0.00191862
65.1833			-0.00191764
65.2167			-0.00191666
65.25			-0.00191568
65.2833			-0.0019147
65.3167			-0.00191372
65.35			-0.00191275
65.3833			-0.00191177
65.4167			-0.0019108
65.45			-0.00190983
65.4833			-0.00190885
65.5167			-0.00190788
65.55			-0.00190691
65.5833			-0.00190594
65.6167			-0.00190498
65.65			-0.00190401
65.6833			-0.00190304
65.7167			-0.00190208
65.75			-0.00190111
65.7833			-0.00190015
65.8167			-0.00189919
65.85			-0.00189823
65.8833			-0.00189727
65.9167			-0.00189631
65.95			-0.00189535
65.9833			-0.00189439
66.0167			-0.00189343
66.05			-0.00189248
66.0833			-0.00189152
66.1167			-0.00189057
66.15			-0.00188962
66.1833			-0.00188867
66.2167			-0.00188771
66.25			-0.00188676
66.2833			-0.00188582
66.3167			-0.00188487
66.35			-0.00188392
66.3833			-0.00188298
66.4167			-0.00188203
66.45			-0.00188109
66.4833			-0.00188014
66.5167			-0.0018792
66.55			-0.00187826
66.5833			-0.00187732
66.6167			-0.00187638
66.65			-0.00187544
66.6833			-0.0018745
66.7167			-0.00187357
66.75			-0.00187263
66.7833			-0.0018717
66.8167			-0.00187076
66.85			-0.00186983
66.8833			-0.0018689
66.9167			-0.00186797
66.95			-0.00186704
66.9833			-0.00186611
67.0167			-0.00186518
67.05			-0.00186425
67.0833			-0.00186333
67.1167			-0.0018624
67.15			-0.00186148
67.1833			-0.00186055
67.2167			-0.00185963
67.25			-0.00185871
67.2833			-0.00185779
67.3167			-0.00185687
67.35			-0.00185595
67.3833			-0.00185503
67.4167			-0.00185411
67.45			-0.0018532
67.4833			-0.00185228
67.5167			-0.00185137
67.55			-0.00185046
67.5833			-0.00184954
67.6167			-0.00184863
67.65			-0.00184772
67.6833			-0.00184681
67.7167			-0.0018459
67.75			-0.00184499
67.7833			-0.00184409
67.8167			-0.00184318
67.85			-0.00184227
67.8833			-0.00184137
67.9167			-0.00184047
67.95			-0.00183956
67.9833			-0.00183866
68.0167			-0.00183776
68.05			-0.00183686
68.0833			-0.00183596
68.1167			-0.00183506
68.15			-0.00183416
68.1833			-0.00183327
68.2167			-0.00183237
68.25			-0.00183148
68.2833			-0.00183058
68.3167			-0.00182969
68.35			-0.0018288
68.3833			-0.00182791
68.4167			-0.00182702
68.45			-0.00182613
68.4833			-0.00182524
68.5167			-0.00182435
68.55			-0.00182346
68.5833			-0.00182258
68.6167			-0.00182169
68.65			-0.00182081
68.6833			-0.00181992
68.7167			-0.00181904
68.75			-0.00181816
68.7833			-0.00181728
68.8167			-0.0018164
68.85			-0.00181552
68.8833			-0.00181464
68.9167			-0.00181376
68.95			-0.00181288
68.9833			-0.00181201
69.0167			-0.00181113
69.05			-0.00181026
69.0833			-0.00180938
69.1167			-0.00180851
69.15			-0.00180764
69.1833			-0.00180677
69.2167			-0.0018059
69.25			-0.00180503
69.2833			-0.00180416
69.3167			-0.00180329
69.35			-0.00180243
69.3833			-0.00180156
69.4167			-0.0018007
69.45			-0.00179983
69.4833			-0.00179897
69.5167			-0.00179811
69.55			-0.00179724
69.5833			-0.00179638
69.6167			-0.00179552
69.65			-0.00179466
69.6833			-0.00179381
69.7167			-0.00179295
69.75			-0.00179209
69.7833			-0.00179123
69.8167			-0.00179038
69.85			-0.00178953
69.8833			-0.00178867
69.9167			-0.00178782
69.95			-0.00178697
69.9833			-0.00178612
70.0167			-0.00178527
70.05			-0.00178442
70.0833			-0.00178357
70.1167			-0.00178272
70.15			-0.00178187
70.1833			-0.00178103
70.2167			-0.00178018
70.25			-0.00177934
70.2833			-0.00177849
70.3167			-0.00177765
70.35			-0.00177681
70.3833			-0.00177597
70.4167			-0.00177512
70.45			-0.00177428
70.4833			-0.00177345
70.5167			-0.00177261
70.55			-0.00177177
70.5833			-0.00177093
70.6167			-0.0017701
70.65			-0.00176926
70.6833			-0.00176843
70.7167			-0.00176759
70.75			-0.00176676
70.7833			-0.00176593
70.8167			-0.0017651
70.85			-0.00176427
70.8833			-0.00176344
70.9167			-0.00176261
70.95			-0.00176178
70.9833			-0.00176095
71.0167			-0.00176013
71.05			-0.0017593
71.0833			-0.00175848
71.1167			-0.00175765
71.15			-0.00175683
71.1833			-0.00175601
71.2167			-0.00175518
71.25			-0.00175436
71.2833			-0.00175354
71.3167			-0.00175272
71.35			-0.0017519
71.3833			-0.00175109
71.4167			-0.00175027
71.45			-0.00174945
71.4833			-0.00174864
71.5167			-0.00174782
71.55			-0.00174701
71.5833			-0.00174619
71.6167			-0.00174538
71.65			-0.00174457
71.6833			-0.00174376
71.7167			-0.00174295
71.75			-0.00174214
71.7833			-0.00174133
71.8167			-0.00174052
71.85			-0.00173971
71.8833			-0.00173891
71.9167			-0.0017381
71.95			-0.0017373
71.9833			-0.00173649
72.0167			-0.00173569
72.05			-0.00173488
72.0833			-0.00173408
72.1167			-0.00173328
72.15			-0.00173248
72.1833			-0.00173168
72.2167			-0.00173088
72.25			-0.00173008
72.2833			-0.00172928
72.3167			-0.00172849
72.35			-0.00172769
72.3833			-0.0017269
72.4167			-0.0017261
72.45			-0.00172531
72.4833			-0.00172451
72.5167			-0.00172372
72.55			-0.00172293
72.5833			-0.00172214
72.6167			-0.00172135
72.65			-0.00172056
72.6833			-0.00171977
72.7167			-0.00171898
72.75			-0.00171819
72.7833			-0.00171741
72.8167			-0.00171662
72.85			-0.00171583
72.8833			-0.00171505
72.9167			-0.00171426
72.95			-0.00171348
72.9833			-0.0017127
73.0167			-0.00171192
73.05			-0.00171114
73.0833			-0.00171036
73.1167			-0.00170958
73.15			-0.0017088
73.1833			-0.00170802
73.2167			-0.00170724
73.25			-0.00170646
73.2833			-0.00170569
73.3167			-0.00170491
73.35			-0.00170414
73.3833			-0.00170336
73.4167			-0.00170259
73.45			-0.00170182
73.4833			-0.00170105
73.5167			-0.00170027
73.55			-0.0016995
73.5833			-0.00169873
73.6167			-0.00169796
73.65			-0.0016972
73.6833			-0.00169643
73.7167			-0.00169566
73.75			-0.0016949
73.7833			-0.00169413
73.8167			-0.00169336
73.85			-0.0016926
73.8833			-0.00169184
73.9167			-0.00169107
73.95			-0.00169031
73.9833			-0.00168955
74.0167			-0.00168879
74.05			-0.00168803
74.0833			-0.00168727
74.1167			-0.00168651
74.15			-0.00168575
74.1833			-0.00168499
74.2167			-0.00168424
74.25			-0.00168348
74.2833			-0.00168273
74.3167			-0.00168197
74.35			-0.00168122
74.3833			-0.00168046
74.4167			-0.00167971
74.45			-0.00167896
74.4833			-0.00167821
74.5167			-0.00167746
74.55			-0.00167671
74.5833			-0.00167596
74.6167			-0.00167521
74.65			-0.00167446
74.6833			-0.00167371
74.7167			-0.00167297
74.75			-0.00167222
74.7833			-0.00167148
74.8167			-0.00167073
74.85			-0.00166999
74.8833			-0.00166924
74.9167			-0.0016685
74.95			-0.00166776
74.9833			-0.00166702
75.0167			-0.00166628
75.05			-0.00166554
75.0833			-0.0016648
75.1167			-0.00166406
75.15			-0.00166332
75.1833			-0.00166258
75.2167			-0.00166185
75.25			-0.00166111
75.2833			-0.00166038
75.3167			-0.00165964
75.35			-0.00165891
75.3833			-0.00165817
75.4167			-0.00165744
75.45			-0.00165671
75.4833			-0.00165598
75.5167			-0.00165525
75.55			-0.00165451
75.5833			-0.00165379
75.6167			-0.00165306
75.65			-0.00165233
75.6833			-0.0016516
75.7167			-0.00165087
75.75			-0.00165015
75.7833			-0.00164942
75.8167			-0.0016487
75.85			-0.00164797
75.8833			-0.00164725
75.9167			-0.00164652
75.95			-0.0016458
75.9833			-0.00164508
76.0167			-0.00164436
76.05			-0.00164364
76.0833			-0.00164292
76.1167			-0.0016422
76.15			-0.00164148
76.1833			-0.00164076
76.2167			-0.00164004
76.25			-0.00163933
76.2833			-0.00163861
76.3167			-0.00163789
76.35			-0.00163718
76.3833			-0.00163646
76.4167			-0.00163575
76.45			-0.00163504
76.4833			-0.00163433
76.5167			-0.00163361
76.55			-0.0016329
76.5833			-0.00163219
76.6167			-0.00163148
76.65			-0.00163077
76.6833			-0.00163006
76.7167			-0.00162935
76.75			-0.00162865
76.7833			-0.00162794
76.8167			-0.00162723
76.85			-0.00162653
76.8833			-0.00162582
76.9167			-0.00162512
76.95			-0.00162441
76.9833			-0.00162371
77.0167			-0.00162301
77.05			-0.00162231
77.0833			-0.0016216
77.1167			-0.0016209
77.15			-0.0016202
77.1833			-0.0016195
77.2167			-0.0016188
77.25			-0.00161811
77.2833			-0.00161741
77.3167			-0.00161671
77.35			-0.00161601
77.3833			-0.00161532
77.4167			-0.00161462
77.45			-0.00161393
77.4833			-0.00161323
77.5167			-0.00161254
77.55			-0.00161185
77.5833			-0.00161115
77.6167			-0.00161046
77.65			-0.00160977
77.6833			-0.00160908
77.7167			-0.00160839
77.75			-0.0016077
77.7833			-0.00160701
77.8167			-0.00160632
77.85			-0.00160563
77.8833			-0.00160495
77.9167			-0.00160426
77.95			-0.00160358
77.9833			-0.00160289
78.0167			-0.0016022
78.05			-0.00160152
78.0833			-0.00160084
78.1167			-0.00160015
78.15			-0.00159947
78.1833			-0.00159879
78.2167			-0.00159811
78.25			-0.00159743
78.2833			-0.00159675
78.3167			-0.00159607
78.35			-0.00159539
78.3833			-0.00159471
78.4167			-0.00159403
78.45			-0.00159335
78.4833			-0.00159268
78.5167			-0.001592
78.55			-0.00159133
78.5833			-0.00159065
78.6167			-0.00158998
78.65			-0.0015893
78.6833			-0.00158863
78.7167			-0.00158796
78.75			-0.00158729
78.7833			-0.00158661
78.8167			-0.00158594
78.85			-0.00158527
78.8833			-0.0015846
78.9167			-0.00158393
78.95			-0.00158326
78.9833			-0.0015826
79.0167			-0.00158193
79.05			-0.00158126
79.0833			-0.00158059
79.1167			-0.00157993
79.15			-0.00157926
79.1833			-0.0015786
79.2167			-0.00157793
79.25			-0.00157727
79.2833			-0.00157661
79.3167			-0.00157595
79.35			-0.00157528
79.3833			-0.00157462
79.4167			-0.00157396
79.45			-0.0015733
79.4833			-0.00157264
79.5167			-0.00157198
79.55			-0.00157132
79.5833			-0.00157066
79.6167			-0.00157001
79.65			-0.00156935
79.6833			-0.00156869
79.7167			-0.00156804
79.75			-0.00156738
79.7833			-0.00156673
79.8167			-0.00156607
79.85			-0.00156542
79.8833			-0.00156477
79.9167			-0.00156411
79.95			-0.00156346
79.9833			-0.00156281
80.0167			-0.00156216
80.05			-0.00156151
80.0833			-0.00156086
80.1167			-0.00156021
80.15			-0.00155956
80.1833			-0.00155891
80.2167			-0.00155826
80.25			-0.00155762
80.2833			-0.00155697
80.3167			-0.00155632
80.35			-0.00155568
80.3833			-0.00155503
80.4167			-0.00155439
80.45			-0.00155374
80.4833			-0.0015531
80.5167			-0.00155246
80.55			-0.00155182
80.5833			-0.00155117
80.6167			-0.00155053
80.65			-0.00154989
80.6833			-0.00154925
80.7167			-0.00154861
80.75			-0.00154797
80.7833			-0.00154733
80.8167			-0.0015467
80.85			-0.00154606
80.8833			-0.00154542
80.9167			-0.00154478
80.95			-0.00154415
80.9833			-0.00154351
81.0167			-0.00154288
81.05			-0.00154224
81.0833			-0.00154161
81.1167			-0.00154098
81.15			-0.00154034
81.1833			-0.00153971
81.2167			-0.00153908
81.25			-0.00153845
81.2833			-0.00153782
81.3167			-0.00153719
81.35			-0.00153656
81.3833			-0.00153593
81.4167			-0.0015353
81.45			-0.00153467
81.4833			-0.00153404
81.5167			-0.00153341
81.55			-0.00153279
81.5833			-0.00153216
81.6167			-0.00153154
81.65			-0.00153091
81.6833			-0.00153029
81.7167			-0.00152966
81.75			-0.00152904
81.7833			-0.00152841
81.8167			-0.00152779
81.85			-0.00152717
81.8833			-0.00152655
81.9167			-0.00152593
81.95			-0.00152531
81.9833			-0.00152469
82.0167			-0.00152407
82.05			-0.00152345
82.0833			-0.00152283
82.1167			-0.00152221
82.15			-0.00152159
82.1833			-0.00152098
82.2167			-0.00152036
82.25			-0.00151974
82.2833			-0.00151913
82.3167			-0.00151851
82.35			-0.0015179
82.3833			-0.00151728
82.4167			-0.00151667
82.45			-0.00151606
82.4833			-0.00151544
82.5167			-0.00151483
82.55			-0.00151422
82.5833			-0.00151361
82.6167			-0.001513
82.65			-0.00151239
82.6833			-0.00151178
82.7167			-0.00151117
82.75			-0.00151056
82.7833			-0.00150995
82.8167			-0.00150934
82.85			-0.00150874
82.8833			-0.00150813
82.9167			-0.00150752
82.95			-0.00150692
82.9833			-0.00150631
83.0167			-0.00150571
83.05			-0.0015051
83.0833			-0.0015045
83.1167			-0.0015039
83.15			-0.00150329
83.1833			-0.00150269
83.2167			-0.00150209
83.25			-0.00150149
83.2833			-0.00150089
83.3167			-0.00150029
83.35			-0.00149969
83.3833			-0.00149909
83.4167			-0.00149849
83.45			-0.00149789
83.4833			-0.00149729
83.5167			-0.00149669
83.55			-0.0014961
83.5833			-0.0014955
83.6167			-0.0014949
83.65			-0.00149431
83.6833			-0.00149371
83.7167			-0.00149312
83.75			-0.00149252
83.7833			-0.00149193
83.8167			-0.00149134
83.85			-0.00149074
83.8833			-0.00149015
83.9167			-0.00148956
83.95			-0.00148897
83.9833			-0.00148838
84.0167			-0.00148779
84.05			-0.0014872
84.0833			-0.00148661
84.1167			-0.00148602
84.15			-0.00148543
84.1833			-0.00148484
84.2167			-0.00148425
84.25			-0.00148367
84.2833			-0.00148308
84.3167			-0.00148249
84.35			-0.00148191
84.3833			-0.00148132
84.4167			-0.00148074
84.45			-0.00148015
84.4833			-0.00147957
84.5167			-0.00147898
84.55			-0.0014784
84.5833			-0.00147782
84.6167			-0.00147724
84.65			-0.00147666
84.6833			-0.00147607
84.7167			-0.00147549
84.75			-0.00147491
84.7833			-0.00147433
84.8167			-0.00147375
84.85			-0.00147317
84.8833			-0.0014726
84.9167			-0.00147202
84.95			-0.00147144
84.9833			-0.00147086
85.0167			-0.00147029
85.05			-0.00146971
85.0833			-0.00146913
85.1167			-0.00146856
85.15			-0.00146798
85.1833			-0.00146741
85.2167			-0.00146684
85.25			-0.00146626
85.2833			-0.00146569
85.3167			-0.00146512
85.35			-0.00146454
85.3833			-0.00146397
85.4167			-0.0014634
85.45			-0.00146283
85.4833			-0.00146226
85.5167			-0.00146169
85.55			-0.00146112
85.5833			-0.00146055
85.6167			-0.00145998
85.65			-0.00145942
85.6833			-0.00145885
85.7167			-0.00145828
85.75			-0.00145771
85.7833			-0.00145715
85.8167			-0.00145658
85.85			-0.00145602
85.8833			-0.00145545
85.9167			-0.00145489
85.95			-0.00145432
85.9833			-0.00145376
86.0167			-0.00145319
86.05			-0.00145263
86.0833			-0.00145207
86.1167			-0.00145151
86.15			-0.00145095
86.1833			-0.00145038
86.2167			-0.00144982
86.25			-0.00144926
86.2833			-0.0014487
86.3167			-0.00144814
86.35			-0.00144758
86.3833			-0.00144703
86.4167			-0.00144647
86.45			-0.00144591
86.4833			-0.00144535
86.5167			-0.0014448
86.55			-0.00144424
86.5833			-0.00144368
86.6167			-0.00144313
86.65			-0.00144257
86.6833			-0.00144202
86.7167			-0.00144146
86.75			-0.00144091
86.7833			-0.00144036
86.8167			-0.0014398
86.85			-0.00143925
86.8833			-0.0014387
86.9167			-0.00143815
86.95			-0.0014376
86.9833			-0.00143704
87.0167			-0.00143649
87.05			-0.00143594
87.0833			-0.00143539
87.1167			-0.00143485
87.15			-0.0014343
87.1833			-0.00143375
87.2167			-0.0014332
87.25			-0.00143265
87.2833			-0.00143211
87.3167			-0.00143156
87.35			-0.00143101
87.3833			-0.00143047
87.4167			-0.00142992
87.45			-0.00142938
87.4833			-0.00142883
87.5167			-0.00142829
87.55			-0.00142774
87.5833			-0.0014272
87.6167			-0.00142666
87.65			-0.00142611
87.6833			-0.00142557
87.7167			-0.00142503
87.75			-0.00142449
87.7833			-0.00142395
87.8167			-0.00142341
87.85			-0.00142287
87.8833			-0.00142233
87.9167			-0.00142179
87.95			-0.00142125
87.9833			-0.00142071
88.0167			-0.00142017
88.05			-0.00141964
88.0833			-0.0014191
88.1167			-0.00141856
88.15			-0.00141803
88.1833			-0.00141749
88.2167			-0.00141695
88.25			-0.00141642
88.2833			-0.00141588
88.3167			-0.00141535
88.35			-0.00141482
88.3833			-0.00141428
88.4167			-0.00141375
88.45			-0.00141322
88.4833			-0.00141268
88.5167			-0.00141215
88.55			-0.00141162
88.5833			-0.00141109
88.6167			-0.00141056
88.65			-0.00141003
88.6833			-0.0014095
88.7167			-0.00140897
88.75			-0.00140844
88.7833			-0.00140791
88.8167			-0.00140738
88.85			-0.00140685
88.8833			-0.00140633
88.9167			-0.0014058
88.95			-0.00140527
88.9833			-0.00140475
89.0167			-0.00140422
89.05			-0.00140369
89.0833			-0.00140317
89.1167			-0.00140264
89.15			-0.00140212
89.1833			-0.0014016
89.2167			-0.00140107
89.25			-0.00140055
89.2833			-0.00140003
89.3167			-0.0013995
89.35			-0.00139898
89.3833			-0.00139846
89.4167			-0.00139794
89.45			-0.00139742
89.4833			-0.0013969
89.5167			-0.00139638
89.55			-0.00139586
89.5833			-0.00139534
89.6167			-0.00139482
89.65			-0.0013943
89.6833			-0.00139378
89.7167			-0.00139326
89.75			-0.00139275
89.7833			-0.00139223
89.8167			-0.00139171
89.85			-0.0013912
89.8833			-0.00139068
89.9167			-0.00139017
89.95			-0.00138965
89.9833			-0.00138914
90.0167			-0.00138862
90.05			-0.00138811
90.0833			-0.00138759
90.1167			-0.00138708
90.15			-0.00138657
90.1833			-0.00138605
90.2167			-0.00138554
90.25			-0.00138503
90.2833			-0.00138452
90.3167			-0.00138401
90.35			-0.0013835
90.3833			-0.00138299
90.4167			-0.00138248
90.45			-0.00138197
90.4833			-0.00138146
90.5167			-0.00138095
90.55			-0.00138044
90.5833			-0.00137993
90.6167			-0.00137943
90.65			-0.00137892
90.6833			-0.00137841
90.7167			-0.00137791
90.75			-0.0013774
90.7833			-0.00137689
90.8167			-0.00137639
90.85			-0.00137588
90.8833			-0.00137538
90.9167			-0.00137487
90.95			-0.00137437
90.9833			-0.00137387
91.0167			-0.00137336
91.05			-0.00137286
91.0833			-0.00137236
91.1167			-0.00137186
91.15			-0.00137136
91.1833			-0.00137085
91.2167			-0.00137035
91.25			-0.00136985
91.2833			-0.00136935
91.3167			-0.00136885
91.35			-0.00136835
91.3833			-0.00136785
91.4167			-0.00136736
91.45			-0.00136686
91.4833			-0.00136636
91.5167			-0.00136586
91.55			-0.00136536
91.5833			-0.00136487
91.6167			-0.00136437
91.65			-0.00136387
91.6833			-0.00136338
91.7167			-0.00136288
91.75			-0.00136239
91.7833			-0.00136189
91.8167			-0.0013614
91.85			-0.0013609
91.8833			-0.00136041
91.9167			-0.00135992
91.95			-0.00135942
91.9833			-0.00135893
92.0167			-0.00135844
92.05			-0.00135795
92.0833			-0.00135746
92.1167			-0.00135696
92.15			-0.00135647
92.1833			-0.00135598
92.2167			-0.00135549
92.25			-0.001355
92.2833			-0.00135451
92.3167			-0.00135402
92.35			-0.00135354
92.3833			-0.00135305
92.4167			-0.00135256
92.45			-0.00135207
92.4833			-0.00135158
92.5167			-0.0013511
92.55			-0.00135061
92.5833			-0.00135012
92.6167			-0.00134964
92.65			-0.00134915
92.6833			-0.00134867
92.7167			-0.00134818
92.75			-0.0013477
92.7833			-0.00134721
92.8167			-0.00134673
92.85			-0.00134625
92.8833			-0.00134576
92.9167			-0.00134528
92.95			-0.0013448
92.9833			-0.00134432
93.0167			-0.00134384
93.05			-0.00134335
93.0833			-0.00134287
93.1167			-0.00134239
93.15			-0.00134191
93.1833			-0.00134143
93.2167			-0.00134095
93.25			-0.00134047
93.2833			-0.00133999
93.3167			-0.00133952
93.35			-0.00133904
93.3833			-0.00133856
93.4167			-0.00133808
93.45			-0.0013376
93.4833			-0.00133713
93.5167			-0.00133665
93.55			-0.00133617
93.5833			-0.0013357
93.6167			-0.00133522
93.65			-0.00133475
93.6833			-0.00133427
93.7167			-0.0013338
93.75			-0.00133332
93.7833			-0.00133285
93.8167			-0.00133238
93.85			-0.0013319
93.8833			-0.00133143
93.9167			-0.00133096
93.95			-0.00133049
93.9833			-0.00133001
94.0167			-0.00132954
94.05			-0.00132907
94.0833			-0.0013286
94.1167			-0.00132813
94.15			-0.00132766
94.1833			-0.00132719
94.2167			-0.00132672
94.25			-0.00132625
94.2833			-0.00132578
94.3167			-0.00132531
94.35			-0.00132484
94.3833			-0.00132438
94.4167			-0.00132391
94.45			-0.00132344
94.4833			-0.00132298
94.5167			-0.00132251
94.55			-0.00132204
94.5833			-0.00132158
94.6167			-0.00132111
94.65			-0.00132065
94.6833			-0.00132018
94.7167			-0.00131972
94.75			-0.00131925
94.7833			-0.00131879
94.8167			-0.00131832
94.85			-0.00131786
94.8833			-0.0013174
94.9167			-0.00131694
94.95			-0.00131647
94.9833			-0.00131601
95.0167			-0.00131555
95.05			-0.00131509
95.0833			-0.00131463
95.1167			-0.00131417
95.15			-0.00131371
95.1833			-0.00131325
95.2167			-0.00131279
95.25			-0.00131233
95.2833			-0.00131187
95.3167			-0.00131141
95.35			-0.00131095
95.3833			-0.00131049
95.4167			-0.00131003
95.45			-0.00130958
95.4833			-0.00130912
95.5167			-0.00130866
95.55			-0.00130821
95.5833			-0.00130775
95.6167			-0.00130729
95.65			-0.00130684
95.6833			-0.00130638
95.7167			-0.00130593
95.75			-0.00130547
95.7833			-0.00130502
95.8167			-0.00130457
95.85			-0.00130411
95.8833			-0.00130366
95.9167			-0.00130321
95.95			-0.00130275
95.9833			-0.0013023
96.0167			-0.00130185
96.05			-0.0013014
96.0833			-0.00130094
96.1167			-0.00130049
96.15			-0.00130004
96.1833			-0.00129959
96.2167			-0.00129914
96.25			-0.00129869
96.2833			-0.00129824
96.3167			-0.00129779
96.35			-0.00129734
96.3833			-0.0012969
96.4167			-0.00129645
96.45			-0.001296
96.4833			-0.00129555
96.5167			-0.0012951
96.55			-0.00129466
96.5833			-0.00129421
96.6167			-0.00129376
96.65			-0.00129332
96.6833			-0.00129287
96.7167			-0.00129243
96.75			-0.00129198
96.7833			-0.00129154
96.8167			-0.00129109
96.85			-0.00129065
96.8833			-0.0012902
96.9167			-0.00128976
96.95			-0.00128932
96.9833			-0.00128887
97.0167			-0.00128843
97.05			-0.00128799
97.0833			-0.00128754
97.1167			-0.0012871
97.15			-0.00128666
97.1833			-0.00128622
97.2167			-0.00128578
97.25			-0.00128534
97.2833			-0.0012849
97.3167			-0.00128446
97.35			-0.00128402
97.3833			-0.00128358
97.4167			-0.00128314
97.45			-0.0012827
97.4833			-0.00128226
97.5167			-0.00128182
97.55			-0.00128139
97.5833			-0.00128095
97.6167			-0.00128051
97.65			-0.00128007
97.6833			-0.00127964
97.7167			-0.0012792
97.75			-0.00127876
97.7833			-0.00127833
97.8167			-0.00127789
97.85			-0.00127746
97.8833			-0.00127702
97.9167			-0.00127659
97.95			-0.00127615
97.9833			-0.00127572
98.0167			-0.00127528
98.05			-0.00127485
98.0833			-0.00127442
98.1167			-0.00127399
98.15			-0.00127355
98.1833			-0.00127312
98.2167			-0.00127269
98.25			-0.00127226
98.2833			-0.00127182
98.3167			-0.00127139
98.35			-0.00127096
98.3833			-0.00127053
98.4167			-0.0012701
98.45			-0.00126967
98.4833			-0.00126924
98.5167			-0.00126881
98.55			-0.00126838
98.5833			-0.00126795
98.6167			-0.00126753
98.65			-0.0012671
98.6833			-0.00126667
98.7167			-0.00126624
98.75			-0.00126581
98.7833			-0.00126539
98.8167			-0.00126496
98.85			-0.00126453
98.8833			-0.00126411
98.9167			-0.00126368
98.95			-0.00126326
98.9833			-0.00126283
99.0167			-0.00126241
99.05			-0.00126198
99.0833			-0.00126156
99.1167			-0.00126113
99.15			-0.00126071
99.1833			-0.00126028
99.2167			-0.00125986
99.25			-0.00125944
99.2833			-0.00125901
99.3167			-0.00125859
99.35			-0.00125817
99.3833			-0.00125775
99.4167			-0.00125733
99.45			-0.0012569
99.4833			-0.00125648
99.5167			-0.00125606
99.55			-0.00125564
99.5833			-0.00125522
99.6167			-0.0012548
99.65			-0.00125438
99.6833			-0.00125396
99.7167			-0.00125354
99.75			-0.00125312
99.7833			-0.00125271
99.8167			-0.00125229
99.85			-0.00125187
99.8833			-0.00125145
99.9167			-0.00125103
99.95			-0.00125062
99.9833			-0.0012502
