0.05			-0.587501
0.0833333			-0.586309
0.116667			-0.585247
0.15			-0.584164
0.183333			-0.582781
0.216667			-0.580879
0.25			-0.578288
0.283333			-0.574889
0.316667			-0.570603
0.35			-0.565398
0.383333			-0.559287
0.416667			-0.552316
0.45			-0.544565
0.483333			-0.536131
0.516667			-0.527121
0.55			-0.51765
0.583333			-0.507828
0.616667			-0.497758
0.65			-0.487537
0.683333			-0.477248
0.716667			-0.466964
0.75			-0.456749
0.783333			-0.446652
0.816667			-0.436718
0.85			-0.426978
0.883333			-0.417459
0.916667			-0.40818
0.95			-0.399155
0.983333			-0.390393
1.01667			-0.381898
1.05			-0.373674
1.08333			-0.365719
1.11667			-0.35803
1.15			-0.350605
1.18333			-0.343436
1.21667			-0.336518
1.25			-0.329844
1.28333			-0.323405
1.31667			-0.317195
1.35			-0.311205
1.38333			-0.305427
1.41667			-0.299853
1.45			-0.294474
1.48333			-0.289284
1.51667			-0.284274
1.55			-0.279438
1.58333			-0.274766
1.61667			-0.270254
1.65			-0.265894
1.68333			-0.26168
1.71667			-0.257605
1.75			-0.253663
1.78333			-0.24985
1.81667			-0.246159
1.85			-0.242586
1.88333			-0.239125
1.91667			-0.235771
1.95			-0.232521
1.98333			-0.22937
2.01667			-0.226314
2.05			-0.22335
2.08333			-0.220472
2.11667			-0.217679
2.15			-0.214966
2.18333			-0.21233
2.21667			-0.209769
2.25			-0.207279
2.28333			-0.204858
2.31667			-0.202502
2.35			-0.200211
2.38333			-0.19798
2.41667			-0.195809
2.45			-0.193694
2.48333			-0.191633
2.51667			-0.189626
2.55			-0.187669
2.58333			-0.185761
2.61667			-0.1839
2.65			-0.182085
2.68333			-0.180313
2.71667			-0.178584
2.75			-0.176896
2.78333			-0.175248
2.81667			-0.173638
2.85			-0.172065
2.88333			-0.170528
2.91667			-0.169026
2.95			-0.167557
2.98333			-0.16612
3.01667			-0.164715
3.05			-0.16334
3.08333			-0.161995
3.11667			-0.160679
3.15			-0.15939
3.18333			-0.158128
3.21667			-0.156892
3.25			-0.155681
3.28333			-0.154495
3.31667			-0.153332
3.35			-0.152193
3.38333			-0.151076
3.41667			-0.149981
3.45			-0.148908
3.48333			-0.147854
3.51667			-0.146821
3.55			-0.145808
3.58333			-0.144813
3.61667			-0.143837
3.65			-0.142878
3.68333			-0.141937
3.71667			-0.141013
3.75			-0.140106
3.78333			-0.139215
3.81667			-0.138339
3.85			-0.137479
3.88333			-0.136634
3.91667			-0.135803
3.95			-0.134986
3.98333			-0.134183
4.01667			-0.133394
4.05			-0.132618
4.08333			-0.131854
4.11667			-0.131103
4.15			-0.130364
4.18333			-0.129638
4.21667			-0.128922
4.25			-0.128218
4.28333			-0.127526
4.31667			-0.126844
4.35			-0.126173
4.38333			-0.125512
4.41667			-0.124861
4.45			-0.12422
4.48333			-0.123589
4.51667			-0.122967
4.55			-0.122354
4.58333			-0.121751
4.61667			-0.121156
4.65			-0.12057
4.68333			-0.119992
4.71667			-0.119423
4.75			-0.118862
4.78333			-0.118309
4.81667			-0.117763
4.85			-0.117225
4.88333			-0.116695
4.91667			-0.116172
4.95			-0.115656
4.98333			-0.115147
5.01667			-0.114645
5.05			-0.11415
5.08333			-0.113662
5.11667			-0.113179
5.15			-0.112704
5.18333			-0.112234
5.21667			-0.111771
5.25			-0.111313
5.28333			-0.110862
5.31667			-0.110416
5.35			-0.109975
5.38333			-0.109541
5.41667			-0.109112
5.45			-0.108688
5.48333			-0.108269
5.51667			-0.107856
5.55			-0.107447
5.58333			-0.107044
5.61667			-0.106645
5.65			-0.106252
5.68333			-0.105863
5.71667			-0.105478
5.75			-0.105098
5.78333			-0.104723
5.81667			-0.104352
5.85			-0.103985
5.88333			-0.103623
5.91667			-0.103264
5.95			-0.10291
5.98333			-0.10256
6.01667			-0.102213
6.05			-0.101871
6.08333			-0.101533
6.11667			-0.101198
6.15			-0.100867
6.18333			-0.100539
6.21667			-0.100215
6.25			-0.0998949
6.28333			-0.099578
6.31667			-0.0992644
6.35			-0.0989543
6.38333			-0.0986474
6.41667			-0.0983438
6.45			-0.0980434
6.48333			-0.0977462
6.51667			-0.097452
6.55			-0.0971609
6.58333			-0.0968728
6.61667			-0.0965877
6.65			-0.0963054
6.68333			-0.0960261
6.71667			-0.0957495
6.75			-0.0954758
6.78333			-0.0952048
6.81667			-0.0949365
6.85			-0.0946708
6.88333			-0.0944078
6.91667			-0.0941473
6.95			-0.0938894
6.98333			-0.0936341
7.01667			-0.0933811
7.05			-0.0931307
7.08333			-0.0928826
7.11667			-0.0926369
7.15			-0.0923935
7.18333			-0.0921524
7.21667			-0.0919136
7.25			-0.091677
7.28333			-0.0914427
7.31667			-0.0912105
7.35			-0.0909804
7.38333			-0.0907525
7.41667			-0.0905267
7.45			-0.0903029
7.48333			-0.0900811
7.51667			-0.0898614
7.55			-0.0896436
7.58333			-0.0894278
7.61667			-0.0892139
7.65			-0.0890019
7.68333			-0.0887918
7.71667			-0.0885835
7.75			-0.088377
7.78333			-0.0881724
7.81667			-0.0879695
7.85			-0.0877684
7.88333			-0.087569
7.91667			-0.0873714
7.95			-0.0871754
7.98333			-0.086981
8.01667			-0.0867884
8.05			-0.0865973
8.08333			-0.0864079
8.11667			-0.08622
8.15			-0.0860337
8.18333			-0.085849
8.21667			-0.0856658
8.25			-0.085484
8.28333			-0.0853038
8.31667			-0.0851251
8.35			-0.0849477
8.38333			-0.0847719
8.41667			-0.0845974
8.45			-0.0844244
8.48333			-0.0842527
8.51667			-0.0840824
8.55			-0.0839135
8.58333			-0.0837459
8.61667			-0.0835796
8.65			-0.0834146
8.68333			-0.0832509
8.71667			-0.0830885
8.75			-0.0829273
8.78333			-0.0827674
8.81667			-0.0826087
8.85			-0.0824513
8.88333			-0.082295
8.91667			-0.0821399
8.95			-0.081986
8.98333			-0.0818333
9.01667			-0.0816817
9.05			-0.0815312
9.08333			-0.0813819
9.11667			-0.0812337
9.15			-0.0810866
9.18333			-0.0809405
9.21667			-0.0807956
9.25			-0.0806517
9.28333			-0.0805088
9.31667			-0.080367
9.35			-0.0802262
9.38333			-0.0800865
9.41667			-0.0799477
9.45			-0.07981
9.48333			-0.0796732
9.51667			-0.0795374
9.55			-0.0794026
9.58333			-0.0792687
9.61667			-0.0791357
9.65			-0.0790037
9.68333			-0.0788727
9.71667			-0.0787425
9.75			-0.0786132
9.78333			-0.0784849
9.81667			-0.0783574
9.85			-0.0782308
9.88333			-0.0781051
9.91667			-0.0779802
9.95			-0.0778562
9.98333			-0.077733
10.0167			-0.0776107
10.05			-0.0774891
10.0833			-0.0773684
10.1167			-0.0772485
10.15			-0.0771295
10.1833			-0.0770112
10.2167			-0.0768936
10.25			-0.0767769
10.2833			-0.0766609
10.3167			-0.0765457
10.35			-0.0764313
10.3833			-0.0763176
10.4167			-0.0762046
10.45			-0.0760924
10.4833			-0.0759808
10.5167			-0.07587
10.55			-0.07576
10.5833			-0.0756506
10.6167			-0.0755419
10.65			-0.0754339
10.6833			-0.0753266
10.7167			-0.07522
10.75			-0.0751141
10.7833			-0.0750088
10.8167			-0.0749041
10.85			-0.0748002
10.8833			-0.0746968
10.9167			-0.0745942
10.95			-0.0744921
10.9833			-0.0743907
11.0167			-0.0742899
11.05			-0.0741897
11.0833			-0.0740901
11.1167			-0.0739912
11.15			-0.0738928
11.1833			-0.0737951
11.2167			-0.0736979
11.25			-0.0736013
11.2833			-0.0735053
11.3167			-0.0734098
11.35			-0.073315
11.3833			-0.0732207
11.4167			-0.0731269
11.45			-0.0730337
11.4833			-0.0729411
11.5167			-0.072849
11.55			-0.0727574
11.5833			-0.0726664
11.6167			-0.0725759
11.65			-0.072486
11.6833			-0.0723965
11.7167			-0.0723076
11.75			-0.0722192
11.7833			-0.0721313
11.8167			-0.0720439
11.85			-0.071957
11.8833			-0.0718706
11.9167			-0.0717846
11.95			-0.0716992
11.9833			-0.0716143
12.0167			-0.0715298
12.05			-0.0714458
12.0833			-0.0713623
12.1167			-0.0712792
12.15			-0.0711966
12.1833			-0.0711145
12.2167			-0.0710328
12.25			-0.0709516
12.2833			-0.0708708
12.3167			-0.0707904
12.35			-0.0707105
12.3833			-0.0706311
12.4167			-0.070552
12.45			-0.0704734
12.4833			-0.0703953
12.5167			-0.0703175
12.55			-0.0702402
12.5833			-0.0701633
12.6167			-0.0700867
12.65			-0.0700106
12.6833			-0.069935
12.7167			-0.0698597
12.75			-0.0697848
12.7833			-0.0697103
12.8167			-0.0696362
12.85			-0.0695625
12.8833			-0.0694891
12.9167			-0.0694162
12.95			-0.0693436
12.9833			-0.0692715
13.0167			-0.0691997
13.05			-0.0691282
13.0833			-0.0690572
13.1167			-0.0689865
13.15			-0.0689161
13.1833			-0.0688461
13.2167			-0.0687765
13.25			-0.0687073
13.2833			-0.0686384
13.3167			-0.0685698
13.35			-0.0685016
13.3833			-0.0684337
13.4167			-0.0683662
13.45			-0.068299
13.4833			-0.0682321
13.5167			-0.0681656
13.55			-0.0680995
13.5833			-0.0680336
13.6167			-0.0679681
13.65			-0.0679029
13.6833			-0.067838
13.7167			-0.0677734
13.75			-0.0677092
13.7833			-0.0676452
13.8167			-0.0675816
13.85			-0.0675183
13.8833			-0.0674553
13.9167			-0.0673926
13.95			-0.0673302
13.9833			-0.0672682
14.0167			-0.0672064
14.05			-0.0671449
14.0833			-0.0670837
14.1167			-0.0670228
14.15			-0.0669622
14.1833			-0.0669018
14.2167			-0.0668418
14.25			-0.0667821
14.2833			-0.0667226
14.3167			-0.0666634
14.35			-0.0666045
14.3833			-0.0665459
14.4167			-0.0664875
14.45			-0.0664294
14.4833			-0.0663716
14.5167			-0.0663141
14.55			-0.0662568
14.5833			-0.0661998
14.6167			-0.066143
14.65			-0.0660865
14.6833			-0.0660303
14.7167			-0.0659743
14.75			-0.0659186
14.7833			-0.0658631
14.8167			-0.0658079
14.85			-0.065753
14.8833			-0.0656983
14.9167			-0.0656438
14.95			-0.0655896
14.9833			-0.0655356
15.0167			-0.0654819
15.05			-0.0654284
15.0833			-0.0653752
15.1167			-0.0653222
15.15			-0.0652694
15.1833			-0.0652169
15.2167			-0.0651646
15.25			-0.0651125
15.2833			-0.0650606
15.3167			-0.065009
15.35			-0.0649576
15.3833			-0.0649065
15.4167			-0.0648555
15.45			-0.0648048
15.4833			-0.0647543
15.5167			-0.0647041
15.55			-0.064654
15.5833			-0.0646042
15.6167			-0.0645545
15.65			-0.0645051
15.6833			-0.0644559
15.7167			-0.064407
15.75			-0.0643582
15.7833			-0.0643096
15.8167			-0.0642613
15.85			-0.0642131
15.8833			-0.0641651
15.9167			-0.0641174
15.95			-0.0640699
15.9833			-0.0640225
16.0167			-0.0639754
16.05			-0.0639284
16.0833			-0.0638817
16.1167			-0.0638351
16.15			-0.0637888
16.1833			-0.0637426
16.2167			-0.0636966
16.25			-0.0636508
16.2833			-0.0636053
16.3167			-0.0635599
16.35			-0.0635146
16.3833			-0.0634696
16.4167			-0.0634248
16.45			-0.0633801
16.4833			-0.0633356
16.5167			-0.0632913
16.55			-0.0632472
16.5833			-0.0632033
16.6167			-0.0631595
16.65			-0.0631159
16.6833			-0.0630725
16.7167			-0.0630293
16.75			-0.0629862
16.7833			-0.0629434
16.8167			-0.0629006
16.85			-0.0628581
16.8833			-0.0628157
16.9167			-0.0627735
16.95			-0.0627315
16.9833			-0.0626896
17.0167			-0.0626479
17.05			-0.0626064
17.0833			-0.062565
17.1167			-0.0625238
17.15			-0.0624828
17.1833			-0.0624419
17.2167			-0.0624012
17.25			-0.0623606
17.2833			-0.0623202
17.3167			-0.0622799
17.35			-0.0622399
17.3833			-0.0621999
17.4167			-0.0621601
17.45			-0.0621205
17.4833			-0.062081
17.5167			-0.0620417
17.55			-0.0620025
17.5833			-0.0619635
17.6167			-0.0619246
17.65			-0.0618859
17.6833			-0.0618473
17.7167			-0.0618089
17.75			-0.0617706
17.7833			-0.0617325
17.8167			-0.0616945
17.85			-0.0616566
17.8833			-0.0616189
17.9167			-0.0615813
17.95			-0.0615439
17.9833			-0.0615066
18.0167			-0.0614695
18.05			-0.0614325
18.0833			-0.0613956
18.1167			-0.0613589
18.15			-0.0613223
18.1833			-0.0612858
18.2167			-0.0612495
18.25			-0.0612133
18.2833			-0.0611772
18.3167			-0.0611413
18.35			-0.0611055
18.3833			-0.0610699
18.4167			-0.0610343
18.45			-0.0609989
18.4833			-0.0609637
18.5167			-0.0609285
18.55			-0.0608935
18.5833			-0.0608586
18.6167			-0.0608238
18.65			-0.0607892
18.6833			-0.0607547
18.7167			-0.0607203
18.75			-0.060686
18.7833			-0.0606519
18.8167			-0.0606179
18.85			-0.060584
18.8833			-0.0605502
18.9167			-0.0605165
18.95			-0.060483
18.9833			-0.0604496
19.0167			-0.0604163
19.05			-0.0603831
19.0833			-0.06035
19.1167			-0.0603171
19.15			-0.0602843
19.1833			-0.0602515
19.2167			-0.0602189
19.25			-0.0601864
19.2833			-0.0601541
19.3167			-0.0601218
19.35			-0.0600897
19.3833			-0.0600576
19.4167			-0.0600257
19.45			-0.0599939
19.4833			-0.0599622
19.5167			-0.0599306
19.55			-0.0598991
19.5833			-0.0598677
19.6167			-0.0598364
19.65			-0.0598053
19.6833			-0.0597742
19.7167			-0.0597433
19.75			-0.0597124
19.7833			-0.0596817
19.8167			-0.059651
19.85			-0.0596205
19.8833			-0.0595901
19.9167			-0.0595598
19.95			-0.0595295
19.9833			-0.0594994
20.0167			-0.0594694
20.05			-0.0594395
20.0833			-0.0594096
20.1167			-0.0593799
20.15			-0.0593503
20.1833			-0.0593208
20.2167			-0.0592914
20.25			-0.059262
20.2833			-0.0592328
20.3167			-0.0592037
20.35			-0.0591746
20.3833			-0.0591457
20.4167			-0.0591169
20.45			-0.0590881
20.4833			-0.0590595
20.5167			-0.0590309
20.55			-0.0590024
20.5833			-0.0589741
20.6167			-0.0589458
20.65			-0.0589176
20.6833			-0.0588895
20.7167			-0.0588615
20.75			-0.0588336
20.7833			-0.0588057
20.8167			-0.058778
20.85			-0.0587504
20.8833			-0.0587228
20.9167			-0.0586953
20.95			-0.058668
20.9833			-0.0586407
21.0167			-0.0586135
21.05			-0.0585864
21.0833			-0.0585593
21.1167			-0.0585324
21.15			-0.0585055
21.1833			-0.0584788
21.2167			-0.0584521
21.25			-0.0584255
21.2833			-0.058399
21.3167			-0.0583725
21.35			-0.0583462
21.3833			-0.0583199
21.4167			-0.0582937
21.45			-0.0582676
21.4833			-0.0582416
21.5167			-0.0582156
21.55			-0.0581898
21.5833			-0.058164
21.6167			-0.0581383
21.65			-0.0581127
21.6833			-0.0580871
21.7167			-0.0580617
21.75			-0.0580363
21.7833			-0.058011
21.8167			-0.0579858
21.85			-0.0579606
21.8833			-0.0579356
21.9167			-0.0579106
21.95			-0.0578857
21.9833			-0.0578608
22.0167			-0.0578361
22.05			-0.0578114
22.0833			-0.0577867
22.1167			-0.0577622
22.15			-0.0577377
22.1833			-0.0577134
22.2167			-0.057689
22.25			-0.0576648
22.2833			-0.0576406
22.3167			-0.0576165
22.35			-0.0575925
22.3833			-0.0575686
22.4167			-0.0575447
22.45			-0.0575209
22.4833			-0.0574971
22.5167			-0.0574735
22.55			-0.0574499
22.5833			-0.0574264
22.6167			-0.0574029
22.65			-0.0573795
22.6833			-0.0573562
22.7167			-0.057333
22.75			-0.0573098
22.7833			-0.0572867
22.8167			-0.0572636
22.85			-0.0572406
22.8833			-0.0572177
22.9167			-0.0571949
22.95			-0.0571721
22.9833			-0.0571494
23.0167			-0.0571268
23.05			-0.0571042
23.0833			-0.0570817
23.1167			-0.0570593
23.15			-0.0570369
23.1833			-0.0570146
23.2167			-0.0569923
23.25			-0.0569702
23.2833			-0.056948
23.3167			-0.056926
23.35			-0.056904
23.3833			-0.0568821
23.4167			-0.0568602
23.45			-0.0568384
23.4833			-0.0568167
23.5167			-0.056795
23.55			-0.0567734
23.5833			-0.0567518
23.6167			-0.0567303
23.65			-0.0567089
23.6833			-0.0566875
23.7167			-0.0566662
23.75			-0.056645
23.7833			-0.0566238
23.8167			-0.0566026
23.85			-0.0565816
23.8833			-0.0565606
23.9167			-0.0565396
23.95			-0.0565187
23.9833			-0.0564979
24.0167			-0.0564771
24.05			-0.0564564
24.0833			-0.0564357
24.1167			-0.0564151
24.15			-0.0563946
24.1833			-0.0563741
24.2167			-0.0563537
24.25			-0.0563333
24.2833			-0.056313
24.3167			-0.0562927
24.35			-0.0562725
24.3833			-0.0562524
24.4167			-0.0562323
24.45			-0.0562122
24.4833			-0.0561922
24.5167			-0.0561723
24.55			-0.0561524
24.5833			-0.0561326
24.6167			-0.0561129
24.65			-0.0560931
24.6833			-0.0560735
24.7167			-0.0560539
24.75			-0.0560343
24.7833			-0.0560148
24.8167			-0.0559954
24.85			-0.055976
24.8833			-0.0559567
24.9167			-0.0559374
24.95			-0.0559181
24.9833			-0.0558989
25.0167			-0.0558798
25.05			-0.0558607
25.0833			-0.0558417
25.1167			-0.0558227
25.15			-0.0558038
25.1833			-0.0557849
25.2167			-0.0557661
25.25			-0.0557473
25.2833			-0.0557286
25.3167			-0.0557099
25.35			-0.0556913
25.3833			-0.0556727
25.4167			-0.0556542
25.45			-0.0556357
25.4833			-0.0556172
25.5167			-0.0555989
25.55			-0.0555805
25.5833			-0.0555622
25.6167			-0.055544
25.65			-0.0555258
25.6833			-0.0555077
25.7167			-0.0554896
25.75			-0.0554715
25.7833			-0.0554535
25.8167			-0.0554356
25.85			-0.0554177
25.8833			-0.0553998
25.9167			-0.055382
25.95			-0.0553642
25.9833			-0.0553465
26.0167			-0.0553288
26.05			-0.0553112
26.0833			-0.0552936
26.1167			-0.055276
26.15			-0.0552585
26.1833			-0.0552411
26.2167			-0.0552237
26.25			-0.0552063
26.2833			-0.055189
26.3167			-0.0551717
26.35			-0.0551545
26.3833			-0.0551373
26.4167			-0.0551202
26.45			-0.0551031
26.4833			-0.055086
26.5167			-0.055069
26.55			-0.055052
26.5833			-0.0550351
26.6167			-0.0550182
26.65			-0.0550014
26.6833			-0.0549846
26.7167			-0.0549678
26.75			-0.0549511
26.7833			-0.0549345
26.8167			-0.0549178
26.85			-0.0549012
26.8833			-0.0548847
26.9167			-0.0548682
26.95			-0.0548517
26.9833			-0.0548353
27.0167			-0.0548189
27.05			-0.0548026
27.0833			-0.0547863
27.1167			-0.05477
27.15			-0.0547538
27.1833			-0.0547376
27.2167			-0.0547215
27.25			-0.0547054
27.2833			-0.0546893
27.3167			-0.0546733
27.35			-0.0546573
27.3833			-0.0546414
27.4167			-0.0546254
27.45			-0.0546096
27.4833			-0.0545938
27.5167			-0.054578
27.55			-0.0545622
27.5833			-0.0545465
27.6167			-0.0545308
27.65			-0.0545152
27.6833			-0.0544996
27.7167			-0.054484
27.75			-0.0544685
27.7833			-0.054453
27.8167			-0.0544376
27.85			-0.0544222
27.8833			-0.0544068
27.9167			-0.0543915
27.95			-0.0543762
27.9833			-0.0543609
28.0167			-0.0543457
28.05			-0.0543305
28.0833			-0.0543154
28.1167			-0.0543002
28.15			-0.0542852
28.1833			-0.0542701
28.2167			-0.0542551
28.25			-0.0542401
28.2833			-0.0542252
28.3167			-0.0542103
28.35			-0.0541954
28.3833			-0.0541806
28.4167			-0.0541658
28.45			-0.054151
28.4833			-0.0541363
28.5167			-0.0541216
28.55			-0.054107
28.5833			-0.0540923
28.6167			-0.0540778
28.65			-0.0540632
28.6833			-0.0540487
28.7167			-0.0540342
28.75			-0.0540198
28.7833			-0.0540053
28.8167			-0.0539909
28.85			-0.0539766
28.8833			-0.0539623
28.9167			-0.053948
28.95			-0.0539337
28.9833			-0.0539195
29.0167			-0.0539053
29.05			-0.0538912
29.0833			-0.0538771
29.1167			-0.053863
29.15			-0.0538489
29.1833			-0.0538349
29.2167			-0.0538209
29.25			-0.053807
29.2833			-0.053793
29.3167			-0.0537791
29.35			-0.0537653
29.3833			-0.0537514
29.4167			-0.0537376
29.45			-0.0537239
29.4833			-0.0537101
29.5167			-0.0536964
29.55			-0.0536828
29.5833			-0.0536691
29.6167			-0.0536555
29.65			-0.0536419
29.6833			-0.0536284
29.7167			-0.0536149
29.75			-0.0536014
29.7833			-0.0535879
29.8167			-0.0535745
29.85			-0.0535611
29.8833			-0.0535477
29.9167			-0.0535344
29.95			-0.0535211
29.9833			-0.0535078
30.0167			-0.0534945
30.05			-0.0534813
30.0833			-0.0534681
30.1167			-0.053455
30.15			-0.0534418
30.1833			-0.0534287
30.2167			-0.0534157
30.25			-0.0534026
30.2833			-0.0533896
30.3167			-0.0533766
30.35			-0.0533637
30.3833			-0.0533507
30.4167			-0.0533378
30.45			-0.053325
30.4833			-0.0533121
30.5167			-0.0532993
30.55			-0.0532865
30.5833			-0.0532738
30.6167			-0.053261
30.65			-0.0532483
30.6833			-0.0532357
30.7167			-0.053223
30.75			-0.0532104
30.7833			-0.0531978
30.8167			-0.0531852
30.85			-0.0531727
30.8833			-0.0531602
30.9167			-0.0531477
30.95			-0.0531352
30.9833			-0.0531228
31.0167			-0.0531104
31.05			-0.053098
31.0833			-0.0530857
31.1167			-0.0530734
31.15			-0.0530611
31.1833			-0.0530488
31.2167			-0.0530366
31.25			-0.0530243
31.2833			-0.0530122
31.3167			-0.053
31.35			-0.0529879
31.3833			-0.0529757
31.4167			-0.0529637
31.45			-0.0529516
31.4833			-0.0529396
31.5167			-0.0529276
31.55			-0.0529156
31.5833			-0.0529036
31.6167			-0.0528917
31.65			-0.0528798
31.6833			-0.0528679
31.7167			-0.052856
31.75			-0.0528442
31.7833			-0.0528324
31.8167			-0.0528206
31.85			-0.0528089
31.8833			-0.0527971
31.9167			-0.0527854
31.95			-0.0527737
31.9833			-0.0527621
32.0167			-0.0527504
32.05			-0.0527388
32.0833			-0.0527272
32.1167			-0.0527157
32.15			-0.0527041
32.1833			-0.0526926
32.2167			-0.0526811
32.25			-0.0526697
32.2833			-0.0526582
32.3167			-0.0526468
32.35			-0.0526354
32.3833			-0.0526241
32.4167			-0.0526127
32.45			-0.0526014
32.4833			-0.0525901
32.5167			-0.0525788
32.55			-0.0525676
32.5833			-0.0525563
32.6167			-0.0525451
32.65			-0.0525339
32.6833			-0.0525228
32.7167			-0.0525116
32.75			-0.0525005
32.7833			-0.0524894
32.8167			-0.0524784
32.85			-0.0524673
32.8833			-0.0524563
32.9167			-0.0524453
32.95			-0.0524343
32.9833			-0.0524234
33.0167			-0.0524124
33.05			-0.0524015
33.0833			-0.0523906
33.1167			-0.0523798
33.15			-0.0523689
33.1833			-0.0523581
33.2167			-0.0523473
33.25			-0.0523365
33.2833			-0.0523257
33.3167			-0.052315
33.35			-0.0523043
33.3833			-0.0522936
33.4167			-0.0522829
33.45			-0.0522723
33.4833			-0.0522616
33.5167			-0.052251
33.55			-0.0522404
33.5833			-0.0522299
33.6167			-0.0522193
33.65			-0.0522088
33.6833			-0.0521983
33.7167			-0.0521878
33.75			-0.0521774
33.7833			-0.0521669
33.8167			-0.0521565
33.85			-0.0521461
33.8833			-0.0521357
33.9167			-0.0521254
33.95			-0.052115
33.9833			-0.0521047
34.0167			-0.0520944
34.05			-0.0520841
34.0833			-0.0520739
34.1167			-0.0520636
34.15			-0.0520534
34.1833			-0.0520432
34.2167			-0.052033
34.25			-0.0520229
34.2833			-0.0520128
34.3167			-0.0520026
34.35			-0.0519925
34.3833			-0.0519825
34.4167			-0.0519724
34.45			-0.0519624
34.4833			-0.0519524
34.5167			-0.0519424
34.55			-0.0519324
34.5833			-0.0519224
34.6167			-0.0519125
34.65			-0.0519026
34.6833			-0.0518927
34.7167			-0.0518828
34.75			-0.0518729
34.7833			-0.0518631
34.8167			-0.0518532
34.85			-0.0518434
34.8833			-0.0518336
34.9167			-0.0518239
34.95			-0.0518141
34.9833			-0.0518044
35.0167			-0.0517947
35.05			-0.051785
35.0833			-0.0517753
35.1167			-0.0517656
35.15			-0.051756
35.1833			-0.0517464
35.2167			-0.0517368
35.25			-0.0517272
35.2833			-0.0517176
35.3167			-0.0517081
35.35			-0.0516985
35.3833			-0.051689
35.4167			-0.0516795
35.45			-0.0516701
35.4833			-0.0516606
35.5167			-0.0516512
35.55			-0.0516417
35.5833			-0.0516323
35.6167			-0.051623
35.65			-0.0516136
35.6833			-0.0516042
35.7167			-0.0515949
35.75			-0.0515856
35.7833			-0.0515763
35.8167			-0.051567
35.85			-0.0515577
35.8833			-0.0515485
35.9167			-0.0515393
35.95			-0.0515301
35.9833			-0.0515209
36.0167			-0.0515117
36.05			-0.0515025
36.0833			-0.0514934
36.1167			-0.0514842
36.15			-0.0514751
36.1833			-0.051466
36.2167			-0.051457
36.25			-0.0514479
36.2833			-0.0514389
36.3167			-0.0514298
36.35			-0.0514208
36.3833			-0.0514118
36.4167			-0.0514029
36.45			-0.0513939
36.4833			-0.051385
36.5167			-0.051376
36.55			-0.0513671
36.5833			-0.0513582
36.6167			-0.0513493
36.65			-0.0513405
36.6833			-0.0513316
36.7167			-0.0513228
36.75			-0.051314
36.7833			-0.0513052
36.8167			-0.0512964
36.85			-0.0512877
36.8833			-0.0512789
36.9167			-0.0512702
36.95			-0.0512615
36.9833			-0.0512528
37.0167			-0.0512441
37.05			-0.0512354
37.0833			-0.0512267
37.1167			-0.0512181
37.15			-0.0512095
37.1833			-0.0512009
37.2167			-0.0511923
37.25			-0.0511837
37.2833			-0.0511751
37.3167			-0.0511666
37.35			-0.0511581
37.3833			-0.0511496
37.4167			-0.0511411
37.45			-0.0511326
37.4833			-0.0511241
37.5167			-0.0511156
37.55			-0.0511072
37.5833			-0.0510988
37.6167			-0.0510904
37.65			-0.051082
37.6833			-0.0510736
37.7167			-0.0510652
37.75			-0.0510569
37.7833			-0.0510486
37.8167			-0.0510402
37.85			-0.0510319
37.8833			-0.0510236
37.9167			-0.0510154
37.95			-0.0510071
37.9833			-0.0509989
38.0167			-0.0509906
38.05			-0.0509824
38.0833			-0.0509742
38.1167			-0.050966
38.15			-0.0509578
38.1833			-0.0509497
38.2167			-0.0509415
38.25			-0.0509334
38.2833			-0.0509253
38.3167			-0.0509172
38.35			-0.0509091
38.3833			-0.050901
38.4167			-0.050893
38.45			-0.0508849
38.4833			-0.0508769
38.5167			-0.0508689
38.55			-0.0508609
38.5833			-0.0508529
38.6167			-0.0508449
38.65			-0.0508369
38.6833			-0.050829
38.7167			-0.050821
38.75			-0.0508131
38.7833			-0.0508052
38.8167			-0.0507973
38.85			-0.0507894
38.8833			-0.0507816
38.9167			-0.0507737
38.95			-0.0507659
38.9833			-0.0507581
39.0167			-0.0507502
39.05			-0.0507424
39.0833			-0.0507347
39.1167			-0.0507269
39.15			-0.0507191
39.1833			-0.0507114
39.2167			-0.0507036
39.25			-0.0506959
39.2833			-0.0506882
39.3167			-0.0506805
39.35			-0.0506728
39.3833			-0.0506652
39.4167			-0.0506575
39.45			-0.0506499
39.4833			-0.0506423
39.5167			-0.0506346
39.55			-0.050627
39.5833			-0.0506194
39.6167			-0.0506119
39.65			-0.0506043
39.6833			-0.0505968
39.7167			-0.0505892
39.75			-0.0505817
39.7833			-0.0505742
39.8167			-0.0505667
39.85			-0.0505592
39.8833			-0.0505517
39.9167			-0.0505443
39.95			-0.0505368
39.9833			-0.0505294
40.0167			-0.0505219
40.05			-0.0505145
40.0833			-0.0505071
40.1167			-0.0504997
40.15			-0.0504924
40.1833			-0.050485
40.2167			-0.0504776
40.25			-0.0504703
40.2833			-0.050463
40.3167			-0.0504557
40.35			-0.0504484
40.3833			-0.0504411
40.4167			-0.0504338
40.45			-0.0504265
40.4833			-0.0504193
40.5167			-0.050412
40.55			-0.0504048
40.5833			-0.0503976
40.6167			-0.0503904
40.65			-0.0503832
40.6833			-0.050376
40.7167			-0.0503688
40.75			-0.0503617
40.7833			-0.0503545
40.8167			-0.0503474
40.85			-0.0503403
40.8833			-0.0503332
40.9167			-0.0503261
40.95			-0.050319
40.9833			-0.0503119
41.0167			-0.0503048
41.05			-0.0502978
41.0833			-0.0502907
41.1167			-0.0502837
41.15			-0.0502767
41.1833			-0.0502697
41.2167			-0.0502627
41.25			-0.0502557
41.2833			-0.0502487
41.3167			-0.0502418
41.35			-0.0502348
41.3833			-0.0502279
41.4167			-0.0502209
41.45			-0.050214
41.4833			-0.0502071
41.5167			-0.0502002
41.55			-0.0501933
41.5833			-0.0501865
41.6167			-0.0501796
41.65			-0.0501727
41.6833			-0.0501659
41.7167			-0.0501591
41.75			-0.0501523
41.7833			-0.0501455
41.8167			-0.0501387
41.85			-0.0501319
41.8833			-0.0501251
41.9167			-0.0501183
41.95			-0.0501116
41.9833			-0.0501048
42.0167			-0.0500981
42.05			-0.0500914
42.0833			-0.0500847
42.1167			-0.050078
42.15			-0.0500713
42.1833			-0.0500646
42.2167			-0.0500579
42.25			-0.0500513
42.2833			-0.0500446
42.3167			-0.050038
42.35			-0.0500314
42.3833			-0.0500248
42.4167			-0.0500182
42.45			-0.0500116
42.4833			-0.050005
42.5167			-0.0499984
42.55			-0.0499919
42.5833			-0.0499853
42.6167			-0.0499788
42.65			-0.0499722
42.6833			-0.0499657
42.7167			-0.0499592
42.75			-0.0499527
42.7833			-0.0499462
42.8167			-0.0499397
42.85			-0.0499333
42.8833			-0.0499268
42.9167			-0.0499203
42.95			-0.0499139
42.9833			-0.0499075
43.0167			-0.0499011
43.05			-0.0498946
43.0833			-0.0498882
43.1167			-0.0498819
43.15			-0.0498755
43.1833			-0.0498691
43.2167			-0.0498627
43.25			-0.0498564
43.2833			-0.0498501
43.3167			-0.0498437
43.35			-0.0498374
43.3833			-0.0498311
43.4167			-0.0498248
43.45			-0.0498185
43.4833			-0.0498122
43.5167			-0.0498059
43.55			-0.0497997
43.5833			-0.0497934
43.6167			-0.0497872
43.65			-0.0497809
43.6833			-0.0497747
43.7167			-0.0497685
43.75			-0.0497623
43.7833			-0.0497561
43.8167			-0.0497499
43.85			-0.0497437
43.8833			-0.0497376
43.9167			-0.0497314
43.95			-0.0497253
43.9833			-0.0497191
44.0167			-0.049713
44.05			-0.0497069
44.0833			-0.0497008
44.1167			-0.0496947
44.15			-0.0496886
44.1833			-0.0496825
44.2167			-0.0496764
44.25			-0.0496703
44.2833			-0.0496643
44.3167			-0.0496582
44.35			-0.0496522
44.3833			-0.0496462
44.4167			-0.0496402
44.45			-0.0496341
44.4833			-0.0496281
44.5167			-0.0496222
44.55			-0.0496162
44.5833			-0.0496102
44.6167			-0.0496042
44.65			-0.0495983
44.6833			-0.0495923
44.7167			-0.0495864
44.75			-0.0495805
44.7833			-0.0495745
44.8167			-0.0495686
44.85			-0.0495627
44.8833			-0.0495568
44.9167			-0.0495509
44.95			-0.0495451
44.9833			-0.0495392
45.0167			-0.0495333
45.05			-0.0495275
45.0833			-0.0495216
45.1167			-0.0495158
45.15			-0.04951
45.1833			-0.0495042
45.2167			-0.0494984
45.25			-0.0494926
45.2833			-0.0494868
45.3167			-0.049481
45.35			-0.0494752
45.3833			-0.0494695
45.4167			-0.0494637
45.45			-0.049458
45.4833			-0.0494522
45.5167			-0.0494465
45.55			-0.0494408
45.5833			-0.049435
45.6167			-0.0494293
45.65			-0.0494236
45.6833			-0.049418
45.7167			-0.0494123
45.75			-0.0494066
45.7833			-0.0494009
45.8167			-0.0493953
45.85			-0.0493896
45.8833			-0.049384
45.9167			-0.0493784
45.95			-0.0493727
45.9833			-0.0493671
46.0167			-0.0493615
46.05			-0.0493559
46.0833			-0.0493503
46.1167			-0.0493448
46.15			-0.0493392
46.1833			-0.0493336
46.2167			-0.0493281
46.25			-0.0493225
46.2833			-0.049317
46.3167			-0.0493114
46.35			-0.0493059
46.3833			-0.0493004
46.4167			-0.0492949
46.45			-0.0492894
46.4833			-0.0492839
46.5167			-0.0492784
46.55			-0.0492729
46.5833			-0.0492675
46.6167			-0.049262
46.65			-0.0492565
46.6833			-0.0492511
46.7167			-0.0492456
46.75			-0.0492402
46.7833			-0.0492348
46.8167			-0.0492294
46.85			-0.049224
46.8833			-0.0492186
46.9167			-0.0492132
46.95			-0.0492078
46.9833			-0.0492024
47.0167			-0.0491971
47.05			-0.0491917
47.0833			-0.0491863
47.1167			-0.049181
47.15			-0.0491757
47.1833			-0.0491703
47.2167			-0.049165
47.25			-0.0491597
47.2833			-0.0491544
47.3167			-0.0491491
47.35			-0.0491438
47.3833			-0.0491385
47.4167			-0.0491332
47.45			-0.0491279
47.4833			-0.0491227
47.5167			-0.0491174
47.55			-0.0491122
47.5833			-0.0491069
47.6167			-0.0491017
47.65			-0.0490965
47.6833			-0.0490913
47.7167			-0.049086
47.75			-0.0490808
47.7833			-0.0490756
47.8167			-0.0490705
47.85			-0.0490653
47.8833			-0.0490601
47.9167			-0.0490549
47.95			-0.0490498
47.9833			-0.0490446
48.0167			-0.0490395
48.05			-0.0490343
48.0833			-0.0490292
48.1167			-0.0490241
48.15			-0.0490189
48.1833			-0.0490138
48.2167			-0.0490087
48.25			-0.0490036
48.2833			-0.0489985
48.3167			-0.0489935
48.35			-0.0489884
48.3833			-0.0489833
48.4167			-0.0489783
48.45			-0.0489732
48.4833			-0.0489682
48.5167			-0.0489631
48.55			-0.0489581
48.5833			-0.0489531
48.6167			-0.048948
48.65			-0.048943
48.6833			-0.048938
48.7167			-0.048933
48.75			-0.048928
48.7833			-0.048923
48.8167			-0.0489181
48.85			-0.0489131
48.8833			-0.0489081
48.9167			-0.0489032
48.95			-0.0488982
48.9833			-0.0488933
49.0167			-0.0488883
49.05			-0.0488834
49.0833			-0.0488785
49.1167			-0.0488736
49.15			-0.0488687
49.1833			-0.0488637
49.2167			-0.0488589
49.25			-0.048854
49.2833			-0.0488491
49.3167			-0.0488442
49.35			-0.0488393
49.3833			-0.0488345
49.4167			-0.0488296
49.45			-0.0488248
49.4833			-0.0488199
49.5167			-0.0488151
49.55			-0.0488102
49.5833			-0.0488054
49.6167			-0.0488006
49.65			-0.0487958
49.6833			-0.048791
49.7167			-0.0487862
49.75			-0.0487814
49.7833			-0.0487766
49.8167			-0.0487718
49.85			-0.0487671
49.8833			-0.0487623
49.9167			-0.0487575
49.95			-0.0487528
49.9833			-0.048748
50.0167			-0.0487433
50.05			-0.0487385
50.0833			-0.0487338
50.1167			-0.0487291
50.15			-0.0487244
50.1833			-0.0487197
50.2167			-0.048715
50.25			-0.0487103
50.2833			-0.0487056
50.3167			-0.0487009
50.35			-0.0486962
50.3833			-0.0486915
50.4167			-0.0486869
50.45			-0.0486822
50.4833			-0.0486776
50.5167			-0.0486729
50.55			-0.0486683
50.5833			-0.0486636
50.6167			-0.048659
50.65			-0.0486544
50.6833			-0.0486498
50.7167			-0.0486452
50.75			-0.0486406
50.7833			-0.048636
50.8167			-0.0486314
50.85			-0.0486268
50.8833			-0.0486222
50.9167			-0.0486176
50.95			-0.0486131
50.9833			-0.0486085
51.0167			-0.0486039
51.05			-0.0485994
51.0833			-0.0485948
51.1167			-0.0485903
51.15			-0.0485858
51.1833			-0.0485812
51.2167			-0.0485767
51.25			-0.0485722
51.2833			-0.0485677
51.3167			-0.0485632
51.35			-0.0485587
51.3833			-0.0485542
51.4167			-0.0485497
51.45			-0.0485452
51.4833			-0.0485408
51.5167			-0.0485363
51.55			-0.0485318
51.5833			-0.0485274
51.6167			-0.0485229
51.65			-0.0485185
51.6833			-0.048514
51.7167			-0.0485096
51.75			-0.0485052
51.7833			-0.0485008
51.8167			-0.0484963
51.85			-0.0484919
51.8833			-0.0484875
51.9167			-0.0484831
51.95			-0.0484787
51.9833			-0.0484744
52.0167			-0.04847
52.05			-0.0484656
52.0833			-0.0484612
52.1167			-0.0484569
52.15			-0.0484525
52.1833			-0.0484481
52.2167			-0.0484438
52.25			-0.0484395
52.2833			-0.0484351
52.3167			-0.0484308
52.35			-0.0484265
52.3833			-0.0484221
52.4167			-0.0484178
52.45			-0.0484135
52.4833			-0.0484092
52.5167			-0.0484049
52.55			-0.0484006
52.5833			-0.0483963
52.6167			-0.048392
52.65			-0.0483878
52.6833			-0.0483835
52.7167			-0.0483792
52.75			-0.048375
52.7833			-0.0483707
52.8167			-0.0483665
52.85			-0.0483622
52.8833			-0.048358
52.9167			-0.0483538
52.95			-0.0483495
52.9833			-0.0483453
53.0167			-0.0483411
53.05			-0.0483369
53.0833			-0.0483327
53.1167			-0.0483285
53.15			-0.0483243
53.1833			-0.0483201
53.2167			-0.0483159
53.25			-0.0483117
53.2833			-0.0483075
53.3167			-0.0483034
53.35			-0.0482992
53.3833			-0.048295
53.4167			-0.0482909
53.45			-0.0482867
53.4833			-0.0482826
53.5167			-0.0482785
53.55			-0.0482743
53.5833			-0.0482702
53.6167			-0.0482661
53.65			-0.0482619
53.6833			-0.0482578
53.7167			-0.0482537
53.75			-0.0482496
53.7833			-0.0482455
53.8167			-0.0482414
53.85			-0.0482373
53.8833			-0.0482333
53.9167			-0.0482292
53.95			-0.0482251
53.9833			-0.048221
54.0167			-0.048217
54.05			-0.0482129
54.0833			-0.0482089
54.1167			-0.0482048
54.15			-0.0482008
54.1833			-0.0481968
54.2167			-0.0481927
54.25			-0.0481887
54.2833			-0.0481847
54.3167			-0.0481807
54.35			-0.0481766
54.3833			-0.0481726
54.4167			-0.0481686
54.45			-0.0481646
54.4833			-0.0481606
54.5167			-0.0481567
54.55			-0.0481527
54.5833			-0.0481487
54.6167			-0.0481447
54.65			-0.0481408
54.6833			-0.0481368
54.7167			-0.0481328
54.75			-0.0481289
54.7833			-0.0481249
54.8167			-0.048121
54.85			-0.048117
54.8833			-0.0481131
54.9167			-0.0481092
54.95			-0.0481053
54.9833			-0.0481013
55.0167			-0.0480974
55.05			-0.0480935
55.0833			-0.0480896
55.1167			-0.0480857
55.15			-0.0480818
55.1833			-0.0480779
55.2167			-0.048074
55.25			-0.0480701
55.2833			-0.0480663
55.3167			-0.0480624
55.35			-0.0480585
55.3833			-0.0480547
55.4167			-0.0480508
55.45			-0.048047
55.4833			-0.0480431
55.5167			-0.0480393
55.55			-0.0480354
55.5833			-0.0480316
55.6167			-0.0480278
55.65			-0.0480239
55.6833			-0.0480201
55.7167			-0.0480163
55.75			-0.0480125
55.7833			-0.0480087
55.8167			-0.0480049
55.85			-0.0480011
55.8833			-0.0479973
55.9167			-0.0479935
55.95			-0.0479897
55.9833			-0.0479859
56.0167			-0.0479821
56.05			-0.0479784
56.0833			-0.0479746
56.1167			-0.0479708
56.15			-0.0479671
56.1833			-0.0479633
56.2167			-0.0479596
56.25			-0.0479558
56.2833			-0.0479521
56.3167			-0.0479484
56.35			-0.0479446
56.3833			-0.0479409
56.4167			-0.0479372
56.45			-0.0479335
56.4833			-0.0479297
56.5167			-0.047926
56.55			-0.0479223
56.5833			-0.0479186
56.6167			-0.0479149
56.65			-0.0479112
56.6833			-0.0479076
56.7167			-0.0479039
56.75			-0.0479002
56.7833			-0.0478965
56.8167			-0.0478929
56.85			-0.0478892
56.8833			-0.0478855
56.9167			-0.0478819
56.95			-0.0478782
56.9833			-0.0478746
57.0167			-0.0478709
57.05			-0.0478673
57.0833			-0.0478636
57.1167			-0.04786
57.15			-0.0478564
57.1833			-0.0478528
57.2167			-0.0478491
57.25			-0.0478455
57.2833			-0.0478419
57.3167			-0.0478383
57.35			-0.0478347
57.3833			-0.0478311
57.4167			-0.0478275
57.45			-0.0478239
57.4833			-0.0478203
57.5167			-0.0478168
57.55			-0.0478132
57.5833			-0.0478096
57.6167			-0.0478061
57.65			-0.0478025
57.6833			-0.0477989
57.7167			-0.0477954
57.75			-0.0477918
57.7833			-0.0477883
57.8167			-0.0477847
57.85			-0.0477812
57.8833			-0.0477777
57.9167			-0.0477741
57.95			-0.0477706
57.9833			-0.0477671
58.0167			-0.0477636
58.05			-0.04776
58.0833			-0.0477565
58.1167			-0.047753
58.15			-0.0477495
58.1833			-0.047746
58.2167			-0.0477425
58.25			-0.047739
58.2833			-0.0477355
58.3167			-0.0477321
58.35			-0.0477286
58.3833			-0.0477251
58.4167			-0.0477216
58.45			-0.0477182
58.4833			-0.0477147
58.5167			-0.0477112
58.55			-0.0477078
58.5833			-0.0477043
58.6167			-0.0477009
58.65			-0.0476975
58.6833			-0.047694
58.7167			-0.0476906
58.75			-0.0476871
58.7833			-0.0476837
58.8167			-0.0476803
58.85			-0.0476769
58.8833			-0.0476735
58.9167			-0.04767
58.95			-0.0476666
58.9833			-0.0476632
59.0167			-0.0476598
59.05			-0.0476564
59.0833			-0.047653
59.1167			-0.0476497
59.15			-0.0476463
59.1833			-0.0476429
59.2167			-0.0476395
59.25			-0.0476361
59.2833			-0.0476328
59.3167			-0.0476294
59.35			-0.047626
59.3833			-0.0476227
59.4167			-0.0476193
59.45			-0.047616
59.4833			-0.0476126
59.5167			-0.0476093
59.55			-0.0476059
59.5833			-0.0476026
59.6167			-0.0475993
59.65			-0.047596
59.6833			-0.0475926
59.7167			-0.0475893
59.75			-0.047586
59.7833			-0.0475827
59.8167			-0.0475794
59.85			-0.0475761
59.8833			-0.0475728
59.9167			-0.0475695
59.95			-0.0475662
59.9833			-0.0475629
60.0167			-0.0475596
60.05			-0.0475563
60.0833			-0.047553
60.1167			-0.0475497
60.15			-0.0475465
60.1833			-0.0475432
60.2167			-0.0475399
60.25			-0.0475367
60.2833			-0.0475334
60.3167			-0.0475302
60.35			-0.0475269
60.3833			-0.0475237
60.4167			-0.0475204
60.45			-0.0475172
60.4833			-0.0475139
60.5167			-0.0475107
60.55			-0.0475075
60.5833			-0.0475043
60.6167			-0.047501
60.65			-0.0474978
60.6833			-0.0474946
60.7167			-0.0474914
60.75			-0.0474882
60.7833			-0.047485
60.8167			-0.0474818
60.85			-0.0474786
60.8833			-0.0474754
60.9167			-0.0474722
60.95			-0.047469
60.9833			-0.0474658
61.0167			-0.0474626
61.05			-0.0474595
61.0833			-0.0474563
61.1167			-0.0474531
61.15			-0.0474499
61.1833			-0.0474468
61.2167			-0.0474436
61.25			-0.0474405
61.2833			-0.0474373
61.3167			-0.0474342
61.35			-0.047431
61.3833			-0.0474279
61.4167			-0.0474247
61.45			-0.0474216
61.4833			-0.0474185
61.5167			-0.0474153
61.55			-0.0474122
61.5833			-0.0474091
61.6167			-0.047406
61.65			-0.0474029
61.6833			-0.0473998
61.7167			-0.0473966
61.75			-0.0473935
61.7833			-0.0473904
61.8167			-0.0473873
61.85			-0.0473842
61.8833			-0.0473812
61.9167			-0.0473781
61.95			-0.047375
61.9833			-0.0473719
62.0167			-0.0473688
62.05			-0.0473657
62.0833			-0.0473627
62.1167			-0.0473596
62.15			-0.0473565
62.1833			-0.0473535
62.2167			-0.0473504
62.25			-0.0473474
62.2833			-0.0473443
62.3167			-0.0473413
62.35			-0.0473382
62.3833			-0.0473352
62.4167			-0.0473321
62.45			-0.0473291
62.4833			-0.0473261
62.5167			-0.047323
62.55			-0.04732
62.5833			-0.047317
62.6167			-0.047314
62.65			-0.047311
62.6833			-0.047308
62.7167			-0.0473049
62.75			-0.0473019
62.7833			-0.0472989
62.8167			-0.0472959
62.85			-0.0472929
62.8833			-0.0472899
62.9167			-0.047287
62.95			-0.047284
62.9833			-0.047281
63.0167			-0.047278
63.05			-0.047275
63.0833			-0.047272
63.1167			-0.0472691
63.15			-0.0472661
63.1833			-0.0472631
63.2167			-0.0472602
63.25			-0.0472572
63.2833			-0.0472543
63.3167			-0.0472513
63.35			-0.0472484
63.3833			-0.0472454
63.4167			-0.0472425
63.45			-0.0472395
63.4833			-0.0472366
63.5167			-0.0472337
63.55			-0.0472307
63.5833			-0.0472278
63.6167			-0.0472249
63.65			-0.047222
63.6833			-0.047219
63.7167			-0.0472161
63.75			-0.0472132
63.7833			-0.0472103
63.8167			-0.0472074
63.85			-0.0472045
63.8833			-0.0472016
63.9167			-0.0471987
63.95			-0.0471958
63.9833			-0.0471929
64.0167			-0.04719
64.05			-0.0471871
64.0833			-0.0471843
64.1167			-0.0471814
64.15			-0.0471785
64.1833			-0.0471756
64.2167			-0.0471728
64.25			-0.0471699
64.2833			-0.047167
64.3167			-0.0471642
64.35			-0.0471613
64.3833			-0.0471585
64.4167			-0.0471556
64.45			-0.0471528
64.4833			-0.0471499
64.5167			-0.0471471
64.55			-0.0471442
64.5833			-0.0471414
64.6167			-0.0471386
64.65			-0.0471357
64.6833			-0.0471329
64.7167			-0.0471301
64.75			-0.0471272
64.7833			-0.0471244
64.8167			-0.0471216
64.85			-0.0471188
64.8833			-0.047116
64.9167			-0.0471132
64.95			-0.0471104
64.9833			-0.0471076
65.0167			-0.0471048
65.05			-0.047102
65.0833			-0.0470992
65.1167			-0.0470964
65.15			-0.0470936
65.1833			-0.0470908
65.2167			-0.047088
65.25			-0.0470852
65.2833			-0.0470825
65.3167			-0.0470797
65.35			-0.0470769
65.3833			-0.0470742
65.4167			-0.0470714
65.45			-0.0470686
65.4833			-0.0470659
65.5167			-0.0470631
65.55			-0.0470604
65.5833			-0.0470576
65.6167			-0.0470549
65.65			-0.0470521
65.6833			-0.0470494
65.7167			-0.0470466
65.75			-0.0470439
65.7833			-0.0470412
65.8167			-0.0470384
65.85			-0.0470357
65.8833			-0.047033
65.9167			-0.0470303
65.95			-0.0470275
65.9833			-0.0470248
66.0167			-0.0470221
66.05			-0.0470194
66.0833			-0.0470167
66.1167			-0.047014
66.15			-0.0470113
66.1833			-0.0470086
66.2167			-0.0470059
66.25			-0.0470032
66.2833			-0.0470005
66.3167			-0.0469978
66.35			-0.0469951
66.3833			-0.0469924
66.4167			-0.0469897
66.45			-0.046987
66.4833			-0.0469844
66.5167			-0.0469817
66.55			-0.046979
66.5833			-0.0469764
66.6167			-0.0469737
66.65			-0.046971
66.6833			-0.0469684
66.7167			-0.0469657
66.75			-0.0469631
66.7833			-0.0469604
66.8167			-0.0469578
66.85			-0.0469551
66.8833			-0.0469525
66.9167			-0.0469498
66.95			-0.0469472
66.9833			-0.0469445
67.0167			-0.0469419
67.05			-0.0469393
67.0833			-0.0469366
67.1167			-0.046934
67.15			-0.0469314
67.1833			-0.0469288
67.2167			-0.0469262
67.25			-0.0469235
67.2833			-0.0469209
67.3167			-0.0469183
67.35			-0.0469157
67.3833			-0.0469131
67.4167			-0.0469105
67.45			-0.0469079
67.4833			-0.0469053
67.5167			-0.0469027
67.55			-0.0469001
67.5833			-0.0468975
67.6167			-0.0468949
67.65			-0.0468923
67.6833			-0.0468898
67.7167			-0.0468872
67.75			-0.0468846
67.7833			-0.046882
67.8167			-0.0468795
67.85			-0.0468769
67.8833			-0.0468743
67.9167			-0.0468718
67.95			-0.0468692
67.9833			-0.0468666
68.0167			-0.0468641
68.05			-0.0468615
68.0833			-0.046859
68.1167			-0.0468564
68.15			-0.0468539
68.1833			-0.0468513
68.2167			-0.0468488
68.25			-0.0468462
68.2833			-0.0468437
68.3167			-0.0468412
68.35			-0.0468386
68.3833			-0.0468361
68.4167			-0.0468336
68.45			-0.0468311
68.4833			-0.0468285
68.5167			-0.046826
68.55			-0.0468235
68.5833			-0.046821
68.6167			-0.0468185
68.65			-0.046816
68.6833			-0.0468135
68.7167			-0.046811
68.75			-0.0468084
68.7833			-0.0468059
68.8167			-0.0468035
68.85			-0.046801
68.8833			-0.0467985
68.9167			-0.046796
68.95			-0.0467935
68.9833			-0.046791
69.0167			-0.0467885
69.05			-0.046786
69.0833			-0.0467836
69.1167			-0.0467811
69.15			-0.0467786
69.1833			-0.0467761
69.2167			-0.0467737
69.25			-0.0467712
69.2833			-0.0467687
69.3167			-0.0467663
69.35			-0.0467638
69.3833			-0.0467614
69.4167			-0.0467589
69.45			-0.0467564
69.4833			-0.046754
69.5167			-0.0467516
69.55			-0.0467491
69.5833			-0.0467467
69.6167			-0.0467442
69.65			-0.0467418
69.6833			-0.0467393
69.7167			-0.0467369
69.75			-0.0467345
69.7833			-0.0467321
69.8167			-0.0467296
69.85			-0.0467272
69.8833			-0.0467248
69.9167			-0.0467224
69.95			-0.0467199
69.9833			-0.0467175
70.0167			-0.0467151
70.05			-0.0467127
70.0833			-0.0467103
70.1167			-0.0467079
70.15			-0.0467055
70.1833			-0.0467031
70.2167			-0.0467007
70.25			-0.0466983
70.2833			-0.0466959
70.3167			-0.0466935
70.35			-0.0466911
70.3833			-0.0466887
70.4167			-0.0466863
70.45			-0.046684
70.4833			-0.0466816
70.5167			-0.0466792
70.55			-0.0466768
70.5833			-0.0466745
70.6167			-0.0466721
70.65			-0.0466697
70.6833			-0.0466673
70.7167			-0.046665
70.75			-0.0466626
70.7833			-0.0466603
70.8167			-0.0466579
70.85			-0.0466555
70.8833			-0.0466532
70.9167			-0.0466508
70.95			-0.0466485
70.9833			-0.0466461
71.0167			-0.0466438
71.05			-0.0466415
71.0833			-0.0466391
71.1167			-0.0466368
71.15			-0.0466344
71.1833			-0.0466321
71.2167			-0.0466298
71.25			-0.0466274
71.2833			-0.0466251
71.3167			-0.0466228
71.35			-0.0466205
71.3833			-0.0466181
71.4167			-0.0466158
71.45			-0.0466135
71.4833			-0.0466112
71.5167			-0.0466089
71.55			-0.0466066
71.5833			-0.0466043
71.6167			-0.046602
71.65			-0.0465997
71.6833			-0.0465974
71.7167			-0.0465951
71.75			-0.0465928
71.7833			-0.0465905
71.8167			-0.0465882
71.85			-0.0465859
71.8833			-0.0465836
71.9167			-0.0465813
71.95			-0.046579
71.9833			-0.0465767
72.0167			-0.0465745
72.05			-0.0465722
72.0833			-0.0465699
72.1167			-0.0465676
72.15			-0.0465654
72.1833			-0.0465631
72.2167			-0.0465608
72.25			-0.0465586
72.2833			-0.0465563
72.3167			-0.046554
72.35			-0.0465518
72.3833			-0.0465495
72.4167			-0.0465473
72.45			-0.046545
72.4833			-0.0465428
72.5167			-0.0465405
72.55			-0.0465383
72.5833			-0.046536
72.6167			-0.0465338
72.65			-0.0465315
72.6833			-0.0465293
72.7167			-0.0465271
72.75			-0.0465248
72.7833			-0.0465226
72.8167			-0.0465204
72.85			-0.0465181
72.8833			-0.0465159
72.9167			-0.0465137
72.95			-0.0465115
72.9833			-0.0465092
73.0167			-0.046507
73.05			-0.0465048
73.0833			-0.0465026
73.1167			-0.0465004
73.15			-0.0464982
73.1833			-0.046496
73.2167			-0.0464938
73.25			-0.0464916
73.2833			-0.0464894
73.3167			-0.0464872
73.35			-0.046485
73.3833			-0.0464828
73.4167			-0.0464806
73.45			-0.0464784
73.4833			-0.0464762
73.5167			-0.046474
73.55			-0.0464718
73.5833			-0.0464696
73.6167			-0.0464674
73.65			-0.0464653
73.6833			-0.0464631
73.7167			-0.0464609
73.75			-0.0464587
73.7833			-0.0464566
73.8167			-0.0464544
73.85			-0.0464522
73.8833			-0.0464501
73.9167			-0.0464479
73.95			-0.0464457
73.9833			-0.0464436
74.0167			-0.0464414
74.05			-0.0464393
74.0833			-0.0464371
74.1167			-0.046435
74.15			-0.0464328
74.1833			-0.0464307
74.2167			-0.0464285
74.25			-0.0464264
74.2833			-0.0464242
74.3167			-0.0464221
74.35			-0.0464199
74.3833			-0.0464178
74.4167			-0.0464157
74.45			-0.0464135
74.4833			-0.0464114
74.5167			-0.0464093
74.55			-0.0464072
74.5833			-0.046405
74.6167			-0.0464029
74.65			-0.0464008
74.6833			-0.0463987
74.7167			-0.0463965
74.75			-0.0463944
74.7833			-0.0463923
74.8167			-0.0463902
74.85			-0.0463881
74.8833			-0.046386
74.9167			-0.0463839
74.95			-0.0463818
74.9833			-0.0463797
75.0167			-0.0463776
75.05			-0.0463755
75.0833			-0.0463734
75.1167			-0.0463713
75.15			-0.0463692
75.1833			-0.0463671
75.2167			-0.046365
75.25			-0.0463629
75.2833			-0.0463608
75.3167			-0.0463587
75.35			-0.0463567
75.3833			-0.0463546
75.4167			-0.0463525
75.45			-0.0463504
75.4833			-0.0463484
75.5167			-0.0463463
75.55			-0.0463442
75.5833			-0.0463421
75.6167			-0.0463401
75.65			-0.046338
75.6833			-0.0463359
75.7167			-0.0463339
75.75			-0.0463318
75.7833			-0.0463298
75.8167			-0.0463277
75.85			-0.0463257
75.8833			-0.0463236
75.9167			-0.0463216
75.95			-0.0463195
75.9833			-0.0463175
76.0167			-0.0463154
76.05			-0.0463134
76.0833			-0.0463113
76.1167			-0.0463093
76.15			-0.0463072
76.1833			-0.0463052
76.2167			-0.0463032
76.25			-0.0463011
76.2833			-0.0462991
76.3167			-0.0462971
76.35			-0.046295
76.3833			-0.046293
76.4167			-0.046291
76.45			-0.046289
76.4833			-0.046287
76.5167			-0.0462849
76.55			-0.0462829
76.5833			-0.0462809
76.6167			-0.0462789
76.65			-0.0462769
76.6833			-0.0462749
76.7167			-0.0462729
76.75			-0.0462709
76.7833			-0.0462688
76.8167			-0.0462668
76.85			-0.0462648
76.8833			-0.0462628
76.9167			-0.0462608
76.95			-0.0462588
76.9833			-0.0462569
77.0167			-0.0462549
77.05			-0.0462529
77.0833			-0.0462509
77.1167			-0.0462489
77.15			-0.0462469
77.1833			-0.0462449
77.2167			-0.0462429
77.25			-0.046241
77.2833			-0.046239
77.3167			-0.046237
77.35			-0.046235
77.3833			-0.0462331
77.4167			-0.0462311
77.45			-0.0462291
77.4833			-0.0462271
77.5167			-0.0462252
77.55			-0.0462232
77.5833			-0.0462212
77.6167			-0.0462193
77.65			-0.0462173
77.6833			-0.0462154
77.7167			-0.0462134
77.75			-0.0462115
77.7833			-0.0462095
77.8167			-0.0462076
77.85			-0.0462056
77.8833			-0.0462037
77.9167			-0.0462017
77.95			-0.0461998
77.9833			-0.0461978
78.0167			-0.0461959
78.05			-0.0461939
78.0833			-0.046192
78.1167			-0.0461901
78.15			-0.0461881
78.1833			-0.0461862
78.2167			-0.0461843
78.25			-0.0461823
78.2833			-0.0461804
78.3167			-0.0461785
78.35			-0.0461765
78.3833			-0.0461746
78.4167			-0.0461727
78.45			-0.0461708
78.4833			-0.0461689
78.5167			-0.0461669
78.55			-0.046165
78.5833			-0.0461631
78.6167			-0.0461612
78.65			-0.0461593
78.6833			-0.0461574
78.7167			-0.0461555
78.75			-0.0461536
78.7833			-0.0461517
78.8167			-0.0461498
78.85			-0.0461479
78.8833			-0.046146
78.9167			-0.0461441
78.95			-0.0461422
78.9833			-0.0461403
79.0167			-0.0461384
79.05			-0.0461365
79.0833			-0.0461346
79.1167			-0.0461327
79.15			-0.0461308
79.1833			-0.0461289
79.2167			-0.0461271
79.25			-0.0461252
79.2833			-0.0461233
79.3167			-0.0461214
79.35			-0.0461195
79.3833			-0.0461177
79.4167			-0.0461158
79.45			-0.0461139
79.4833			-0.0461121
79.5167			-0.0461102
79.55			-0.0461083
79.5833			-0.0461064
79.6167			-0.0461046
79.65			-0.0461027
79.6833			-0.0461009
79.7167			-0.046099
79.75			-0.0460971
79.7833			-0.0460953
79.8167			-0.0460934
79.85			-0.0460916
79.8833			-0.0460897
79.9167			-0.0460879
79.95			-0.046086
79.9833			-0.0460842
80.0167			-0.0460823
80.05			-0.0460805
80.0833			-0.0460786
80.1167			-0.0460768
80.15			-0.046075
80.1833			-0.0460731
80.2167			-0.0460713
80.25			-0.0460695
80.2833			-0.0460676
80.3167			-0.0460658
80.35			-0.046064
80.3833			-0.0460621
80.4167			-0.0460603
80.45			-0.0460585
80.4833			-0.0460567
80.5167			-0.0460548
80.55			-0.046053
80.5833			-0.0460512
80.6167			-0.0460494
80.65			-0.0460476
80.6833			-0.0460457
80.7167			-0.0460439
80.75			-0.0460421
80.7833			-0.0460403
80.8167			-0.0460385
80.85			-0.0460367
80.8833			-0.0460349
80.9167			-0.0460331
80.95			-0.0460313
80.9833			-0.0460295
81.0167			-0.0460277
81.05			-0.0460259
81.0833			-0.0460241
81.1167			-0.0460223
81.15			-0.0460205
81.1833			-0.0460187
81.2167			-0.0460169
81.25			-0.0460151
81.2833			-0.0460133
81.3167			-0.0460115
81.35			-0.0460097
81.3833			-0.046008
81.4167			-0.0460062
81.45			-0.0460044
81.4833			-0.0460026
81.5167			-0.0460008
81.55			-0.0459991
81.5833			-0.0459973
81.6167			-0.0459955
81.65			-0.0459937
81.6833			-0.045992
81.7167			-0.0459902
81.75			-0.0459884
81.7833			-0.0459867
81.8167			-0.0459849
81.85			-0.0459831
81.8833			-0.0459814
81.9167			-0.0459796
81.95			-0.0459779
81.9833			-0.0459761
82.0167			-0.0459743
82.05			-0.0459726
82.0833			-0.0459708
82.1167			-0.0459691
82.15			-0.0459673
82.1833			-0.0459656
82.2167			-0.0459638
82.25			-0.0459621
82.2833			-0.0459603
82.3167			-0.0459586
82.35			-0.0459569
82.3833			-0.0459551
82.4167			-0.0459534
82.45			-0.0459516
82.4833			-0.0459499
82.5167			-0.0459482
82.55			-0.0459464
82.5833			-0.0459447
82.6167			-0.045943
82.65			-0.0459412
82.6833			-0.0459395
82.7167			-0.0459378
82.75			-0.0459361
82.7833			-0.0459343
82.8167			-0.0459326
82.85			-0.0459309
82.8833			-0.0459292
82.9167			-0.0459275
82.95			-0.0459257
82.9833			-0.045924
83.0167			-0.0459223
83.05			-0.0459206
83.0833			-0.0459189
83.1167			-0.0459172
83.15			-0.0459155
83.1833			-0.0459138
83.2167			-0.0459121
83.25			-0.0459103
83.2833			-0.0459086
83.3167			-0.0459069
83.35			-0.0459052
83.3833			-0.0459035
83.4167			-0.0459018
83.45			-0.0459001
83.4833			-0.0458985
83.5167			-0.0458968
83.55			-0.0458951
83.5833			-0.0458934
83.6167			-0.0458917
83.65			-0.04589
83.6833			-0.0458883
83.7167			-0.0458866
83.75			-0.0458849
83.7833			-0.0458833
83.8167			-0.0458816
83.85			-0.0458799
83.8833			-0.0458782
83.9167			-0.0458765
83.95			-0.0458749
83.9833			-0.0458732
84.0167			-0.0458715
84.05			-0.0458698
84.0833			-0.0458682
84.1167			-0.0458665
84.15			-0.0458648
84.1833			-0.0458632
84.2167			-0.0458615
84.25			-0.0458598
84.2833			-0.0458582
84.3167			-0.0458565
84.35			-0.0458549
84.3833			-0.0458532
84.4167			-0.0458515
84.45			-0.0458499
84.4833			-0.0458482
84.5167			-0.0458466
84.55			-0.0458449
84.5833			-0.0458433
84.6167			-0.0458416
84.65			-0.04584
84.6833			-0.0458383
84.7167			-0.0458367
84.75			-0.045835
84.7833			-0.0458334
84.8167			-0.0458317
84.85			-0.0458301
84.8833			-0.0458285
84.9167			-0.0458268
84.95			-0.0458252
84.9833			-0.0458236
85.0167			-0.0458219
85.05			-0.0458203
85.0833			-0.0458187
85.1167			-0.045817
85.15			-0.0458154
85.1833			-0.0458138
85.2167			-0.0458121
85.25			-0.0458105
85.2833			-0.0458089
85.3167			-0.0458073
85.35			-0.0458056
85.3833			-0.045804
85.4167			-0.0458024
85.45			-0.0458008
85.4833			-0.0457992
85.5167			-0.0457976
85.55			-0.0457959
85.5833			-0.0457943
85.6167			-0.0457927
85.65			-0.0457911
85.6833			-0.0457895
85.7167			-0.0457879
85.75			-0.0457863
85.7833			-0.0457847
85.8167			-0.0457831
85.85			-0.0457815
85.8833			-0.0457799
85.9167			-0.0457783
85.95			-0.0457767
85.9833			-0.0457751
86.0167			-0.0457735
86.05			-0.0457719
86.0833			-0.0457703
86.1167			-0.0457687
86.15			-0.0457671
86.1833			-0.0457655
86.2167			-0.0457639
86.25			-0.0457623
86.2833			-0.0457607
86.3167			-0.0457592
86.35			-0.0457576
86.3833			-0.045756
86.4167			-0.0457544
86.45			-0.0457528
86.4833			-0.0457513
86.5167			-0.0457497
86.55			-0.0457481
86.5833			-0.0457465
86.6167			-0.045745
86.65			-0.0457434
86.6833			-0.0457418
86.7167			-0.0457402
86.75			-0.0457387
86.7833			-0.0457371
86.8167			-0.0457355
86.85			-0.045734
86.8833			-0.0457324
86.9167			-0.0457308
86.95			-0.0457293
86.9833			-0.0457277
87.0167			-0.0457262
87.05			-0.0457246
87.0833			-0.045723
87.1167			-0.0457215
87.15			-0.0457199
87.1833			-0.0457184
87.2167			-0.0457168
87.25			-0.0457153
87.2833			-0.0457137
87.3167			-0.0457122
87.35			-0.0457106
87.3833			-0.0457091
87.4167			-0.0457075
87.45			-0.045706
87.4833			-0.0457044
87.5167			-0.0457029
87.55			-0.0457014
87.5833			-0.0456998
87.6167			-0.0456983
87.65			-0.0456967
87.6833			-0.0456952
87.7167			-0.0456937
87.75			-0.0456921
87.7833			-0.0456906
87.8167			-0.0456891
87.85			-0.0456875
87.8833			-0.045686
87.9167			-0.0456845
87.95			-0.045683
87.9833			-0.0456814
88.0167			-0.0456799
88.05			-0.0456784
88.0833			-0.0456769
88.1167			-0.0456753
88.15			-0.0456738
88.1833			-0.0456723
88.2167			-0.0456708
88.25			-0.0456693
88.2833			-0.0456678
88.3167			-0.0456662
88.35			-0.0456647
88.3833			-0.0456632
88.4167			-0.0456617
88.45			-0.0456602
88.4833			-0.0456587
88.5167			-0.0456572
88.55			-0.0456557
88.5833			-0.0456542
88.6167			-0.0456527
88.65			-0.0456512
88.6833			-0.0456497
88.7167			-0.0456482
88.75			-0.0456467
88.7833			-0.0456452
88.8167			-0.0456437
88.85			-0.0456422
88.8833			-0.0456407
88.9167			-0.0456392
88.95			-0.0456377
88.9833			-0.0456362
89.0167			-0.0456347
89.05			-0.0456332
89.0833			-0.0456317
89.1167			-0.0456302
89.15			-0.0456288
89.1833			-0.0456273
89.2167			-0.0456258
89.25			-0.0456243
89.2833			-0.0456228
89.3167			-0.0456213
89.35			-0.0456199
89.3833			-0.0456184
89.4167			-0.0456169
89.45			-0.0456154
89.4833			-0.045614
89.5167			-0.0456125
89.55			-0.045611
89.5833			-0.0456095
89.6167			-0.0456081
89.65			-0.0456066
89.6833			-0.0456051
89.7167			-0.0456037
89.75			-0.0456022
89.7833			-0.0456007
89.8167			-0.0455993
89.85			-0.0455978
89.8833			-0.0455963
89.9167			-0.0455949
89.95			-0.0455934
89.9833			-0.045592
90.0167			-0.0455905
90.05			-0.045589
90.0833			-0.0455876
90.1167			-0.0455861
90.15			-0.0455847
90.1833			-0.0455832
90.2167			-0.0455818
90.25			-0.0455803
90.2833			-0.0455789
90.3167			-0.0455774
90.35			-0.045576
90.3833			-0.0455745
90.4167			-0.0455731
90.45			-0.0455717
90.4833			-0.0455702
90.5167			-0.0455688
90.55			-0.0455673
90.5833			-0.0455659
90.6167			-0.0455645
90.65			-0.045563
90.6833			-0.0455616
90.7167			-0.0455601
90.75			-0.0455587
90.7833			-0.0455573
90.8167			-0.0455559
90.85			-0.0455544
90.8833			-0.045553
90.9167			-0.0455516
90.95			-0.0455501
90.9833			-0.0455487
91.0167			-0.0455473
91.05			-0.0455459
91.0833			-0.0455444
91.1167			-0.045543
91.15			-0.0455416
91.1833			-0.0455402
91.2167			-0.0455388
91.25			-0.0455373
91.2833			-0.0455359
91.3167			-0.0455345
91.35			-0.0455331
91.3833			-0.0455317
91.4167			-0.0455303
91.45			-0.0455288
91.4833			-0.0455274
91.5167			-0.045526
91.55			-0.0455246
91.5833			-0.0455232
91.6167			-0.0455218
91.65			-0.0455204
91.6833			-0.045519
91.7167			-0.0455176
91.75			-0.0455162
91.7833			-0.0455148
91.8167			-0.0455134
91.85			-0.045512
91.8833			-0.0455106
91.9167			-0.0455092
91.95			-0.0455078
91.9833			-0.0455064
92.0167			-0.045505
92.05			-0.0455036
92.0833			-0.0455022
92.1167			-0.0455008
92.15			-0.0454994
92.1833			-0.045498
92.2167			-0.0454967
92.25			-0.0454953
92.2833			-0.0454939
92.3167			-0.0454925
92.35			-0.0454911
92.3833			-0.0454897
92.4167			-0.0454883
92.45			-0.045487
92.4833			-0.0454856
92.5167			-0.0454842
92.55			-0.0454828
92.5833			-0.0454814
92.6167			-0.0454801
92.65			-0.0454787
92.6833			-0.0454773
92.7167			-0.0454759
92.75			-0.0454746
92.7833			-0.0454732
92.8167			-0.0454718
92.85			-0.0454705
92.8833			-0.0454691
92.9167			-0.0454677
92.95			-0.0454664
92.9833			-0.045465
93.0167			-0.0454636
93.05			-0.0454623
93.0833			-0.0454609
93.1167			-0.0454595
93.15			-0.0454582
93.1833			-0.0454568
93.2167			-0.0454555
93.25			-0.0454541
93.2833			-0.0454527
93.3167			-0.0454514
93.35			-0.04545
93.3833			-0.0454487
93.4167			-0.0454473
93.45			-0.045446
93.4833			-0.0454446
93.5167			-0.0454433
93.55			-0.0454419
93.5833			-0.0454406
93.6167			-0.0454392
93.65			-0.0454379
93.6833			-0.0454365
93.7167			-0.0454352
93.75			-0.0454339
93.7833			-0.0454325
93.8167			-0.0454312
93.85			-0.0454298
93.8833			-0.0454285
93.9167			-0.0454272
93.95			-0.0454258
93.9833			-0.0454245
94.0167			-0.0454231
94.05			-0.0454218
94.0833			-0.0454205
94.1167			-0.0454191
94.15			-0.0454178
94.1833			-0.0454165
94.2167			-0.0454151
94.25			-0.0454138
94.2833			-0.0454125
94.3167			-0.0454112
94.35			-0.0454098
94.3833			-0.0454085
94.4167			-0.0454072
94.45			-0.0454059
94.4833			-0.0454045
94.5167			-0.0454032
94.55			-0.0454019
94.5833			-0.0454006
94.6167			-0.0453993
94.65			-0.0453979
94.6833			-0.0453966
94.7167			-0.0453953
94.75			-0.045394
94.7833			-0.0453927
94.8167			-0.0453914
94.85			-0.0453901
94.8833			-0.0453887
94.9167			-0.0453874
94.95			-0.0453861
94.9833			-0.0453848
95.0167			-0.0453835
95.05			-0.0453822
95.0833			-0.0453809
95.1167			-0.0453796
95.15			-0.0453783
95.1833			-0.045377
95.2167			-0.0453757
95.25			-0.0453744
95.2833			-0.0453731
95.3167			-0.0453718
95.35			-0.0453705
95.3833			-0.0453692
95.4167			-0.0453679
95.45			-0.0453666
95.4833			-0.0453653
95.5167			-0.045364
95.55			-0.0453627
95.5833			-0.0453614
95.6167			-0.0453601
95.65			-0.0453588
95.6833			-0.0453575
95.7167			-0.0453563
95.75			-0.045355
95.7833			-0.0453537
95.8167			-0.0453524
95.85			-0.0453511
95.8833			-0.0453498
95.9167			-0.0453485
95.95			-0.0453473
95.9833			-0.045346
96.0167			-0.0453447
96.05			-0.0453434
96.0833			-0.0453421
96.1167			-0.0453409
96.15			-0.0453396
96.1833			-0.0453383
96.2167			-0.045337
96.25			-0.0453358
96.2833			-0.0453345
96.3167			-0.0453332
96.35			-0.0453319
96.3833			-0.0453307
96.4167			-0.0453294
96.45			-0.0453281
96.4833			-0.0453269
96.5167			-0.0453256
96.55			-0.0453243
96.5833			-0.0453231
96.6167			-0.0453218
96.65			-0.0453205
96.6833			-0.0453193
96.7167			-0.045318
96.75			-0.0453168
96.7833			-0.0453155
96.8167			-0.0453142
96.85			-0.045313
96.8833			-0.0453117
96.9167			-0.0453105
96.95			-0.0453092
96.9833			-0.045308
97.0167			-0.0453067
97.05			-0.0453054
97.0833			-0.0453042
97.1167			-0.0453029
97.15			-0.0453017
97.1833			-0.0453004
97.2167			-0.0452992
97.25			-0.0452979
97.2833			-0.0452967
97.3167			-0.0452955
97.35			-0.0452942
97.3833			-0.045293
97.4167			-0.0452917
97.45			-0.0452905
97.4833			-0.0452892
97.5167			-0.045288
97.55			-0.0452867
97.5833			-0.0452855
97.6167			-0.0452843
97.65			-0.045283
97.6833			-0.0452818
97.7167			-0.0452806
97.75			-0.0452793
97.7833			-0.0452781
97.8167			-0.0452769
97.85			-0.0452756
97.8833			-0.0452744
97.9167			-0.0452732
97.95			-0.0452719
97.9833			-0.0452707
98.0167			-0.0452695
98.05			-0.0452682
98.0833			-0.045267
98.1167			-0.0452658
98.15			-0.0452646
98.1833			-0.0452633
98.2167			-0.0452621
98.25			-0.0452609
98.2833			-0.0452597
98.3167			-0.0452585
98.35			-0.0452572
98.3833			-0.045256
98.4167			-0.0452548
98.45			-0.0452536
98.4833			-0.0452524
98.5167			-0.0452511
98.55			-0.0452499
98.5833			-0.0452487
98.6167			-0.0452475
98.65			-0.0452463
98.6833			-0.0452451
98.7167			-0.0452439
98.75			-0.0452427
98.7833			-0.0452414
98.8167			-0.0452402
98.85			-0.045239
98.8833			-0.0452378
98.9167			-0.0452366
98.95			-0.0452354
98.9833			-0.0452342
99.0167			-0.045233
99.05			-0.0452318
99.0833			-0.0452306
99.1167			-0.0452294
99.15			-0.0452282
99.1833			-0.045227
99.2167			-0.0452258
99.25			-0.0452246
99.2833			-0.0452234
99.3167			-0.0452222
99.35			-0.045221
99.3833			-0.0452198
99.4167			-0.0452186
99.45			-0.0452174
99.4833			-0.0452162
99.5167			-0.045215
99.55			-0.0452138
99.5833			-0.0452127
99.6167			-0.0452115
99.65			-0.0452103
99.6833			-0.0452091
99.7167			-0.0452079
99.75			-0.0452067
99.7833			-0.0452055
99.8167			-0.0452043
99.85			-0.0452032
99.8833			-0.045202
99.9167			-0.0452008
99.95			-0.0451996
99.9833			-0.0451984
