t			Re(<psi(t)|phiT>)			Im(<psi(t)|phiT>)
0			0.619678			0			0.619678
0.05			0.619824			-0.0221436			0.620219
0.1			0.620262			-0.0443454			0.621845
0.15			0.620988			-0.0666632			0.624556
0.2			0.621996			-0.0891539			0.628353
0.25			0.623278			-0.111873			0.633239
0.3			0.624823			-0.134875			0.639215
0.35			0.626619			-0.158211			0.646283
0.4			0.628649			-0.18193			0.654445
0.45			0.630899			-0.206078			0.663703
0.5			0.633348			-0.2307			0.674057
0.55			0.635978			-0.255833			0.685506
0.6			0.638765			-0.281513			0.698047
0.65			0.641686			-0.307771			0.711677
0.7			0.644718			-0.334634			0.726389
0.75			0.647834			-0.362124			0.742174
0.8			0.651009			-0.390258			0.759021
0.85			0.654215			-0.419046			0.776915
0.9			0.657427			-0.448496			0.795838
0.95			0.660616			-0.478609			0.815769
1			0.663755			-0.509379			0.836683
1.05			0.666818			-0.540797			0.85855
1.1			0.669779			-0.572847			0.881338
1.15			0.672611			-0.605507			0.905011
1.2			0.675291			-0.63875			0.929527
1.25			0.677796			-0.672545			0.954842
1.3			0.680102			-0.706851			0.980906
1.35			0.68219			-0.741628			1.00767
1.4			0.684041			-0.776825			1.03507
1.45			0.685639			-0.81239			1.06305
1.5			0.686969			-0.848263			1.09155
1.55			0.688019			-0.884383			1.12049
1.6			0.688779			-0.920682			1.14981
1.65			0.689241			-0.957089			1.17944
1.7			0.6894			-0.993528			1.20929
1.75			0.689255			-1.02992			1.23928
1.8			0.688805			-1.06619			1.26933
1.85			0.688054			-1.10224			1.29936
1.9			0.687009			-1.13799			1.32928
1.95			0.685676			-1.17335			1.35901
2			0.684069			-1.20823			1.38844
2.05			0.682201			-1.24253			1.41749
2.1			0.680089			-1.27616			1.44607
2.15			0.677752			-1.30903			1.47408
2.2			0.675212			-1.34104			1.50143
2.25			0.672493			-1.37209			1.52803
2.3			0.669621			-1.40209			1.55379
2.35			0.666624			-1.43095			1.57861
2.4			0.663532			-1.45856			1.6024
2.45			0.660376			-1.48484			1.62507
2.5			0.65719			-1.50969			1.64653
2.55			0.654008			-1.53304			1.66671
2.6			0.650864			-1.55478			1.68551
2.65			0.647795			-1.57483			1.70286
2.7			0.644837			-1.59312			1.71868
2.75			0.642027			-1.60957			1.7329
2.8			0.639401			-1.62411			1.74544
2.85			0.636996			-1.63665			1.75624
2.9			0.634847			-1.64714			1.76525
2.95			0.632989			-1.65552			1.77241
3			0.631456			-1.66173			1.77766
3.05			0.630281			-1.66571			1.78097
3.1			0.629496			-1.66742			1.78229
3.15			0.629128			-1.66683			1.7816
3.2			0.629207			-1.66388			1.77887
3.25			0.629757			-1.65855			1.77409
3.3			0.6308			-1.65083			1.76724
3.35			0.632358			-1.64068			1.75832
3.4			0.634448			-1.62809			1.74734
3.45			0.637085			-1.61306			1.73432
3.5			0.64028			-1.59559			1.71927
3.55			0.644043			-1.57569			1.70223
3.6			0.648378			-1.55335			1.68324
3.65			0.653288			-1.52861			1.66236
3.7			0.658773			-1.50149			1.63965
3.75			0.664827			-1.47201			1.61518
3.8			0.671443			-1.4402			1.58903
3.85			0.67861			-1.40613			1.56131
3.9			0.686314			-1.36981			1.53213
3.95			0.694538			-1.33132			1.5016
4			0.703261			-1.29071			1.46987
4.05			0.71246			-1.24804			1.43708
4.1			0.722108			-1.20338			1.40341
4.15			0.732176			-1.15681			1.36904
4.2			0.742633			-1.10839			1.33418
4.25			0.753444			-1.05821			1.29903
4.3			0.764573			-1.00636			1.26385
4.35			0.775982			-0.952916			1.2289
4.4			0.787631			-0.897983			1.19446
4.45			0.799477			-0.841651			1.16084
4.5			0.811479			-0.784019			1.12835
4.55			0.823591			-0.725186			1.09736
4.6			0.835769			-0.665255			1.06821
4.65			0.847967			-0.60433			1.04128
4.7			0.860139			-0.542516			1.01694
4.75			0.872239			-0.47992			0.995552
4.8			0.884221			-0.41665			0.977469
4.85			0.896041			-0.352814			0.962999
4.9			0.907652			-0.288521			0.952406
4.95			0.919013			-0.223877			0.945888
5			0.930079			-0.158991			0.94357
5.05			0.94081			-0.0939707			0.945491
5.1			0.951167			-0.0289214			0.951606
5.15			0.961111			0.0360515			0.961787
5.2			0.970608			0.100845			0.975833
5.25			0.979624			0.165356			0.993482
5.3			0.988129			0.229485			1.01443
5.35			0.996094			0.293135			1.03833
5.4			1.00349			0.356209			1.06484
5.45			1.0103			0.418615			1.0936
5.5			1.01651			0.480261			1.12425
5.55			1.02209			0.54106			1.15647
5.6			1.02703			0.600928			1.18992
5.65			1.03133			0.659782			1.22432
5.7			1.03497			0.717544			1.25938
5.75			1.03796			0.774138			1.29485
5.8			1.04028			0.829493			1.33051
5.85			1.04195			0.88354			1.36613
5.9			1.04298			0.936214			1.40153
5.95			1.04336			0.987454			1.43655
6			1.04312			1.0372			1.47101
6.05			1.04226			1.08541			1.5048
6.1			1.04082			1.13201			1.53778
6.15			1.03879			1.17698			1.56983
6.2			1.03623			1.22026			1.60088
6.25			1.03313			1.26183			1.63082
6.3			1.02955			1.30163			1.65958
6.35			1.0255			1.33965			1.6871
6.4			1.02102			1.37585			1.71331
6.45			1.01613			1.41022			1.73818
6.5			1.01089			1.44274			1.76165
6.55			1.00532			1.47339			1.78369
6.6			0.999465			1.50216			1.80428
6.65			0.993356			1.52905			1.82339
6.7			0.987036			1.55405			1.841
6.75			0.980542			1.57716			1.85712
6.8			0.973915			1.59839			1.87173
6.85			0.967191			1.61776			1.88483
6.9			0.96041			1.63526			1.89644
6.95			0.953608			1.65093			1.90655
7			0.946822			1.66477			1.91519
7.05			0.940087			1.67682			1.92237
7.1			0.933436			1.6871			1.92811
7.15			0.926902			1.69565			1.93245
7.2			0.920513			1.70249			1.93541
7.25			0.914297			1.70766			1.93702
7.3			0.908281			1.71121			1.93732
7.35			0.902487			1.71318			1.93635
7.4			0.896935			1.71361			1.93415
7.45			0.891644			1.71255			1.93076
7.5			0.886627			1.71005			1.92623
7.55			0.881896			1.70616			1.92061
7.6			0.87746			1.70094			1.91394
7.65			0.873325			1.69445			1.90627
7.7			0.869493			1.68673			1.89765
7.75			0.865962			1.67784			1.88813
7.8			0.862729			1.66785			1.87778
7.85			0.859786			1.65682			1.86662
7.9			0.857123			1.64479			1.85472
7.95			0.854725			1.63184			1.84213
8			0.852577			1.61801			1.82889
8.05			0.850658			1.60336			1.81505
8.1			0.848946			1.58796			1.80065
8.15			0.847415			1.57186			1.78574
8.2			0.846038			1.55511			1.77035
8.25			0.844784			1.53776			1.75453
8.3			0.84362			1.51987			1.7383
8.35			0.842512			1.50148			1.7217
8.4			0.841424			1.48263			1.70476
8.45			0.840318			1.46338			1.68749
8.5			0.839153			1.44376			1.66992
8.55			0.83789			1.42381			1.65206
8.6			0.836487			1.40356			1.63392
8.65			0.834902			1.38304			1.61551
8.7			0.833093			1.36229			1.59684
8.75			0.831017			1.34133			1.5779
8.8			0.828632			1.32018			1.55868
8.85			0.825896			1.29885			1.5392
8.9			0.822768			1.27737			1.51942
8.95			0.819208			1.25575			1.49934
9			0.815176			1.234			1.47894
9.05			0.810636			1.21211			1.4582
9.1			0.805551			1.19011			1.4371
9.15			0.799888			1.16798			1.41563
9.2			0.793616			1.14573			1.39375
9.25			0.786705			1.12336			1.37144
9.3			0.779129			1.10085			1.34867
9.35			0.770864			1.07821			1.32543
9.4			0.761891			1.05542			1.30169
9.45			0.752191			1.03247			1.27742
9.5			0.74175			1.00936			1.2526
9.55			0.730559			0.986079			1.22722
9.6			0.718609			0.962607			1.20125
9.65			0.705898			0.938937			1.17469
9.7			0.692425			0.915059			1.14751
9.75			0.678196			0.890962			1.11972
9.8			0.663217			0.866638			1.09129
9.85			0.647501			0.842078			1.06224
9.9			0.631062			0.817277			1.03256
9.95			0.613921			0.792228			1.00226
10			0.5961			0.76693			0.971348
10.05			0.577626			0.74138			0.939839
10.1			0.558529			0.715582			0.907751
10.15			0.538842			0.689537			0.875107
10.2			0.518602			0.663253			0.841934
10.25			0.49785			0.636737			0.808263
10.3			0.476628			0.610003			0.774131
10.35			0.454982			0.583064			0.739576
10.4			0.432961			0.555937			0.704642
10.45			0.410614			0.528642			0.669377
10.5			0.387995			0.501201			0.633832
10.55			0.365159			0.47364			0.59806
10.6			0.342162			0.445986			0.56212
10.65			0.319061			0.41827			0.52607
10.7			0.295916			0.390523			0.489974
10.75			0.272786			0.36278			0.453896
10.8			0.24973			0.335078			0.417903
10.85			0.22681			0.307455			0.382062
10.9			0.204085			0.27995			0.346443
10.95			0.181615			0.252603			0.311115
11			0.15946			0.225457			0.276149
11.05			0.137676			0.198554			0.241616
11.1			0.116321			0.171937			0.207588
11.15			0.0954504			0.145648			0.174138
11.2			0.0751165			0.119732			0.141344
11.25			0.0553704			0.0942292			0.109293
11.3			0.0362608			0.0691832			0.07811
11.35			0.0178333			0.0446345			0.0480652
11.4			0.000130688			0.0206228			0.0206232
11.45			-0.0168075			-0.00281341			0.0170414
11.5			-0.0329453			-0.0256373			0.0417452
11.55			-0.0482502			-0.047814			0.0679284
11.6			-0.0626938			-0.0693106			0.0934583
11.65			-0.0762514			-0.0900964			0.118032
11.7			-0.0889027			-0.110143			0.141546
11.75			-0.100632			-0.129426			0.163944
11.8			-0.111427			-0.14792			0.185193
11.85			-0.121281			-0.165607			0.205267
11.9			-0.130191			-0.182468			0.224152
11.95			-0.138159			-0.198489			0.241839
12			-0.145193			-0.213659			0.258324
12.05			-0.151302			-0.227969			0.27361
12.1			-0.156504			-0.241413			0.287704
12.15			-0.160817			-0.253989			0.30062
12.2			-0.164267			-0.265695			0.312374
12.25			-0.166882			-0.276537			0.32299
12.3			-0.168696			-0.286518			0.332492
12.35			-0.169745			-0.295647			0.340912
12.4			-0.170071			-0.303936			0.348283
12.45			-0.169716			-0.311396			0.354642
12.5			-0.16873			-0.318044			0.36003
12.55			-0.167163			-0.323896			0.364489
12.6			-0.165068			-0.328972			0.368063
12.65			-0.162502			-0.333294			0.370799
12.7			-0.159522			-0.336883			0.372743
12.75			-0.156189			-0.339765			0.373945
12.8			-0.152565			-0.341964			0.374453
12.85			-0.148713			-0.343506			0.374316
12.9			-0.144695			-0.344421			0.37358
12.95			-0.140578			-0.344734			0.372295
13			-0.136424			-0.344476			0.370507
13.05			-0.132299			-0.343676			0.368261
13.1			-0.128267			-0.342362			0.365601
13.15			-0.124389			-0.340564			0.362569
13.2			-0.120727			-0.338312			0.359208
13.25			-0.117342			-0.335635			0.355556
13.3			-0.11429			-0.332562			0.351653
13.35			-0.111628			-0.329122			0.347538
13.4			-0.109408			-0.325343			0.343247
13.45			-0.107681			-0.321252			0.338819
13.5			-0.106491			-0.316876			0.334292
13.55			-0.105884			-0.312242			0.329706
13.6			-0.105898			-0.307374			0.325105
13.65			-0.106568			-0.302297			0.320531
13.7			-0.107926			-0.297034			0.316033
13.75			-0.109998			-0.291607			0.311664
13.8			-0.112807			-0.286039			0.30748
13.85			-0.11637			-0.280349			0.303542
13.9			-0.1207			-0.274558			0.299917
13.95			-0.125806			-0.268682			0.296677
14			-0.131689			-0.26274			0.293895
14.05			-0.13835			-0.256747			0.29165
14.1			-0.14578			-0.25072			0.290021
14.15			-0.153969			-0.244671			0.289086
14.2			-0.162901			-0.238615			0.288918
14.25			-0.172554			-0.232562			0.289586
14.3			-0.182903			-0.226525			0.291148
14.35			-0.193919			-0.220513			0.293651
14.4			-0.205567			-0.214536			0.297126
14.45			-0.21781			-0.208601			0.301589
14.5			-0.230606			-0.202717			0.30704
14.55			-0.24391			-0.196889			0.31346
14.6			-0.257672			-0.191122			0.320816
14.65			-0.271843			-0.185423			0.329059
14.7			-0.286367			-0.179793			0.338129
14.75			-0.301188			-0.174236			0.347955
14.8			-0.316248			-0.168753			0.358456
14.85			-0.331487			-0.163347			0.369548
14.9			-0.346843			-0.158016			0.381142
14.95			-0.362253			-0.152761			0.393145
15			-0.377655			-0.147579			0.405467
15.05			-0.392986			-0.142469			0.418014
15.1			-0.408182			-0.137426			0.430695
15.15			-0.423181			-0.132446			0.443423
15.2			-0.43792			-0.127525			0.45611
15.25			-0.45234			-0.122656			0.468674
15.3			-0.466381			-0.117831			0.481035
15.35			-0.479985			-0.113044			0.493118
15.4			-0.493099			-0.108284			0.504849
15.45			-0.50567			-0.103543			0.516162
15.5			-0.517647			-0.0988084			0.526993
15.55			-0.528984			-0.0940695			0.537283
15.6			-0.539638			-0.0893134			0.546979
15.65			-0.549569			-0.0845268			0.556031
15.7			-0.55874			-0.0796952			0.564395
15.75			-0.56712			-0.0748036			0.572032
15.8			-0.574681			-0.0698361			0.578909
15.85			-0.581399			-0.0647761			0.584996
15.9			-0.587253			-0.0596066			0.590271
15.95			-0.59223			-0.0543098			0.594715
16			-0.596318			-0.0488675			0.598317
16.05			-0.599512			-0.0432613			0.601071
16.1			-0.601809			-0.0374723			0.602975
16.15			-0.603213			-0.0314817			0.604034
16.2			-0.60373			-0.0252705			0.604259
16.25			-0.603373			-0.0188197			0.603666
16.3			-0.602157			-0.012111			0.602278
16.35			-0.600101			-0.00512592			0.600123
16.4			-0.597231			0.00215312			0.597235
16.45			-0.593573			0.00974316			0.593653
16.5			-0.589158			0.0176604			0.589423
16.55			-0.584022			0.0259199			0.584597
16.6			-0.578201			0.0345358			0.579232
16.65			-0.571736			0.0435207			0.57339
16.7			-0.564671			0.052886			0.567142
16.75			-0.55705			0.0626412			0.560561
16.8			-0.54892			0.0727941			0.553726
16.85			-0.540332			0.0833507			0.546723
16.9			-0.531334			0.0943149			0.53964
16.95			-0.521979			0.105688			0.532571
17			-0.512318			0.117471			0.525613
17.05			-0.502404			0.129659			0.518865
17.1			-0.49229			0.142247			0.512429
17.15			-0.482027			0.155228			0.506405
17.2			-0.471668			0.16859			0.500893
17.25			-0.461263			0.182322			0.495989
17.3			-0.450862			0.196406			0.491785
17.35			-0.440513			0.210824			0.488363
17.4			-0.430263			0.225555			0.485799
17.45			-0.420154			0.240575			0.484155
17.5			-0.410231			0.255858			0.48348
17.55			-0.400531			0.271374			0.483807
17.6			-0.391093			0.287092			0.485155
17.65			-0.381949			0.302977			0.487525
17.7			-0.373131			0.318995			0.490901
17.75			-0.364666			0.335106			0.495254
17.8			-0.356578			0.35127			0.500538
17.85			-0.348888			0.367445			0.506694
17.9			-0.341613			0.383587			0.513652
17.95			-0.334767			0.399651			0.521335
18			-0.32836			0.415589			0.529655
18.05			-0.322398			0.431355			0.538524
18.1			-0.316884			0.446899			0.547846
18.15			-0.311818			0.462173			0.557525
18.2			-0.307194			0.477125			0.567465
18.25			-0.303005			0.491706			0.57757
18.3			-0.29924			0.505866			0.587745
18.35			-0.295886			0.519553			0.5979
18.4			-0.292924			0.532719			0.607943
18.45			-0.290335			0.545315			0.617788
18.5			-0.288096			0.55729			0.627353
18.55			-0.286183			0.568599			0.636557
18.6			-0.284566			0.579194			0.645324
18.65			-0.283218			0.58903			0.653582
18.7			-0.282107			0.598064			0.66126
18.75			-0.281199			0.606254			0.668294
18.8			-0.280461			0.61356			0.674621
18.85			-0.279857			0.619943			0.680183
18.9			-0.27935			0.625367			0.684924
18.95			-0.278905			0.6298			0.688793
19			-0.278483			0.633208			0.691741
19.05			-0.278047			0.635564			0.693723
19.1			-0.27756			0.636841			0.694698
19.15			-0.276985			0.637015			0.694628
19.2			-0.276284			0.636065			0.693478
19.25			-0.275423			0.633974			0.691217
19.3			-0.274367			0.630725			0.687816
19.35			-0.27308			0.626306			0.683251
19.4			-0.271532			0.620708			0.677502
19.45			-0.269691			0.613925			0.67055
19.5			-0.267527			0.605952			0.662382
19.55			-0.265013			0.59679			0.652986
19.6			-0.262123			0.586441			0.642356
19.65			-0.258832			0.574911			0.630489
19.7			-0.255119			0.562208			0.617385
19.75			-0.250963			0.548345			0.603046
19.8			-0.246347			0.533336			0.587482
19.85			-0.241256			0.5172			0.570702
19.9			-0.235674			0.499957			0.55272
19.95			-0.229593			0.481632			0.533556
20			-0.223001			0.462252			0.513231
20.05			-0.215892			0.441847			0.49177
20.1			-0.208262			0.420449			0.469202
20.15			-0.200108			0.398097			0.44556
20.2			-0.191429			0.374827			0.42088
20.25			-0.182226			0.350683			0.395202
20.3			-0.172504			0.325709			0.36857
20.35			-0.162267			0.299952			0.34103
20.4			-0.151521			0.273463			0.312635
20.45			-0.140277			0.246295			0.283441
20.5			-0.128544			0.218503			0.25351
20.55			-0.116335			0.190145			0.22291
20.6			-0.103662			0.161283			0.191723
20.65			-0.09054			0.131977			0.160049
20.7			-0.0769858			0.102295			0.128028
20.75			-0.0630164			0.0723024			0.0959099
20.8			-0.0486502			0.0420689			0.0643167
20.85			-0.0339065			0.0116655			0.0358571
20.9			-0.0188058			-0.0188351			0.0266161
20.95			-0.00336931			-0.0493584			0.0494733
21			0.0123808			-0.0798288			0.0807831
21.05			0.0284216			-0.110169			0.113776
21.1			0.0447296			-0.140301			0.147259
21.15			0.0612805			-0.170147			0.180846
21.2			0.0780496			-0.199626			0.214341
21.25			0.0950113			-0.228658			0.247612
21.3			0.11214			-0.257164			0.28055
21.35			0.129409			-0.285062			0.313061
21.4			0.146792			-0.312273			0.345054
21.45			0.164261			-0.338718			0.376446
21.5			0.181789			-0.364317			0.407153
21.55			0.199347			-0.388992			0.437097
21.6			0.216908			-0.412667			0.466201
21.65			0.234443			-0.435266			0.494388
21.7			0.251922			-0.456716			0.521588
21.75			0.269317			-0.476945			0.54773
21.8			0.286597			-0.495883			0.572746
21.85			0.303733			-0.513463			0.596572
21.9			0.320694			-0.52962			0.619147
21.95			0.337451			-0.544294			0.640413
22			0.353972			-0.557424			0.660317
22.05			0.370228			-0.568956			0.678807
22.1			0.386186			-0.578837			0.695838
22.15			0.401815			-0.587018			0.711369
22.2			0.417086			-0.593456			0.725362
22.25			0.431966			-0.598108			0.737786
22.3			0.446424			-0.600938			0.748613
22.35			0.46043			-0.601914			0.757823
22.4			0.473952			-0.601006			0.7654
22.45			0.48696			-0.598189			0.771336
22.5			0.499423			-0.593444			0.775628
22.55			0.511312			-0.586755			0.778281
22.6			0.522597			-0.57811			0.779307
22.65			0.53325			-0.567502			0.778726
22.7			0.543241			-0.554927			0.776567
22.75			0.552545			-0.540388			0.772868
22.8			0.561133			-0.52389			0.767679
22.85			0.568981			-0.505442			0.761059
22.9			0.576065			-0.485058			0.753081
22.95			0.582361			-0.462755			0.743832
23			0.587848			-0.438555			0.733414
23.05			0.592506			-0.412482			0.721946
23.1			0.596317			-0.384566			0.709567
23.15			0.599264			-0.354838			0.696439
23.2			0.601333			-0.323333			0.682748
23.25			0.60251			-0.29009			0.668708
23.3			0.602786			-0.25515			0.654563
23.35			0.602153			-0.218556			0.64059
23.4			0.600605			-0.180356			0.6271
23.45			0.598139			-0.140598			0.614441
23.5			0.594754			-0.099334			0.602992
23.55			0.590452			-0.0566167			0.59316
23.6			0.58524			-0.0125017			0.585373
23.65			0.579123			0.0329538			0.58006
23.7			0.572114			0.0796908			0.577637
23.75			0.564225			0.127649			0.578485
23.8			0.555474			0.176767			0.582922
23.85			0.54588			0.226981			0.591189
23.9			0.535465			0.278226			0.603434
23.95			0.524255			0.330439			0.619704
