0.05			-0.428423
0.0833333			-0.427693
0.116667			-0.426203
0.15			-0.423968
0.183333			-0.420831
0.216667			-0.416626
0.25			-0.411255
0.283333			-0.404716
0.316667			-0.397089
0.35			-0.388518
0.383333			-0.379183
0.416667			-0.369278
0.45			-0.358992
0.483333			-0.348499
0.516667			-0.33795
0.55			-0.327467
0.583333			-0.317152
0.616667			-0.307078
0.65			-0.297303
0.683333			-0.287864
0.716667			-0.278786
0.75			-0.270081
0.783333			-0.261755
0.816667			-0.253806
0.85			-0.246226
0.883333			-0.239005
0.916667			-0.232132
0.95			-0.22559
0.983333			-0.219367
1.01667			-0.213445
1.05			-0.207809
1.08333			-0.202445
1.11667			-0.197338
1.15			-0.192472
1.18333			-0.187834
1.21667			-0.183411
1.25			-0.179191
1.28333			-0.175163
1.31667			-0.171314
1.35			-0.167634
1.38333			-0.164115
1.41667			-0.160746
1.45			-0.15752
1.48333			-0.154427
1.51667			-0.151462
1.55			-0.148616
1.58333			-0.145884
1.61667			-0.143258
1.65			-0.140734
1.68333			-0.138305
1.71667			-0.135968
1.75			-0.133717
1.78333			-0.131548
1.81667			-0.129456
1.85			-0.127438
1.88333			-0.12549
1.91667			-0.123609
1.95			-0.121792
1.98333			-0.120035
2.01667			-0.118335
2.05			-0.116691
2.08333			-0.115099
2.11667			-0.113557
2.15			-0.112064
2.18333			-0.110615
2.21667			-0.109211
2.25			-0.107848
2.28333			-0.106526
2.31667			-0.105242
2.35			-0.103994
2.38333			-0.102782
2.41667			-0.101604
2.45			-0.100458
2.48333			-0.0993435
2.51667			-0.098259
2.55			-0.0972032
2.58333			-0.0961751
2.61667			-0.0951737
2.65			-0.0941979
2.68333			-0.0932469
2.71667			-0.0923197
2.75			-0.0914153
2.78333			-0.0905332
2.81667			-0.0896723
2.85			-0.088832
2.88333			-0.0880116
2.91667			-0.0872104
2.95			-0.0864277
2.98333			-0.0856629
3.01667			-0.0849154
3.05			-0.0841847
3.08333			-0.0834701
3.11667			-0.0827712
3.15			-0.0820875
3.18333			-0.0814185
3.21667			-0.0807637
3.25			-0.0801227
3.28333			-0.0794951
3.31667			-0.0788804
3.35			-0.0782783
3.38333			-0.0776884
3.41667			-0.0771102
3.45			-0.0765436
3.48333			-0.0759881
3.51667			-0.0754435
3.55			-0.0749093
3.58333			-0.0743854
3.61667			-0.0738714
3.65			-0.073367
3.68333			-0.0728721
3.71667			-0.0723862
3.75			-0.0719093
3.78333			-0.071441
3.81667			-0.0709811
3.85			-0.0705294
3.88333			-0.0700857
3.91667			-0.0696497
3.95			-0.0692213
3.98333			-0.0688003
4.01667			-0.0683865
4.05			-0.0679797
4.08333			-0.0675797
4.11667			-0.0671864
4.15			-0.0667996
4.18333			-0.0664191
4.21667			-0.0660449
4.25			-0.0656766
4.28333			-0.0653143
4.31667			-0.0649577
4.35			-0.0646068
4.38333			-0.0642613
4.41667			-0.0639212
4.45			-0.0635863
4.48333			-0.0632566
4.51667			-0.0629319
4.55			-0.062612
4.58333			-0.062297
4.61667			-0.0619866
4.65			-0.0616808
4.68333			-0.0613795
4.71667			-0.0610826
4.75			-0.0607899
4.78333			-0.0605015
4.81667			-0.0602171
4.85			-0.0599368
4.88333			-0.0596604
4.91667			-0.0593879
4.95			-0.0591191
4.98333			-0.058854
5.01667			-0.0585926
5.05			-0.0583347
5.08333			-0.0580803
5.11667			-0.0578293
5.15			-0.0575816
5.18333			-0.0573372
5.21667			-0.057096
5.25			-0.056858
5.28333			-0.056623
5.31667			-0.0563911
5.35			-0.0561621
5.38333			-0.0559361
5.41667			-0.0557129
5.45			-0.0554925
5.48333			-0.0552749
5.51667			-0.0550599
5.55			-0.0548477
5.58333			-0.054638
5.61667			-0.0544309
5.65			-0.0542263
5.68333			-0.0540241
5.71667			-0.0538244
5.75			-0.0536271
5.78333			-0.053432
5.81667			-0.0532393
5.85			-0.0530489
5.88333			-0.0528606
5.91667			-0.0526746
5.95			-0.0524906
5.98333			-0.0523088
6.01667			-0.052129
6.05			-0.0519513
6.08333			-0.0517756
6.11667			-0.0516018
6.15			-0.05143
6.18333			-0.0512601
6.21667			-0.051092
6.25			-0.0509258
6.28333			-0.0507614
6.31667			-0.0505987
6.35			-0.0504379
6.38333			-0.0502787
6.41667			-0.0501212
6.45			-0.0499654
6.48333			-0.0498113
6.51667			-0.0496587
6.55			-0.0495078
6.58333			-0.0493584
6.61667			-0.0492106
6.65			-0.0490643
6.68333			-0.0489194
6.71667			-0.0487761
6.75			-0.0486342
6.78333			-0.0484937
6.81667			-0.0483547
6.85			-0.048217
6.88333			-0.0480807
6.91667			-0.0479457
6.95			-0.0478121
6.98333			-0.0476797
7.01667			-0.0475487
7.05			-0.0474189
7.08333			-0.0472904
7.11667			-0.0471631
7.15			-0.047037
7.18333			-0.0469122
7.21667			-0.0467885
7.25			-0.0466659
7.28333			-0.0465445
7.31667			-0.0464243
7.35			-0.0463051
7.38333			-0.0461871
7.41667			-0.0460702
7.45			-0.0459543
7.48333			-0.0458395
7.51667			-0.0457257
7.55			-0.0456129
7.58333			-0.0455012
7.61667			-0.0453904
7.65			-0.0452807
7.68333			-0.0451719
7.71667			-0.0450641
7.75			-0.0449572
7.78333			-0.0448513
7.81667			-0.0447463
7.85			-0.0446422
7.88333			-0.044539
7.91667			-0.0444367
7.95			-0.0443352
7.98333			-0.0442347
8.01667			-0.044135
8.05			-0.0440361
8.08333			-0.0439381
8.11667			-0.0438409
8.15			-0.0437445
8.18333			-0.0436489
8.21667			-0.0435541
8.25			-0.04346
8.28333			-0.0433668
8.31667			-0.0432743
8.35			-0.0431826
8.38333			-0.0430916
8.41667			-0.0430013
8.45			-0.0429118
8.48333			-0.042823
8.51667			-0.0427349
8.55			-0.0426475
8.58333			-0.0425608
8.61667			-0.0424748
8.65			-0.0423895
8.68333			-0.0423048
8.71667			-0.0422208
8.75			-0.0421375
8.78333			-0.0420548
8.81667			-0.0419727
8.85			-0.0418912
8.88333			-0.0418104
8.91667			-0.0417302
8.95			-0.0416506
8.98333			-0.0415717
9.01667			-0.0414933
9.05			-0.0414155
9.08333			-0.0413383
9.11667			-0.0412616
9.15			-0.0411855
9.18333			-0.04111
9.21667			-0.0410351
9.25			-0.0409607
9.28333			-0.0408868
9.31667			-0.0408135
9.35			-0.0407407
9.38333			-0.0406685
9.41667			-0.0405967
9.45			-0.0405255
9.48333			-0.0404548
9.51667			-0.0403846
9.55			-0.0403149
9.58333			-0.0402457
9.61667			-0.040177
9.65			-0.0401087
9.68333			-0.040041
9.71667			-0.0399737
9.75			-0.0399069
9.78333			-0.0398405
9.81667			-0.0397747
9.85			-0.0397092
9.88333			-0.0396442
9.91667			-0.0395797
9.95			-0.0395156
9.98333			-0.0394519
10.0167			-0.0393887
10.05			-0.0393259
10.0833			-0.0392635
10.1167			-0.0392015
10.15			-0.03914
10.1833			-0.0390789
10.2167			-0.0390181
10.25			-0.0389578
10.2833			-0.0388979
10.3167			-0.0388383
10.35			-0.0387792
10.3833			-0.0387204
10.4167			-0.038662
10.45			-0.038604
10.4833			-0.0385464
10.5167			-0.0384892
10.55			-0.0384323
10.5833			-0.0383758
10.6167			-0.0383196
10.65			-0.0382638
10.6833			-0.0382084
10.7167			-0.0381533
10.75			-0.0380985
10.7833			-0.0380441
10.8167			-0.0379901
10.85			-0.0379364
10.8833			-0.037883
10.9167			-0.0378299
10.95			-0.0377772
10.9833			-0.0377248
11.0167			-0.0376727
11.05			-0.037621
11.0833			-0.0375695
11.1167			-0.0375184
11.15			-0.0374676
11.1833			-0.0374171
11.2167			-0.0373669
11.25			-0.037317
11.2833			-0.0372674
11.3167			-0.0372181
11.35			-0.0371691
11.3833			-0.0371204
11.4167			-0.0370719
11.45			-0.0370238
11.4833			-0.0369759
11.5167			-0.0369284
11.55			-0.0368811
11.5833			-0.0368341
11.6167			-0.0367873
11.65			-0.0367408
11.6833			-0.0366946
11.7167			-0.0366487
11.75			-0.036603
11.7833			-0.0365576
11.8167			-0.0365125
11.85			-0.0364676
11.8833			-0.036423
11.9167			-0.0363786
11.95			-0.0363345
11.9833			-0.0362906
12.0167			-0.0362469
12.05			-0.0362036
12.0833			-0.0361604
12.1167			-0.0361175
12.15			-0.0360749
12.1833			-0.0360324
12.2167			-0.0359903
12.25			-0.0359483
12.2833			-0.0359066
12.3167			-0.0358651
12.35			-0.0358238
12.3833			-0.0357828
12.4167			-0.035742
12.45			-0.0357014
12.4833			-0.035661
12.5167			-0.0356208
12.55			-0.0355809
12.5833			-0.0355412
12.6167			-0.0355017
12.65			-0.0354624
12.6833			-0.0354233
12.7167			-0.0353844
12.75			-0.0353457
12.7833			-0.0353072
12.8167			-0.035269
12.85			-0.0352309
12.8833			-0.035193
12.9167			-0.0351554
12.95			-0.0351179
12.9833			-0.0350806
13.0167			-0.0350435
13.05			-0.0350067
13.0833			-0.03497
13.1167			-0.0349335
13.15			-0.0348971
13.1833			-0.034861
13.2167			-0.0348251
13.25			-0.0347893
13.2833			-0.0347537
13.3167			-0.0347183
13.35			-0.0346831
13.3833			-0.034648
13.4167			-0.0346132
13.45			-0.0345785
13.4833			-0.034544
13.5167			-0.0345096
13.55			-0.0344754
13.5833			-0.0344414
13.6167			-0.0344076
13.65			-0.0343739
13.6833			-0.0343404
13.7167			-0.0343071
13.75			-0.0342739
13.7833			-0.0342409
13.8167			-0.0342081
13.85			-0.0341754
13.8833			-0.0341428
13.9167			-0.0341105
13.95			-0.0340783
13.9833			-0.0340462
14.0167			-0.0340143
14.05			-0.0339826
14.0833			-0.033951
14.1167			-0.0339195
14.15			-0.0338882
14.1833			-0.0338571
14.2167			-0.0338261
14.25			-0.0337952
14.2833			-0.0337645
14.3167			-0.033734
14.35			-0.0337035
14.3833			-0.0336733
14.4167			-0.0336431
14.45			-0.0336132
14.4833			-0.0335833
14.5167			-0.0335536
14.55			-0.033524
14.5833			-0.0334946
14.6167			-0.0334653
14.65			-0.0334361
14.6833			-0.0334071
14.7167			-0.0333782
14.75			-0.0333494
14.7833			-0.0333208
14.8167			-0.0332923
14.85			-0.0332639
14.8833			-0.0332357
14.9167			-0.0332076
14.95			-0.0331796
14.9833			-0.0331517
15.0167			-0.033124
15.05			-0.0330964
15.0833			-0.0330689
15.1167			-0.0330415
15.15			-0.0330143
15.1833			-0.0329872
15.2167			-0.0329602
15.25			-0.0329333
15.2833			-0.0329065
15.3167			-0.0328799
15.35			-0.0328533
15.3833			-0.0328269
15.4167			-0.0328006
15.45			-0.0327744
15.4833			-0.0327484
15.5167			-0.0327224
15.55			-0.0326966
15.5833			-0.0326709
15.6167			-0.0326452
15.65			-0.0326197
15.6833			-0.0325943
15.7167			-0.0325691
15.75			-0.0325439
15.7833			-0.0325188
15.8167			-0.0324938
15.85			-0.032469
15.8833			-0.0324442
15.9167			-0.0324196
15.95			-0.032395
15.9833			-0.0323706
16.0167			-0.0323463
16.05			-0.032322
16.0833			-0.0322979
16.1167			-0.0322739
16.15			-0.0322499
16.1833			-0.0322261
16.2167			-0.0322024
16.25			-0.0321787
16.2833			-0.0321552
16.3167			-0.0321318
16.35			-0.0321084
16.3833			-0.0320852
16.4167			-0.032062
16.45			-0.032039
16.4833			-0.032016
16.5167			-0.0319932
16.55			-0.0319704
16.5833			-0.0319477
16.6167			-0.0319251
16.65			-0.0319026
16.6833			-0.0318802
16.7167			-0.0318579
16.75			-0.0318357
16.7833			-0.0318135
16.8167			-0.0317915
16.85			-0.0317695
16.8833			-0.0317477
16.9167			-0.0317259
16.95			-0.0317042
16.9833			-0.0316826
17.0167			-0.0316611
17.05			-0.0316396
17.0833			-0.0316183
17.1167			-0.031597
17.15			-0.0315758
17.1833			-0.0315547
17.2167			-0.0315337
17.25			-0.0315127
17.2833			-0.0314919
17.3167			-0.0314711
17.35			-0.0314504
17.3833			-0.0314298
17.4167			-0.0314093
17.45			-0.0313888
17.4833			-0.0313684
17.5167			-0.0313481
17.55			-0.0313279
17.5833			-0.0313078
17.6167			-0.0312877
17.65			-0.0312677
17.6833			-0.0312478
17.7167			-0.031228
17.75			-0.0312082
17.7833			-0.0311885
17.8167			-0.0311689
17.85			-0.0311494
17.8833			-0.0311299
17.9167			-0.0311105
17.95			-0.0310912
17.9833			-0.031072
18.0167			-0.0310528
18.05			-0.0310337
18.0833			-0.0310147
18.1167			-0.0309957
18.15			-0.0309768
18.1833			-0.030958
18.2167			-0.0309392
18.25			-0.0309206
18.2833			-0.0309019
18.3167			-0.0308834
18.35			-0.0308649
18.3833			-0.0308465
18.4167			-0.0308282
18.45			-0.0308099
18.4833			-0.0307917
18.5167			-0.0307736
18.55			-0.0307555
18.5833			-0.0307375
18.6167			-0.0307195
18.65			-0.0307017
18.6833			-0.0306839
18.7167			-0.0306661
18.75			-0.0306484
18.7833			-0.0306308
18.8167			-0.0306132
18.85			-0.0305957
18.8833			-0.0305783
18.9167			-0.0305609
18.95			-0.0305436
18.9833			-0.0305264
19.0167			-0.0305092
19.05			-0.0304921
19.0833			-0.030475
19.1167			-0.030458
19.15			-0.0304411
19.1833			-0.0304242
19.2167			-0.0304073
19.25			-0.0303906
19.2833			-0.0303739
19.3167			-0.0303572
19.35			-0.0303406
19.3833			-0.0303241
19.4167			-0.0303076
19.45			-0.0302912
19.4833			-0.0302748
19.5167			-0.0302585
19.55			-0.0302423
19.5833			-0.0302261
19.6167			-0.0302099
19.65			-0.0301938
19.6833			-0.0301778
19.7167			-0.0301618
19.75			-0.0301459
19.7833			-0.0301301
19.8167			-0.0301142
19.85			-0.0300985
19.8833			-0.0300828
19.9167			-0.0300671
19.95			-0.0300515
19.9833			-0.030036
20.0167			-0.0300205
20.05			-0.030005
20.0833			-0.0299897
20.1167			-0.0299743
20.15			-0.029959
20.1833			-0.0299438
20.2167			-0.0299286
20.25			-0.0299135
20.2833			-0.0298984
20.3167			-0.0298834
20.35			-0.0298684
20.3833			-0.0298534
20.4167			-0.0298386
20.45			-0.0298237
20.4833			-0.0298089
20.5167			-0.0297942
20.55			-0.0297795
20.5833			-0.0297649
20.6167			-0.0297503
20.65			-0.0297357
20.6833			-0.0297212
20.7167			-0.0297068
20.75			-0.0296924
20.7833			-0.029678
20.8167			-0.0296637
20.85			-0.0296494
20.8833			-0.0296352
20.9167			-0.029621
20.95			-0.0296069
20.9833			-0.0295928
21.0167			-0.0295788
21.05			-0.0295648
21.0833			-0.0295508
21.1167			-0.0295369
21.15			-0.0295231
21.1833			-0.0295092
21.2167			-0.0294955
21.25			-0.0294817
21.2833			-0.029468
21.3167			-0.0294544
21.35			-0.0294408
21.3833			-0.0294273
21.4167			-0.0294137
21.45			-0.0294003
21.4833			-0.0293868
21.5167			-0.0293734
21.55			-0.0293601
21.5833			-0.0293468
21.6167			-0.0293335
21.65			-0.0293203
21.6833			-0.0293071
21.7167			-0.029294
21.75			-0.0292809
21.7833			-0.0292678
21.8167			-0.0292548
21.85			-0.0292418
21.8833			-0.0292289
21.9167			-0.029216
21.95			-0.0292031
21.9833			-0.0291903
22.0167			-0.0291775
22.05			-0.0291648
22.0833			-0.0291521
22.1167			-0.0291394
22.15			-0.0291268
22.1833			-0.0291142
22.2167			-0.0291017
22.25			-0.0290892
22.2833			-0.0290767
22.3167			-0.0290643
22.35			-0.0290519
22.3833			-0.0290395
22.4167			-0.0290272
22.45			-0.0290149
22.4833			-0.0290026
22.5167			-0.0289904
22.55			-0.0289783
22.5833			-0.0289661
22.6167			-0.028954
22.65			-0.0289419
22.6833			-0.0289299
22.7167			-0.0289179
22.75			-0.028906
22.7833			-0.028894
22.8167			-0.0288821
22.85			-0.0288703
22.8833			-0.0288585
22.9167			-0.0288467
22.95			-0.0288349
22.9833			-0.0288232
23.0167			-0.0288115
23.05			-0.0287999
23.0833			-0.0287883
23.1167			-0.0287767
23.15			-0.0287651
23.1833			-0.0287536
23.2167			-0.0287421
23.25			-0.0287307
23.2833			-0.0287193
23.3167			-0.0287079
23.35			-0.0286965
23.3833			-0.0286852
23.4167			-0.0286739
23.45			-0.0286627
23.4833			-0.0286515
23.5167			-0.0286403
23.55			-0.0286291
23.5833			-0.028618
23.6167			-0.0286069
23.65			-0.0285959
23.6833			-0.0285848
23.7167			-0.0285738
23.75			-0.0285629
23.7833			-0.0285519
23.8167			-0.028541
23.85			-0.0285302
23.8833			-0.0285193
23.9167			-0.0285085
23.95			-0.0284977
23.9833			-0.028487
24.0167			-0.0284763
24.05			-0.0284656
24.0833			-0.0284549
24.1167			-0.0284443
24.15			-0.0284337
24.1833			-0.0284231
24.2167			-0.0284125
24.25			-0.028402
24.2833			-0.0283916
24.3167			-0.0283811
24.35			-0.0283707
24.3833			-0.0283603
24.4167			-0.0283499
24.45			-0.0283396
24.4833			-0.0283292
24.5167			-0.028319
24.55			-0.0283087
24.5833			-0.0282985
24.6167			-0.0282883
24.65			-0.0282781
24.6833			-0.028268
24.7167			-0.0282578
24.75			-0.0282478
24.7833			-0.0282377
24.8167			-0.0282277
24.85			-0.0282176
24.8833			-0.0282077
24.9167			-0.0281977
24.95			-0.0281878
24.9833			-0.0281779
25.0167			-0.028168
25.05			-0.0281582
25.0833			-0.0281483
25.1167			-0.0281386
25.15			-0.0281288
25.1833			-0.028119
25.2167			-0.0281093
25.25			-0.0280996
25.2833			-0.02809
25.3167			-0.0280803
25.35			-0.0280707
25.3833			-0.0280611
25.4167			-0.0280516
25.45			-0.028042
25.4833			-0.0280325
25.5167			-0.028023
25.55			-0.0280136
25.5833			-0.0280041
25.6167			-0.0279947
25.65			-0.0279853
25.6833			-0.027976
25.7167			-0.0279666
25.75			-0.0279573
25.7833			-0.027948
25.8167			-0.0279388
25.85			-0.0279295
25.8833			-0.0279203
25.9167			-0.0279111
25.95			-0.0279019
25.9833			-0.0278928
26.0167			-0.0278837
26.05			-0.0278746
26.0833			-0.0278655
26.1167			-0.0278564
26.15			-0.0278474
26.1833			-0.0278384
26.2167			-0.0278294
26.25			-0.0278205
26.2833			-0.0278115
26.3167			-0.0278026
26.35			-0.0277937
26.3833			-0.0277849
26.4167			-0.027776
26.45			-0.0277672
26.4833			-0.0277584
26.5167			-0.0277496
26.55			-0.0277408
26.5833			-0.0277321
26.6167			-0.0277234
26.65			-0.0277147
26.6833			-0.027706
26.7167			-0.0276974
26.75			-0.0276888
26.7833			-0.0276802
26.8167			-0.0276716
26.85			-0.027663
26.8833			-0.0276545
26.9167			-0.027646
26.95			-0.0276375
26.9833			-0.027629
27.0167			-0.0276205
27.05			-0.0276121
27.0833			-0.0276037
27.1167			-0.0275953
27.15			-0.0275869
27.1833			-0.0275786
27.2167			-0.0275703
27.25			-0.0275619
27.2833			-0.0275537
27.3167			-0.0275454
27.35			-0.0275371
27.3833			-0.0275289
27.4167			-0.0275207
27.45			-0.0275125
27.4833			-0.0275044
27.5167			-0.0274962
27.55			-0.0274881
27.5833			-0.02748
27.6167			-0.0274719
27.65			-0.0274638
27.6833			-0.0274558
27.7167			-0.0274477
27.75			-0.0274397
27.7833			-0.0274317
27.8167			-0.0274238
27.85			-0.0274158
27.8833			-0.0274079
27.9167			-0.0274
27.95			-0.0273921
27.9833			-0.0273842
28.0167			-0.0273763
28.05			-0.0273685
28.0833			-0.0273607
28.1167			-0.0273529
28.15			-0.0273451
28.1833			-0.0273373
28.2167			-0.0273296
28.25			-0.0273219
28.2833			-0.0273142
28.3167			-0.0273065
28.35			-0.0272988
28.3833			-0.0272912
28.4167			-0.0272835
28.45			-0.0272759
28.4833			-0.0272683
28.5167			-0.0272607
28.55			-0.0272532
28.5833			-0.0272456
28.6167			-0.0272381
28.65			-0.0272306
28.6833			-0.0272231
28.7167			-0.0272156
28.75			-0.0272082
28.7833			-0.0272007
28.8167			-0.0271933
28.85			-0.0271859
28.8833			-0.0271785
28.9167			-0.0271711
28.95			-0.0271638
28.9833			-0.0271564
29.0167			-0.0271491
29.05			-0.0271418
29.0833			-0.0271345
29.1167			-0.0271273
29.15			-0.02712
29.1833			-0.0271128
29.2167			-0.0271055
29.25			-0.0270983
29.2833			-0.0270912
29.3167			-0.027084
29.35			-0.0270768
29.3833			-0.0270697
29.4167			-0.0270626
29.45			-0.0270555
29.4833			-0.0270484
29.5167			-0.0270413
29.55			-0.0270343
29.5833			-0.0270272
29.6167			-0.0270202
29.65			-0.0270132
29.6833			-0.0270062
29.7167			-0.0269992
29.75			-0.0269923
29.7833			-0.0269853
29.8167			-0.0269784
29.85			-0.0269715
29.8833			-0.0269646
29.9167			-0.0269577
29.95			-0.0269508
29.9833			-0.026944
30.0167			-0.0269371
30.05			-0.0269303
30.0833			-0.0269235
30.1167			-0.0269167
30.15			-0.0269099
30.1833			-0.0269032
30.2167			-0.0268964
30.25			-0.0268897
30.2833			-0.026883
30.3167			-0.0268763
30.35			-0.0268696
30.3833			-0.0268629
30.4167			-0.0268563
30.45			-0.0268496
30.4833			-0.026843
30.5167			-0.0268364
30.55			-0.0268298
30.5833			-0.0268232
30.6167			-0.0268166
30.65			-0.0268101
30.6833			-0.0268035
30.7167			-0.026797
30.75			-0.0267905
30.7833			-0.026784
30.8167			-0.0267775
30.85			-0.026771
30.8833			-0.0267646
30.9167			-0.0267581
30.95			-0.0267517
30.9833			-0.0267453
31.0167			-0.0267389
31.05			-0.0267325
31.0833			-0.0267261
31.1167			-0.0267198
31.15			-0.0267134
31.1833			-0.0267071
31.2167			-0.0267008
31.25			-0.0266945
31.2833			-0.0266882
31.3167			-0.0266819
31.35			-0.0266757
31.3833			-0.0266694
31.4167			-0.0266632
31.45			-0.026657
31.4833			-0.0266507
31.5167			-0.0266445
31.55			-0.0266384
31.5833			-0.0266322
31.6167			-0.026626
31.65			-0.0266199
31.6833			-0.0266138
31.7167			-0.0266076
31.75			-0.0266015
31.7833			-0.0265954
31.8167			-0.0265894
31.85			-0.0265833
31.8833			-0.0265772
31.9167			-0.0265712
31.95			-0.0265652
31.9833			-0.0265592
32.0167			-0.0265532
32.05			-0.0265472
32.0833			-0.0265412
32.1167			-0.0265352
32.15			-0.0265293
32.1833			-0.0265233
32.2167			-0.0265174
32.25			-0.0265115
32.2833			-0.0265056
32.3167			-0.0264997
32.35			-0.0264938
32.3833			-0.0264879
32.4167			-0.0264821
32.45			-0.0264762
32.4833			-0.0264704
32.5167			-0.0264646
32.55			-0.0264588
32.5833			-0.026453
32.6167			-0.0264472
32.65			-0.0264414
32.6833			-0.0264357
32.7167			-0.0264299
32.75			-0.0264242
32.7833			-0.0264185
32.8167			-0.0264128
32.85			-0.0264071
32.8833			-0.0264014
32.9167			-0.0263957
32.95			-0.02639
32.9833			-0.0263844
33.0167			-0.0263787
33.05			-0.0263731
33.0833			-0.0263675
33.1167			-0.0263619
33.15			-0.0263563
33.1833			-0.0263507
33.2167			-0.0263451
33.25			-0.0263395
33.2833			-0.026334
33.3167			-0.0263285
33.35			-0.0263229
33.3833			-0.0263174
33.4167			-0.0263119
33.45			-0.0263064
33.4833			-0.0263009
33.5167			-0.0262954
33.55			-0.02629
33.5833			-0.0262845
33.6167			-0.0262791
33.65			-0.0262737
33.6833			-0.0262682
33.7167			-0.0262628
33.75			-0.0262574
33.7833			-0.026252
33.8167			-0.0262467
33.85			-0.0262413
33.8833			-0.0262359
33.9167			-0.0262306
33.95			-0.0262253
33.9833			-0.0262199
34.0167			-0.0262146
34.05			-0.0262093
34.0833			-0.026204
34.1167			-0.0261987
34.15			-0.0261935
34.1833			-0.0261882
34.2167			-0.026183
34.25			-0.0261777
34.2833			-0.0261725
34.3167			-0.0261673
34.35			-0.0261621
34.3833			-0.0261569
34.4167			-0.0261517
34.45			-0.0261465
34.4833			-0.0261413
34.5167			-0.0261362
34.55			-0.026131
34.5833			-0.0261259
34.6167			-0.0261207
34.65			-0.0261156
34.6833			-0.0261105
34.7167			-0.0261054
34.75			-0.0261003
34.7833			-0.0260952
34.8167			-0.0260902
34.85			-0.0260851
34.8833			-0.0260801
34.9167			-0.026075
34.95			-0.02607
34.9833			-0.026065
35.0167			-0.02606
35.05			-0.0260549
35.0833			-0.02605
35.1167			-0.026045
35.15			-0.02604
35.1833			-0.026035
35.2167			-0.0260301
35.25			-0.0260251
35.2833			-0.0260202
35.3167			-0.0260153
35.35			-0.0260104
35.3833			-0.0260054
35.4167			-0.0260005
35.45			-0.0259957
35.4833			-0.0259908
35.5167			-0.0259859
35.55			-0.025981
35.5833			-0.0259762
35.6167			-0.0259713
35.65			-0.0259665
35.6833			-0.0259617
35.7167			-0.0259569
35.75			-0.0259521
35.7833			-0.0259473
35.8167			-0.0259425
35.85			-0.0259377
35.8833			-0.0259329
35.9167			-0.0259282
35.95			-0.0259234
35.9833			-0.0259187
36.0167			-0.0259139
36.05			-0.0259092
36.0833			-0.0259045
36.1167			-0.0258998
36.15			-0.0258951
36.1833			-0.0258904
36.2167			-0.0258857
36.25			-0.025881
36.2833			-0.0258763
36.3167			-0.0258717
36.35			-0.025867
36.3833			-0.0258624
36.4167			-0.0258578
36.45			-0.0258531
36.4833			-0.0258485
36.5167			-0.0258439
36.55			-0.0258393
36.5833			-0.0258347
36.6167			-0.0258302
36.65			-0.0258256
36.6833			-0.025821
36.7167			-0.0258165
36.75			-0.0258119
36.7833			-0.0258074
36.8167			-0.0258028
36.85			-0.0257983
36.8833			-0.0257938
36.9167			-0.0257893
36.95			-0.0257848
36.9833			-0.0257803
37.0167			-0.0257758
37.05			-0.0257714
37.0833			-0.0257669
37.1167			-0.0257624
37.15			-0.025758
37.1833			-0.0257535
37.2167			-0.0257491
37.25			-0.0257447
37.2833			-0.0257403
37.3167			-0.0257359
37.35			-0.0257315
37.3833			-0.0257271
37.4167			-0.0257227
37.45			-0.0257183
37.4833			-0.0257139
37.5167			-0.0257096
37.55			-0.0257052
37.5833			-0.0257009
37.6167			-0.0256965
37.65			-0.0256922
37.6833			-0.0256879
37.7167			-0.0256835
37.75			-0.0256792
37.7833			-0.0256749
37.8167			-0.0256706
37.85			-0.0256664
37.8833			-0.0256621
37.9167			-0.0256578
37.95			-0.0256535
37.9833			-0.0256493
38.0167			-0.025645
38.05			-0.0256408
38.0833			-0.0256366
38.1167			-0.0256323
38.15			-0.0256281
38.1833			-0.0256239
38.2167			-0.0256197
38.25			-0.0256155
38.2833			-0.0256113
38.3167			-0.0256071
38.35			-0.025603
38.3833			-0.0255988
38.4167			-0.0255946
38.45			-0.0255905
38.4833			-0.0255864
38.5167			-0.0255822
38.55			-0.0255781
38.5833			-0.025574
38.6167			-0.0255698
38.65			-0.0255657
38.6833			-0.0255616
38.7167			-0.0255575
38.75			-0.0255535
38.7833			-0.0255494
38.8167			-0.0255453
38.85			-0.0255412
38.8833			-0.0255372
38.9167			-0.0255331
38.95			-0.0255291
38.9833			-0.025525
39.0167			-0.025521
39.05			-0.025517
39.0833			-0.025513
39.1167			-0.0255089
39.15			-0.0255049
39.1833			-0.0255009
39.2167			-0.025497
39.25			-0.025493
39.2833			-0.025489
39.3167			-0.025485
39.35			-0.0254811
39.3833			-0.0254771
39.4167			-0.0254732
39.45			-0.0254692
39.4833			-0.0254653
39.5167			-0.0254613
39.55			-0.0254574
39.5833			-0.0254535
39.6167			-0.0254496
39.65			-0.0254457
39.6833			-0.0254418
39.7167			-0.0254379
39.75			-0.025434
39.7833			-0.0254301
39.8167			-0.0254263
39.85			-0.0254224
39.8833			-0.0254186
39.9167			-0.0254147
39.95			-0.0254109
39.9833			-0.025407
40.0167			-0.0254032
40.05			-0.0253994
40.0833			-0.0253955
40.1167			-0.0253917
40.15			-0.0253879
40.1833			-0.0253841
40.2167			-0.0253803
40.25			-0.0253766
40.2833			-0.0253728
40.3167			-0.025369
40.35			-0.0253652
40.3833			-0.0253615
40.4167			-0.0253577
40.45			-0.025354
40.4833			-0.0253502
40.5167			-0.0253465
40.55			-0.0253428
40.5833			-0.025339
40.6167			-0.0253353
40.65			-0.0253316
40.6833			-0.0253279
40.7167			-0.0253242
40.75			-0.0253205
40.7833			-0.0253168
40.8167			-0.0253131
40.85			-0.0253094
40.8833			-0.0253058
40.9167			-0.0253021
40.95			-0.0252985
40.9833			-0.0252948
41.0167			-0.0252912
41.05			-0.0252875
41.0833			-0.0252839
41.1167			-0.0252803
41.15			-0.0252766
41.1833			-0.025273
41.2167			-0.0252694
41.25			-0.0252658
41.2833			-0.0252622
41.3167			-0.0252586
41.35			-0.025255
41.3833			-0.0252514
41.4167			-0.0252479
41.45			-0.0252443
41.4833			-0.0252407
41.5167			-0.0252372
41.55			-0.0252336
41.5833			-0.0252301
41.6167			-0.0252265
41.65			-0.025223
41.6833			-0.0252195
41.7167			-0.025216
41.75			-0.0252124
41.7833			-0.0252089
41.8167			-0.0252054
41.85			-0.0252019
41.8833			-0.0251984
41.9167			-0.0251949
41.95			-0.0251914
41.9833			-0.025188
42.0167			-0.0251845
42.05			-0.025181
42.0833			-0.0251776
42.1167			-0.0251741
42.15			-0.0251707
42.1833			-0.0251672
42.2167			-0.0251638
42.25			-0.0251603
42.2833			-0.0251569
42.3167			-0.0251535
42.35			-0.0251501
42.3833			-0.0251466
42.4167			-0.0251432
42.45			-0.0251398
42.4833			-0.0251364
42.5167			-0.025133
42.55			-0.0251297
42.5833			-0.0251263
42.6167			-0.0251229
42.65			-0.0251195
42.6833			-0.0251162
42.7167			-0.0251128
42.75			-0.0251095
42.7833			-0.0251061
42.8167			-0.0251028
42.85			-0.0250994
42.8833			-0.0250961
42.9167			-0.0250928
42.95			-0.0250894
42.9833			-0.0250861
43.0167			-0.0250828
43.05			-0.0250795
43.0833			-0.0250762
43.1167			-0.0250729
43.15			-0.0250696
43.1833			-0.0250663
43.2167			-0.025063
43.25			-0.0250598
43.2833			-0.0250565
43.3167			-0.0250532
43.35			-0.02505
43.3833			-0.0250467
43.4167			-0.0250434
43.45			-0.0250402
43.4833			-0.025037
43.5167			-0.0250337
43.55			-0.0250305
43.5833			-0.0250273
43.6167			-0.025024
43.65			-0.0250208
43.6833			-0.0250176
43.7167			-0.0250144
43.75			-0.0250112
43.7833			-0.025008
43.8167			-0.0250048
43.85			-0.0250016
43.8833			-0.0249984
43.9167			-0.0249953
43.95			-0.0249921
43.9833			-0.0249889
44.0167			-0.0249858
44.05			-0.0249826
44.0833			-0.0249794
44.1167			-0.0249763
44.15			-0.0249732
44.1833			-0.02497
44.2167			-0.0249669
44.25			-0.0249638
44.2833			-0.0249606
44.3167			-0.0249575
44.35			-0.0249544
44.3833			-0.0249513
44.4167			-0.0249482
44.45			-0.0249451
44.4833			-0.024942
44.5167			-0.0249389
44.55			-0.0249358
44.5833			-0.0249327
44.6167			-0.0249296
44.65			-0.0249266
44.6833			-0.0249235
44.7167			-0.0249204
44.75			-0.0249174
44.7833			-0.0249143
44.8167			-0.0249113
44.85			-0.0249082
44.8833			-0.0249052
44.9167			-0.0249021
44.95			-0.0248991
44.9833			-0.0248961
45.0167			-0.0248931
45.05			-0.02489
45.0833			-0.024887
45.1167			-0.024884
45.15			-0.024881
45.1833			-0.024878
45.2167			-0.024875
45.25			-0.024872
45.2833			-0.024869
45.3167			-0.024866
45.35			-0.0248631
45.3833			-0.0248601
45.4167			-0.0248571
45.45			-0.0248541
45.4833			-0.0248512
45.5167			-0.0248482
45.55			-0.0248453
45.5833			-0.0248423
45.6167			-0.0248394
45.65			-0.0248364
45.6833			-0.0248335
45.7167			-0.0248306
45.75			-0.0248277
45.7833			-0.0248247
45.8167			-0.0248218
45.85			-0.0248189
45.8833			-0.024816
45.9167			-0.0248131
45.95			-0.0248102
45.9833			-0.0248073
46.0167			-0.0248044
46.05			-0.0248015
46.0833			-0.0247986
46.1167			-0.0247957
46.15			-0.0247929
46.1833			-0.02479
46.2167			-0.0247871
46.25			-0.0247843
46.2833			-0.0247814
46.3167			-0.0247785
46.35			-0.0247757
46.3833			-0.0247728
46.4167			-0.02477
46.45			-0.0247672
46.4833			-0.0247643
46.5167			-0.0247615
46.55			-0.0247587
46.5833			-0.0247558
46.6167			-0.024753
46.65			-0.0247502
46.6833			-0.0247474
46.7167			-0.0247446
46.75			-0.0247418
46.7833			-0.024739
46.8167			-0.0247362
46.85			-0.0247334
46.8833			-0.0247306
46.9167			-0.0247278
46.95			-0.0247251
46.9833			-0.0247223
47.0167			-0.0247195
47.05			-0.0247168
47.0833			-0.024714
47.1167			-0.0247112
47.15			-0.0247085
47.1833			-0.0247057
47.2167			-0.024703
47.25			-0.0247002
47.2833			-0.0246975
47.3167			-0.0246948
47.35			-0.024692
47.3833			-0.0246893
47.4167			-0.0246866
47.45			-0.0246839
47.4833			-0.0246811
47.5167			-0.0246784
47.55			-0.0246757
47.5833			-0.024673
47.6167			-0.0246703
47.65			-0.0246676
47.6833			-0.0246649
47.7167			-0.0246622
47.75			-0.0246596
47.7833			-0.0246569
47.8167			-0.0246542
47.85			-0.0246515
47.8833			-0.0246488
47.9167			-0.0246462
47.95			-0.0246435
47.9833			-0.0246409
48.0167			-0.0246382
48.05			-0.0246355
48.0833			-0.0246329
48.1167			-0.0246303
48.15			-0.0246276
48.1833			-0.024625
48.2167			-0.0246223
48.25			-0.0246197
48.2833			-0.0246171
48.3167			-0.0246145
48.35			-0.0246118
48.3833			-0.0246092
48.4167			-0.0246066
48.45			-0.024604
48.4833			-0.0246014
48.5167			-0.0245988
48.55			-0.0245962
48.5833			-0.0245936
48.6167			-0.024591
48.65			-0.0245884
48.6833			-0.0245859
48.7167			-0.0245833
48.75			-0.0245807
48.7833			-0.0245781
48.8167			-0.0245756
48.85			-0.024573
48.8833			-0.0245704
48.9167			-0.0245679
48.95			-0.0245653
48.9833			-0.0245628
49.0167			-0.0245602
49.05			-0.0245577
49.0833			-0.0245551
49.1167			-0.0245526
49.15			-0.0245501
49.1833			-0.0245475
49.2167			-0.024545
49.25			-0.0245425
49.2833			-0.02454
49.3167			-0.0245374
49.35			-0.0245349
49.3833			-0.0245324
49.4167			-0.0245299
49.45			-0.0245274
49.4833			-0.0245249
49.5167			-0.0245224
49.55			-0.0245199
49.5833			-0.0245174
49.6167			-0.0245149
49.65			-0.0245125
49.6833			-0.02451
49.7167			-0.0245075
49.75			-0.024505
49.7833			-0.0245026
49.8167			-0.0245001
49.85			-0.0244976
49.8833			-0.0244952
49.9167			-0.0244927
49.95			-0.0244903
49.9833			-0.0244878
50.0167			-0.0244854
50.05			-0.0244829
50.0833			-0.0244805
50.1167			-0.024478
50.15			-0.0244756
50.1833			-0.0244732
50.2167			-0.0244707
50.25			-0.0244683
50.2833			-0.0244659
50.3167			-0.0244635
50.35			-0.0244611
50.3833			-0.0244587
50.4167			-0.0244563
50.45			-0.0244538
50.4833			-0.0244514
50.5167			-0.024449
50.55			-0.0244467
50.5833			-0.0244443
50.6167			-0.0244419
50.65			-0.0244395
50.6833			-0.0244371
50.7167			-0.0244347
50.75			-0.0244324
50.7833			-0.02443
50.8167			-0.0244276
50.85			-0.0244252
50.8833			-0.0244229
50.9167			-0.0244205
50.95			-0.0244182
50.9833			-0.0244158
51.0167			-0.0244135
51.05			-0.0244111
51.0833			-0.0244088
51.1167			-0.0244064
51.15			-0.0244041
51.1833			-0.0244017
51.2167			-0.0243994
51.25			-0.0243971
51.2833			-0.0243948
51.3167			-0.0243924
51.35			-0.0243901
51.3833			-0.0243878
51.4167			-0.0243855
51.45			-0.0243832
51.4833			-0.0243809
51.5167			-0.0243786
51.55			-0.0243762
51.5833			-0.0243739
51.6167			-0.0243717
51.65			-0.0243694
51.6833			-0.0243671
51.7167			-0.0243648
51.75			-0.0243625
51.7833			-0.0243602
51.8167			-0.0243579
51.85			-0.0243557
51.8833			-0.0243534
51.9167			-0.0243511
51.95			-0.0243488
51.9833			-0.0243466
52.0167			-0.0243443
52.05			-0.0243421
52.0833			-0.0243398
52.1167			-0.0243376
52.15			-0.0243353
52.1833			-0.0243331
52.2167			-0.0243308
52.25			-0.0243286
52.2833			-0.0243263
52.3167			-0.0243241
52.35			-0.0243219
52.3833			-0.0243196
52.4167			-0.0243174
52.45			-0.0243152
52.4833			-0.024313
52.5167			-0.0243108
52.55			-0.0243085
52.5833			-0.0243063
52.6167			-0.0243041
52.65			-0.0243019
52.6833			-0.0242997
52.7167			-0.0242975
52.75			-0.0242953
52.7833			-0.0242931
52.8167			-0.0242909
52.85			-0.0242887
52.8833			-0.0242865
52.9167			-0.0242844
52.95			-0.0242822
52.9833			-0.02428
53.0167			-0.0242778
53.05			-0.0242756
53.0833			-0.0242735
53.1167			-0.0242713
53.15			-0.0242691
53.1833			-0.024267
53.2167			-0.0242648
53.25			-0.0242627
53.2833			-0.0242605
53.3167			-0.0242583
53.35			-0.0242562
53.3833			-0.0242541
53.4167			-0.0242519
53.45			-0.0242498
53.4833			-0.0242476
53.5167			-0.0242455
53.55			-0.0242434
53.5833			-0.0242412
53.6167			-0.0242391
53.65			-0.024237
53.6833			-0.0242349
53.7167			-0.0242327
53.75			-0.0242306
53.7833			-0.0242285
53.8167			-0.0242264
53.85			-0.0242243
53.8833			-0.0242222
53.9167			-0.0242201
53.95			-0.024218
53.9833			-0.0242159
54.0167			-0.0242138
54.05			-0.0242117
54.0833			-0.0242096
54.1167			-0.0242075
54.15			-0.0242054
54.1833			-0.0242033
54.2167			-0.0242013
54.25			-0.0241992
54.2833			-0.0241971
54.3167			-0.024195
54.35			-0.024193
54.3833			-0.0241909
54.4167			-0.0241888
54.45			-0.0241868
54.4833			-0.0241847
54.5167			-0.0241826
54.55			-0.0241806
54.5833			-0.0241785
54.6167			-0.0241765
54.65			-0.0241744
54.6833			-0.0241724
54.7167			-0.0241703
54.75			-0.0241683
54.7833			-0.0241663
54.8167			-0.0241642
54.85			-0.0241622
54.8833			-0.0241602
54.9167			-0.0241581
54.95			-0.0241561
54.9833			-0.0241541
55.0167			-0.0241521
55.05			-0.0241501
55.0833			-0.024148
55.1167			-0.024146
55.15			-0.024144
55.1833			-0.024142
55.2167			-0.02414
55.25			-0.024138
55.2833			-0.024136
55.3167			-0.024134
55.35			-0.024132
55.3833			-0.02413
55.4167			-0.024128
55.45			-0.024126
55.4833			-0.024124
55.5167			-0.0241221
55.55			-0.0241201
55.5833			-0.0241181
55.6167			-0.0241161
55.65			-0.0241142
55.6833			-0.0241122
55.7167			-0.0241102
55.75			-0.0241082
55.7833			-0.0241063
55.8167			-0.0241043
55.85			-0.0241024
55.8833			-0.0241004
55.9167			-0.0240984
55.95			-0.0240965
55.9833			-0.0240945
56.0167			-0.0240926
56.05			-0.0240906
56.0833			-0.0240887
56.1167			-0.0240868
56.15			-0.0240848
56.1833			-0.0240829
56.2167			-0.0240809
56.25			-0.024079
56.2833			-0.0240771
56.3167			-0.0240752
56.35			-0.0240732
56.3833			-0.0240713
56.4167			-0.0240694
56.45			-0.0240675
56.4833			-0.0240656
56.5167			-0.0240636
56.55			-0.0240617
56.5833			-0.0240598
56.6167			-0.0240579
56.65			-0.024056
56.6833			-0.0240541
56.7167			-0.0240522
56.75			-0.0240503
56.7833			-0.0240484
56.8167			-0.0240465
56.85			-0.0240446
56.8833			-0.0240427
56.9167			-0.0240408
56.95			-0.024039
56.9833			-0.0240371
57.0167			-0.0240352
57.05			-0.0240333
57.0833			-0.0240314
57.1167			-0.0240296
57.15			-0.0240277
57.1833			-0.0240258
57.2167			-0.024024
57.25			-0.0240221
57.2833			-0.0240202
57.3167			-0.0240184
57.35			-0.0240165
57.3833			-0.0240147
57.4167			-0.0240128
57.45			-0.0240109
57.4833			-0.0240091
57.5167			-0.0240072
57.55			-0.0240054
57.5833			-0.0240036
57.6167			-0.0240017
57.65			-0.0239999
57.6833			-0.023998
57.7167			-0.0239962
57.75			-0.0239944
57.7833			-0.0239925
57.8167			-0.0239907
57.85			-0.0239889
57.8833			-0.0239871
57.9167			-0.0239852
57.95			-0.0239834
57.9833			-0.0239816
58.0167			-0.0239798
58.05			-0.023978
58.0833			-0.0239762
58.1167			-0.0239744
58.15			-0.0239725
58.1833			-0.0239707
58.2167			-0.0239689
58.25			-0.0239671
58.2833			-0.0239653
58.3167			-0.0239635
58.35			-0.0239617
58.3833			-0.0239599
58.4167			-0.0239582
58.45			-0.0239564
58.4833			-0.0239546
58.5167			-0.0239528
58.55			-0.023951
58.5833			-0.0239492
58.6167			-0.0239475
58.65			-0.0239457
58.6833			-0.0239439
58.7167			-0.0239421
58.75			-0.0239404
58.7833			-0.0239386
58.8167			-0.0239368
58.85			-0.0239351
58.8833			-0.0239333
58.9167			-0.0239315
58.95			-0.0239298
58.9833			-0.023928
59.0167			-0.0239263
59.05			-0.0239245
59.0833			-0.0239228
59.1167			-0.023921
59.15			-0.0239193
59.1833			-0.0239175
59.2167			-0.0239158
59.25			-0.023914
59.2833			-0.0239123
59.3167			-0.0239106
59.35			-0.0239088
59.3833			-0.0239071
59.4167			-0.0239054
59.45			-0.0239036
59.4833			-0.0239019
59.5167			-0.0239002
59.55			-0.0238985
59.5833			-0.0238967
59.6167			-0.023895
59.65			-0.0238933
59.6833			-0.0238916
59.7167			-0.0238899
59.75			-0.0238882
59.7833			-0.0238864
59.8167			-0.0238847
59.85			-0.023883
59.8833			-0.0238813
59.9167			-0.0238796
59.95			-0.0238779
59.9833			-0.0238762
60.0167			-0.0238745
60.05			-0.0238728
60.0833			-0.0238711
60.1167			-0.0238695
60.15			-0.0238678
60.1833			-0.0238661
60.2167			-0.0238644
60.25			-0.0238627
60.2833			-0.023861
60.3167			-0.0238593
60.35			-0.0238577
60.3833			-0.023856
60.4167			-0.0238543
60.45			-0.0238526
60.4833			-0.023851
60.5167			-0.0238493
60.55			-0.0238476
60.5833			-0.023846
60.6167			-0.0238443
60.65			-0.0238427
60.6833			-0.023841
60.7167			-0.0238393
60.75			-0.0238377
60.7833			-0.023836
60.8167			-0.0238344
60.85			-0.0238327
60.8833			-0.0238311
60.9167			-0.0238294
60.95			-0.0238278
60.9833			-0.0238261
61.0167			-0.0238245
61.05			-0.0238229
61.0833			-0.0238212
61.1167			-0.0238196
61.15			-0.023818
61.1833			-0.0238163
61.2167			-0.0238147
61.25			-0.0238131
61.2833			-0.0238114
61.3167			-0.0238098
61.35			-0.0238082
61.3833			-0.0238066
61.4167			-0.0238049
61.45			-0.0238033
61.4833			-0.0238017
61.5167			-0.0238001
61.55			-0.0237985
61.5833			-0.0237969
61.6167			-0.0237953
61.65			-0.0237937
61.6833			-0.0237921
61.7167			-0.0237905
61.75			-0.0237888
61.7833			-0.0237872
61.8167			-0.0237856
61.85			-0.0237841
61.8833			-0.0237825
61.9167			-0.0237809
61.95			-0.0237793
61.9833			-0.0237777
62.0167			-0.0237761
62.05			-0.0237745
62.0833			-0.0237729
62.1167			-0.0237713
62.15			-0.0237698
62.1833			-0.0237682
62.2167			-0.0237666
62.25			-0.023765
62.2833			-0.0237634
62.3167			-0.0237619
62.35			-0.0237603
62.3833			-0.0237587
62.4167			-0.0237572
62.45			-0.0237556
62.4833			-0.023754
62.5167			-0.0237525
62.55			-0.0237509
62.5833			-0.0237493
62.6167			-0.0237478
62.65			-0.0237462
62.6833			-0.0237447
62.7167			-0.0237431
62.75			-0.0237416
62.7833			-0.02374
62.8167			-0.0237385
62.85			-0.0237369
62.8833			-0.0237354
62.9167			-0.0237338
62.95			-0.0237323
62.9833			-0.0237308
63.0167			-0.0237292
63.05			-0.0237277
63.0833			-0.0237262
63.1167			-0.0237246
63.15			-0.0237231
63.1833			-0.0237216
63.2167			-0.02372
63.25			-0.0237185
63.2833			-0.023717
63.3167			-0.0237155
63.35			-0.0237139
63.3833			-0.0237124
63.4167			-0.0237109
63.45			-0.0237094
63.4833			-0.0237079
63.5167			-0.0237063
63.55			-0.0237048
63.5833			-0.0237033
63.6167			-0.0237018
63.65			-0.0237003
63.6833			-0.0236988
63.7167			-0.0236973
63.75			-0.0236958
63.7833			-0.0236943
63.8167			-0.0236928
63.85			-0.0236913
63.8833			-0.0236898
63.9167			-0.0236883
63.95			-0.0236868
63.9833			-0.0236853
64.0167			-0.0236838
64.05			-0.0236823
64.0833			-0.0236808
64.1167			-0.0236794
64.15			-0.0236779
64.1833			-0.0236764
64.2167			-0.0236749
64.25			-0.0236734
64.2833			-0.023672
64.3167			-0.0236705
64.35			-0.023669
64.3833			-0.0236675
64.4167			-0.0236661
64.45			-0.0236646
64.4833			-0.0236631
64.5167			-0.0236617
64.55			-0.0236602
64.5833			-0.0236587
64.6167			-0.0236573
64.65			-0.0236558
64.6833			-0.0236543
64.7167			-0.0236529
64.75			-0.0236514
64.7833			-0.02365
64.8167			-0.0236485
64.85			-0.0236471
64.8833			-0.0236456
64.9167			-0.0236442
64.95			-0.0236427
64.9833			-0.0236413
65.0167			-0.0236398
65.05			-0.0236384
65.0833			-0.0236369
65.1167			-0.0236355
65.15			-0.0236341
65.1833			-0.0236326
65.2167			-0.0236312
65.25			-0.0236298
65.2833			-0.0236283
65.3167			-0.0236269
65.35			-0.0236255
65.3833			-0.023624
65.4167			-0.0236226
65.45			-0.0236212
65.4833			-0.0236198
65.5167			-0.0236183
65.55			-0.0236169
65.5833			-0.0236155
65.6167			-0.0236141
65.65			-0.0236127
65.6833			-0.0236112
65.7167			-0.0236098
65.75			-0.0236084
65.7833			-0.023607
65.8167			-0.0236056
65.85			-0.0236042
65.8833			-0.0236028
65.9167			-0.0236014
65.95			-0.0236
65.9833			-0.0235986
66.0167			-0.0235972
66.05			-0.0235958
66.0833			-0.0235944
66.1167			-0.023593
66.15			-0.0235916
66.1833			-0.0235902
66.2167			-0.0235888
66.25			-0.0235874
66.2833			-0.023586
66.3167			-0.0235846
66.35			-0.0235832
66.3833			-0.0235818
66.4167			-0.0235805
66.45			-0.0235791
66.4833			-0.0235777
66.5167			-0.0235763
66.55			-0.0235749
66.5833			-0.0235736
66.6167			-0.0235722
66.65			-0.0235708
66.6833			-0.0235694
66.7167			-0.0235681
66.75			-0.0235667
66.7833			-0.0235653
66.8167			-0.023564
66.85			-0.0235626
66.8833			-0.0235612
66.9167			-0.0235599
66.95			-0.0235585
66.9833			-0.0235571
67.0167			-0.0235558
67.05			-0.0235544
67.0833			-0.0235531
67.1167			-0.0235517
67.15			-0.0235504
67.1833			-0.023549
67.2167			-0.0235477
67.25			-0.0235463
67.2833			-0.023545
67.3167			-0.0235436
67.35			-0.0235423
67.3833			-0.0235409
67.4167			-0.0235396
67.45			-0.0235382
67.4833			-0.0235369
67.5167			-0.0235356
67.55			-0.0235342
67.5833			-0.0235329
67.6167			-0.0235315
67.65			-0.0235302
67.6833			-0.0235289
67.7167			-0.0235275
67.75			-0.0235262
67.7833			-0.0235249
67.8167			-0.0235236
67.85			-0.0235222
67.8833			-0.0235209
67.9167			-0.0235196
67.95			-0.0235183
67.9833			-0.0235169
68.0167			-0.0235156
68.05			-0.0235143
68.0833			-0.023513
68.1167			-0.0235117
68.15			-0.0235104
68.1833			-0.023509
68.2167			-0.0235077
68.25			-0.0235064
68.2833			-0.0235051
68.3167			-0.0235038
68.35			-0.0235025
68.3833			-0.0235012
68.4167			-0.0234999
68.45			-0.0234986
68.4833			-0.0234973
68.5167			-0.023496
68.55			-0.0234947
68.5833			-0.0234934
68.6167			-0.0234921
68.65			-0.0234908
68.6833			-0.0234895
68.7167			-0.0234882
68.75			-0.0234869
68.7833			-0.0234856
68.8167			-0.0234843
68.85			-0.023483
68.8833			-0.0234818
68.9167			-0.0234805
68.95			-0.0234792
68.9833			-0.0234779
69.0167			-0.0234766
69.05			-0.0234753
69.0833			-0.0234741
69.1167			-0.0234728
69.15			-0.0234715
69.1833			-0.0234702
69.2167			-0.023469
69.25			-0.0234677
69.2833			-0.0234664
69.3167			-0.0234652
69.35			-0.0234639
69.3833			-0.0234626
69.4167			-0.0234613
69.45			-0.0234601
69.4833			-0.0234588
69.5167			-0.0234576
69.55			-0.0234563
69.5833			-0.023455
69.6167			-0.0234538
69.65			-0.0234525
69.6833			-0.0234513
69.7167			-0.02345
69.75			-0.0234487
69.7833			-0.0234475
69.8167			-0.0234462
69.85			-0.023445
69.8833			-0.0234437
69.9167			-0.0234425
69.95			-0.0234412
69.9833			-0.02344
70.0167			-0.0234388
70.05			-0.0234375
70.0833			-0.0234363
70.1167			-0.023435
70.15			-0.0234338
70.1833			-0.0234325
70.2167			-0.0234313
70.25			-0.0234301
70.2833			-0.0234288
70.3167			-0.0234276
70.35			-0.0234264
70.3833			-0.0234251
70.4167			-0.0234239
70.45			-0.0234227
70.4833			-0.0234214
70.5167			-0.0234202
70.55			-0.023419
70.5833			-0.0234178
70.6167			-0.0234165
70.65			-0.0234153
70.6833			-0.0234141
70.7167			-0.0234129
70.75			-0.0234117
70.7833			-0.0234104
70.8167			-0.0234092
70.85			-0.023408
70.8833			-0.0234068
70.9167			-0.0234056
70.95			-0.0234044
70.9833			-0.0234032
71.0167			-0.0234019
71.05			-0.0234007
71.0833			-0.0233995
71.1167			-0.0233983
71.15			-0.0233971
71.1833			-0.0233959
71.2167			-0.0233947
71.25			-0.0233935
71.2833			-0.0233923
71.3167			-0.0233911
71.35			-0.0233899
71.3833			-0.0233887
71.4167			-0.0233875
71.45			-0.0233863
71.4833			-0.0233851
71.5167			-0.0233839
71.55			-0.0233827
71.5833			-0.0233815
71.6167			-0.0233804
71.65			-0.0233792
71.6833			-0.023378
71.7167			-0.0233768
71.75			-0.0233756
71.7833			-0.0233744
71.8167			-0.0233732
71.85			-0.0233721
71.8833			-0.0233709
71.9167			-0.0233697
71.95			-0.0233685
71.9833			-0.0233673
72.0167			-0.0233662
72.05			-0.023365
72.0833			-0.0233638
72.1167			-0.0233626
72.15			-0.0233615
72.1833			-0.0233603
72.2167			-0.0233591
72.25			-0.023358
72.2833			-0.0233568
72.3167			-0.0233556
72.35			-0.0233545
72.3833			-0.0233533
72.4167			-0.0233521
72.45			-0.023351
72.4833			-0.0233498
72.5167			-0.0233486
72.55			-0.0233475
72.5833			-0.0233463
72.6167			-0.0233452
72.65			-0.023344
72.6833			-0.0233429
72.7167			-0.0233417
72.75			-0.0233406
72.7833			-0.0233394
72.8167			-0.0233382
72.85			-0.0233371
72.8833			-0.023336
72.9167			-0.0233348
72.95			-0.0233337
72.9833			-0.0233325
73.0167			-0.0233314
73.05			-0.0233302
73.0833			-0.0233291
73.1167			-0.0233279
73.15			-0.0233268
73.1833			-0.0233257
73.2167			-0.0233245
73.25			-0.0233234
73.2833			-0.0233222
73.3167			-0.0233211
73.35			-0.02332
73.3833			-0.0233188
73.4167			-0.0233177
73.45			-0.0233166
73.4833			-0.0233155
73.5167			-0.0233143
73.55			-0.0233132
73.5833			-0.0233121
73.6167			-0.0233109
73.65			-0.0233098
73.6833			-0.0233087
73.7167			-0.0233076
73.75			-0.0233064
73.7833			-0.0233053
73.8167			-0.0233042
73.85			-0.0233031
73.8833			-0.023302
73.9167			-0.0233009
73.95			-0.0232997
73.9833			-0.0232986
74.0167			-0.0232975
74.05			-0.0232964
74.0833			-0.0232953
74.1167			-0.0232942
74.15			-0.0232931
74.1833			-0.023292
74.2167			-0.0232909
74.25			-0.0232897
74.2833			-0.0232886
74.3167			-0.0232875
74.35			-0.0232864
74.3833			-0.0232853
74.4167			-0.0232842
74.45			-0.0232831
74.4833			-0.023282
74.5167			-0.0232809
74.55			-0.0232798
74.5833			-0.0232787
74.6167			-0.0232776
74.65			-0.0232765
74.6833			-0.0232754
74.7167			-0.0232744
74.75			-0.0232733
74.7833			-0.0232722
74.8167			-0.0232711
74.85			-0.02327
74.8833			-0.0232689
74.9167			-0.0232678
74.95			-0.0232667
74.9833			-0.0232656
75.0167			-0.0232646
75.05			-0.0232635
75.0833			-0.0232624
75.1167			-0.0232613
75.15			-0.0232602
75.1833			-0.0232592
75.2167			-0.0232581
75.25			-0.023257
75.2833			-0.0232559
75.3167			-0.0232548
75.35			-0.0232538
75.3833			-0.0232527
75.4167			-0.0232516
75.45			-0.0232506
75.4833			-0.0232495
75.5167			-0.0232484
75.55			-0.0232473
75.5833			-0.0232463
75.6167			-0.0232452
75.65			-0.0232441
75.6833			-0.0232431
75.7167			-0.023242
75.75			-0.023241
75.7833			-0.0232399
75.8167			-0.0232388
75.85			-0.0232378
75.8833			-0.0232367
75.9167			-0.0232357
75.95			-0.0232346
75.9833			-0.0232335
76.0167			-0.0232325
76.05			-0.0232314
76.0833			-0.0232304
76.1167			-0.0232293
76.15			-0.0232283
76.1833			-0.0232272
76.2167			-0.0232262
76.25			-0.0232251
76.2833			-0.0232241
76.3167			-0.023223
76.35			-0.023222
76.3833			-0.0232209
76.4167			-0.0232199
76.45			-0.0232188
76.4833			-0.0232178
76.5167			-0.0232168
76.55			-0.0232157
76.5833			-0.0232147
76.6167			-0.0232136
76.65			-0.0232126
76.6833			-0.0232116
76.7167			-0.0232105
76.75			-0.0232095
76.7833			-0.0232085
76.8167			-0.0232074
76.85			-0.0232064
76.8833			-0.0232054
76.9167			-0.0232043
76.95			-0.0232033
76.9833			-0.0232023
77.0167			-0.0232012
77.05			-0.0232002
77.0833			-0.0231992
77.1167			-0.0231982
77.15			-0.0231971
77.1833			-0.0231961
77.2167			-0.0231951
77.25			-0.0231941
77.2833			-0.023193
77.3167			-0.023192
77.35			-0.023191
77.3833			-0.02319
77.4167			-0.023189
77.45			-0.023188
77.4833			-0.0231869
77.5167			-0.0231859
77.55			-0.0231849
77.5833			-0.0231839
77.6167			-0.0231829
77.65			-0.0231819
77.6833			-0.0231809
77.7167			-0.0231798
77.75			-0.0231788
77.7833			-0.0231778
77.8167			-0.0231768
77.85			-0.0231758
77.8833			-0.0231748
77.9167			-0.0231738
77.95			-0.0231728
77.9833			-0.0231718
78.0167			-0.0231708
78.05			-0.0231698
78.0833			-0.0231688
78.1167			-0.0231678
78.15			-0.0231668
78.1833			-0.0231658
78.2167			-0.0231648
78.25			-0.0231638
78.2833			-0.0231628
78.3167			-0.0231618
78.35			-0.0231608
78.3833			-0.0231598
78.4167			-0.0231588
78.45			-0.0231578
78.4833			-0.0231569
78.5167			-0.0231559
78.55			-0.0231549
78.5833			-0.0231539
78.6167			-0.0231529
78.65			-0.0231519
78.6833			-0.0231509
78.7167			-0.0231499
78.75			-0.023149
78.7833			-0.023148
78.8167			-0.023147
78.85			-0.023146
78.8833			-0.023145
78.9167			-0.0231441
78.95			-0.0231431
78.9833			-0.0231421
79.0167			-0.0231411
79.05			-0.0231402
79.0833			-0.0231392
79.1167			-0.0231382
79.15			-0.0231372
79.1833			-0.0231363
79.2167			-0.0231353
79.25			-0.0231343
79.2833			-0.0231333
79.3167			-0.0231324
79.35			-0.0231314
79.3833			-0.0231304
79.4167			-0.0231295
79.45			-0.0231285
79.4833			-0.0231275
79.5167			-0.0231266
79.55			-0.0231256
79.5833			-0.0231246
79.6167			-0.0231237
79.65			-0.0231227
79.6833			-0.0231218
79.7167			-0.0231208
79.75			-0.0231198
79.7833			-0.0231189
79.8167			-0.0231179
79.85			-0.023117
79.8833			-0.023116
79.9167			-0.0231151
79.95			-0.0231141
79.9833			-0.0231132
80.0167			-0.0231122
80.05			-0.0231113
80.0833			-0.0231103
80.1167			-0.0231094
80.15			-0.0231084
80.1833			-0.0231075
80.2167			-0.0231065
80.25			-0.0231056
80.2833			-0.0231046
80.3167			-0.0231037
80.35			-0.0231027
80.3833			-0.0231018
80.4167			-0.0231008
80.45			-0.0230999
80.4833			-0.023099
80.5167			-0.023098
80.55			-0.0230971
80.5833			-0.0230961
80.6167			-0.0230952
80.65			-0.0230943
80.6833			-0.0230933
80.7167			-0.0230924
80.75			-0.0230914
80.7833			-0.0230905
80.8167			-0.0230896
80.85			-0.0230886
80.8833			-0.0230877
80.9167			-0.0230868
80.95			-0.0230859
80.9833			-0.0230849
81.0167			-0.023084
81.05			-0.0230831
81.0833			-0.0230821
81.1167			-0.0230812
81.15			-0.0230803
81.1833			-0.0230794
81.2167			-0.0230784
81.25			-0.0230775
81.2833			-0.0230766
81.3167			-0.0230757
81.35			-0.0230747
81.3833			-0.0230738
81.4167			-0.0230729
81.45			-0.023072
81.4833			-0.0230711
81.5167			-0.0230702
81.55			-0.0230692
81.5833			-0.0230683
81.6167			-0.0230674
81.65			-0.0230665
81.6833			-0.0230656
81.7167			-0.0230647
81.75			-0.0230637
81.7833			-0.0230628
81.8167			-0.0230619
81.85			-0.023061
81.8833			-0.0230601
81.9167			-0.0230592
81.95			-0.0230583
81.9833			-0.0230574
82.0167			-0.0230565
82.05			-0.0230556
82.0833			-0.0230547
82.1167			-0.0230538
82.15			-0.0230529
82.1833			-0.023052
82.2167			-0.0230511
82.25			-0.0230502
82.2833			-0.0230493
82.3167			-0.0230484
82.35			-0.0230475
82.3833			-0.0230466
82.4167			-0.0230457
82.45			-0.0230448
82.4833			-0.0230439
82.5167			-0.023043
82.55			-0.0230421
82.5833			-0.0230412
82.6167			-0.0230403
82.65			-0.0230394
82.6833			-0.0230385
82.7167			-0.0230376
82.75			-0.0230367
82.7833			-0.0230358
82.8167			-0.0230349
82.85			-0.0230341
82.8833			-0.0230332
82.9167			-0.0230323
82.95			-0.0230314
82.9833			-0.0230305
83.0167			-0.0230296
83.05			-0.0230287
83.0833			-0.0230279
83.1167			-0.023027
83.15			-0.0230261
83.1833			-0.0230252
83.2167			-0.0230243
83.25			-0.0230234
83.2833			-0.0230226
83.3167			-0.0230217
83.35			-0.0230208
83.3833			-0.0230199
83.4167			-0.0230191
83.45			-0.0230182
83.4833			-0.0230173
83.5167			-0.0230164
83.55			-0.0230156
83.5833			-0.0230147
83.6167			-0.0230138
83.65			-0.0230129
83.6833			-0.0230121
83.7167			-0.0230112
83.75			-0.0230103
83.7833			-0.0230095
83.8167			-0.0230086
83.85			-0.0230077
83.8833			-0.0230069
83.9167			-0.023006
83.95			-0.0230051
83.9833			-0.0230043
84.0167			-0.0230034
84.05			-0.0230025
84.0833			-0.0230017
84.1167			-0.0230008
84.15			-0.023
84.1833			-0.0229991
84.2167			-0.0229982
84.25			-0.0229974
84.2833			-0.0229965
84.3167			-0.0229957
84.35			-0.0229948
84.3833			-0.022994
84.4167			-0.0229931
84.45			-0.0229922
84.4833			-0.0229914
84.5167			-0.0229905
84.55			-0.0229897
84.5833			-0.0229888
84.6167			-0.022988
84.65			-0.0229871
84.6833			-0.0229863
84.7167			-0.0229854
84.75			-0.0229846
84.7833			-0.0229837
84.8167			-0.0229829
84.85			-0.022982
84.8833			-0.0229812
84.9167			-0.0229803
84.95			-0.0229795
84.9833			-0.0229787
85.0167			-0.0229778
85.05			-0.022977
85.0833			-0.0229761
85.1167			-0.0229753
85.15			-0.0229744
85.1833			-0.0229736
85.2167			-0.0229728
85.25			-0.0229719
85.2833			-0.0229711
85.3167			-0.0229703
85.35			-0.0229694
85.3833			-0.0229686
85.4167			-0.0229677
85.45			-0.0229669
85.4833			-0.0229661
85.5167			-0.0229652
85.55			-0.0229644
85.5833			-0.0229636
85.6167			-0.0229627
85.65			-0.0229619
85.6833			-0.0229611
85.7167			-0.0229603
85.75			-0.0229594
85.7833			-0.0229586
85.8167			-0.0229578
85.85			-0.0229569
85.8833			-0.0229561
85.9167			-0.0229553
85.95			-0.0229545
85.9833			-0.0229536
86.0167			-0.0229528
86.05			-0.022952
86.0833			-0.0229512
86.1167			-0.0229503
86.15			-0.0229495
86.1833			-0.0229487
86.2167			-0.0229479
86.25			-0.0229471
86.2833			-0.0229462
86.3167			-0.0229454
86.35			-0.0229446
86.3833			-0.0229438
86.4167			-0.022943
86.45			-0.0229422
86.4833			-0.0229413
86.5167			-0.0229405
86.55			-0.0229397
86.5833			-0.0229389
86.6167			-0.0229381
86.65			-0.0229373
86.6833			-0.0229365
86.7167			-0.0229357
86.75			-0.0229349
86.7833			-0.022934
86.8167			-0.0229332
86.85			-0.0229324
86.8833			-0.0229316
86.9167			-0.0229308
86.95			-0.02293
86.9833			-0.0229292
87.0167			-0.0229284
87.05			-0.0229276
87.0833			-0.0229268
87.1167			-0.022926
87.15			-0.0229252
87.1833			-0.0229244
87.2167			-0.0229236
87.25			-0.0229228
87.2833			-0.022922
87.3167			-0.0229212
87.35			-0.0229204
87.3833			-0.0229196
87.4167			-0.0229188
87.45			-0.022918
87.4833			-0.0229172
87.5167			-0.0229164
87.55			-0.0229156
87.5833			-0.0229148
87.6167			-0.022914
87.65			-0.0229132
87.6833			-0.0229124
87.7167			-0.0229116
87.75			-0.0229108
87.7833			-0.02291
87.8167			-0.0229093
87.85			-0.0229085
87.8833			-0.0229077
87.9167			-0.0229069
87.95			-0.0229061
87.9833			-0.0229053
88.0167			-0.0229045
88.05			-0.0229037
88.0833			-0.022903
88.1167			-0.0229022
88.15			-0.0229014
88.1833			-0.0229006
88.2167			-0.0228998
88.25			-0.022899
88.2833			-0.0228983
88.3167			-0.0228975
88.35			-0.0228967
88.3833			-0.0228959
88.4167			-0.0228951
88.45			-0.0228944
88.4833			-0.0228936
88.5167			-0.0228928
88.55			-0.022892
88.5833			-0.0228912
88.6167			-0.0228905
88.65			-0.0228897
88.6833			-0.0228889
88.7167			-0.0228881
88.75			-0.0228874
88.7833			-0.0228866
88.8167			-0.0228858
88.85			-0.0228851
88.8833			-0.0228843
88.9167			-0.0228835
88.95			-0.0228827
88.9833			-0.022882
89.0167			-0.0228812
89.05			-0.0228804
89.0833			-0.0228797
89.1167			-0.0228789
89.15			-0.0228781
89.1833			-0.0228774
89.2167			-0.0228766
89.25			-0.0228758
89.2833			-0.0228751
89.3167			-0.0228743
89.35			-0.0228735
89.3833			-0.0228728
89.4167			-0.022872
89.45			-0.0228713
89.4833			-0.0228705
89.5167			-0.0228697
89.55			-0.022869
89.5833			-0.0228682
89.6167			-0.0228675
89.65			-0.0228667
89.6833			-0.0228659
89.7167			-0.0228652
89.75			-0.0228644
89.7833			-0.0228637
89.8167			-0.0228629
89.85			-0.0228622
89.8833			-0.0228614
89.9167			-0.0228607
89.95			-0.0228599
89.9833			-0.0228591
90.0167			-0.0228584
90.05			-0.0228576
90.0833			-0.0228569
90.1167			-0.0228561
90.15			-0.0228554
90.1833			-0.0228546
90.2167			-0.0228539
90.25			-0.0228531
90.2833			-0.0228524
90.3167			-0.0228516
90.35			-0.0228509
90.3833			-0.0228502
90.4167			-0.0228494
90.45			-0.0228487
90.4833			-0.0228479
90.5167			-0.0228472
90.55			-0.0228464
90.5833			-0.0228457
90.6167			-0.022845
90.65			-0.0228442
90.6833			-0.0228435
90.7167			-0.0228427
90.75			-0.022842
90.7833			-0.0228412
90.8167			-0.0228405
90.85			-0.0228398
90.8833			-0.022839
90.9167			-0.0228383
90.95			-0.0228376
90.9833			-0.0228368
91.0167			-0.0228361
91.05			-0.0228354
91.0833			-0.0228346
91.1167			-0.0228339
91.15			-0.0228332
91.1833			-0.0228324
91.2167			-0.0228317
91.25			-0.022831
91.2833			-0.0228302
91.3167			-0.0228295
91.35			-0.0228288
91.3833			-0.022828
91.4167			-0.0228273
91.45			-0.0228266
91.4833			-0.0228258
91.5167			-0.0228251
91.55			-0.0228244
91.5833			-0.0228237
91.6167			-0.0228229
91.65			-0.0228222
91.6833			-0.0228215
91.7167			-0.0228208
91.75			-0.02282
91.7833			-0.0228193
91.8167			-0.0228186
91.85			-0.0228179
91.8833			-0.0228171
91.9167			-0.0228164
91.95			-0.0228157
91.9833			-0.022815
92.0167			-0.0228143
92.05			-0.0228135
92.0833			-0.0228128
92.1167			-0.0228121
92.15			-0.0228114
92.1833			-0.0228107
92.2167			-0.02281
92.25			-0.0228092
92.2833			-0.0228085
92.3167			-0.0228078
92.35			-0.0228071
92.3833			-0.0228064
92.4167			-0.0228057
92.45			-0.022805
92.4833			-0.0228042
92.5167			-0.0228035
92.55			-0.0228028
92.5833			-0.0228021
92.6167			-0.0228014
92.65			-0.0228007
92.6833			-0.0228
92.7167			-0.0227993
92.75			-0.0227986
92.7833			-0.0227979
92.8167			-0.0227972
92.85			-0.0227964
92.8833			-0.0227957
92.9167			-0.022795
92.95			-0.0227943
92.9833			-0.0227936
93.0167			-0.0227929
93.05			-0.0227922
93.0833			-0.0227915
93.1167			-0.0227908
93.15			-0.0227901
93.1833			-0.0227894
93.2167			-0.0227887
93.25			-0.022788
93.2833			-0.0227873
93.3167			-0.0227866
93.35			-0.0227859
93.3833			-0.0227852
93.4167			-0.0227845
93.45			-0.0227838
93.4833			-0.0227831
93.5167			-0.0227824
93.55			-0.0227817
93.5833			-0.022781
93.6167			-0.0227803
93.65			-0.0227796
93.6833			-0.0227789
93.7167			-0.0227782
93.75			-0.0227776
93.7833			-0.0227769
93.8167			-0.0227762
93.85			-0.0227755
93.8833			-0.0227748
93.9167			-0.0227741
93.95			-0.0227734
93.9833			-0.0227727
94.0167			-0.022772
94.05			-0.0227713
94.0833			-0.0227706
94.1167			-0.02277
94.15			-0.0227693
94.1833			-0.0227686
94.2167			-0.0227679
94.25			-0.0227672
94.2833			-0.0227665
94.3167			-0.0227658
94.35			-0.0227652
94.3833			-0.0227645
94.4167			-0.0227638
94.45			-0.0227631
94.4833			-0.0227624
94.5167			-0.0227617
94.55			-0.0227611
94.5833			-0.0227604
94.6167			-0.0227597
94.65			-0.022759
94.6833			-0.0227583
94.7167			-0.0227577
94.75			-0.022757
94.7833			-0.0227563
94.8167			-0.0227556
94.85			-0.0227549
94.8833			-0.0227543
94.9167			-0.0227536
94.95			-0.0227529
94.9833			-0.0227522
95.0167			-0.0227516
95.05			-0.0227509
95.0833			-0.0227502
95.1167			-0.0227495
95.15			-0.0227489
95.1833			-0.0227482
95.2167			-0.0227475
95.25			-0.0227469
95.2833			-0.0227462
95.3167			-0.0227455
95.35			-0.0227448
95.3833			-0.0227442
95.4167			-0.0227435
95.45			-0.0227428
95.4833			-0.0227422
95.5167			-0.0227415
95.55			-0.0227408
95.5833			-0.0227402
95.6167			-0.0227395
95.65			-0.0227388
95.6833			-0.0227382
95.7167			-0.0227375
95.75			-0.0227368
95.7833			-0.0227362
95.8167			-0.0227355
95.85			-0.0227349
95.8833			-0.0227342
95.9167			-0.0227335
95.95			-0.0227329
95.9833			-0.0227322
96.0167			-0.0227315
96.05			-0.0227309
96.0833			-0.0227302
96.1167			-0.0227296
96.15			-0.0227289
96.1833			-0.0227282
96.2167			-0.0227276
96.25			-0.0227269
96.2833			-0.0227263
96.3167			-0.0227256
96.35			-0.022725
96.3833			-0.0227243
96.4167			-0.0227236
96.45			-0.022723
96.4833			-0.0227223
96.5167			-0.0227217
96.55			-0.022721
96.5833			-0.0227204
96.6167			-0.0227197
96.65			-0.0227191
96.6833			-0.0227184
96.7167			-0.0227178
96.75			-0.0227171
96.7833			-0.0227165
96.8167			-0.0227158
96.85			-0.0227152
96.8833			-0.0227145
96.9167			-0.0227139
96.95			-0.0227132
96.9833			-0.0227126
97.0167			-0.0227119
97.05			-0.0227113
97.0833			-0.0227106
97.1167			-0.02271
97.15			-0.0227093
97.1833			-0.0227087
97.2167			-0.0227081
97.25			-0.0227074
97.2833			-0.0227068
97.3167			-0.0227061
97.35			-0.0227055
97.3833			-0.0227048
97.4167			-0.0227042
97.45			-0.0227036
97.4833			-0.0227029
97.5167			-0.0227023
97.55			-0.0227016
97.5833			-0.022701
97.6167			-0.0227004
97.65			-0.0226997
97.6833			-0.0226991
97.7167			-0.0226984
97.75			-0.0226978
97.7833			-0.0226972
97.8167			-0.0226965
97.85			-0.0226959
97.8833			-0.0226953
97.9167			-0.0226946
97.95			-0.022694
97.9833			-0.0226934
98.0167			-0.0226927
98.05			-0.0226921
98.0833			-0.0226915
98.1167			-0.0226908
98.15			-0.0226902
98.1833			-0.0226896
98.2167			-0.0226889
98.25			-0.0226883
98.2833			-0.0226877
98.3167			-0.022687
98.35			-0.0226864
98.3833			-0.0226858
98.4167			-0.0226851
98.45			-0.0226845
98.4833			-0.0226839
98.5167			-0.0226833
98.55			-0.0226826
98.5833			-0.022682
98.6167			-0.0226814
98.65			-0.0226808
98.6833			-0.0226801
98.7167			-0.0226795
98.75			-0.0226789
98.7833			-0.0226783
98.8167			-0.0226776
98.85			-0.022677
98.8833			-0.0226764
98.9167			-0.0226758
98.95			-0.0226751
98.9833			-0.0226745
99.0167			-0.0226739
99.05			-0.0226733
99.0833			-0.0226727
99.1167			-0.022672
99.15			-0.0226714
99.1833			-0.0226708
99.2167			-0.0226702
99.25			-0.0226696
99.2833			-0.0226689
99.3167			-0.0226683
99.35			-0.0226677
99.3833			-0.0226671
99.4167			-0.0226665
99.45			-0.0226659
99.4833			-0.0226652
99.5167			-0.0226646
99.55			-0.022664
99.5833			-0.0226634
99.6167			-0.0226628
99.65			-0.0226622
99.6833			-0.0226616
99.7167			-0.0226609
99.75			-0.0226603
99.7833			-0.0226597
99.8167			-0.0226591
99.85			-0.0226585
99.8833			-0.0226579
99.9167			-0.0226573
99.95			-0.0226567
99.9833			-0.0226561
