0.05			-0.430353
0.0833333			-0.429534
0.116667			-0.427999
0.15			-0.425691
0.183333			-0.422434
0.216667			-0.418074
0.25			-0.412531
0.283333			-0.40581
0.316667			-0.397996
0.35			-0.389238
0.383333			-0.379717
0.416667			-0.36963
0.45			-0.35917
0.483333			-0.34851
0.516667			-0.337801
0.55			-0.327169
0.583333			-0.316712
0.616667			-0.306507
0.65			-0.296609
0.683333			-0.287055
0.716667			-0.27787
0.75			-0.269067
0.783333			-0.260648
0.816667			-0.252613
0.85			-0.244953
0.883333			-0.237658
0.916667			-0.230715
0.95			-0.224109
0.983333			-0.217824
1.01667			-0.211846
1.05			-0.206158
1.08333			-0.200744
1.11667			-0.19559
1.15			-0.19068
1.18333			-0.186001
1.21667			-0.18154
1.25			-0.177283
1.28333			-0.17322
1.31667			-0.169339
1.35			-0.165628
1.38333			-0.16208
1.41667			-0.158684
1.45			-0.155431
1.48333			-0.152314
1.51667			-0.149325
1.55			-0.146456
1.58333			-0.143702
1.61667			-0.141056
1.65			-0.138512
1.68333			-0.136066
1.71667			-0.13371
1.75			-0.131442
1.78333			-0.129257
1.81667			-0.127149
1.85			-0.125116
1.88333			-0.123154
1.91667			-0.12126
1.95			-0.119429
1.98333			-0.117659
2.01667			-0.115948
2.05			-0.114291
2.08333			-0.112688
2.11667			-0.111135
2.15			-0.109631
2.18333			-0.108173
2.21667			-0.106758
2.25			-0.105386
2.28333			-0.104054
2.31667			-0.102761
2.35			-0.101506
2.38333			-0.100285
2.41667			-0.0990988
2.45			-0.0979453
2.48333			-0.0968232
2.51667			-0.0957313
2.55			-0.0946685
2.58333			-0.0936335
2.61667			-0.0926254
2.65			-0.0916432
2.68333			-0.0906858
2.71667			-0.0897525
2.75			-0.0888422
2.78333			-0.0879542
2.81667			-0.0870877
2.85			-0.086242
2.88333			-0.0854163
2.91667			-0.0846098
2.95			-0.0838221
2.98333			-0.0830524
3.01667			-0.0823001
3.05			-0.0815647
3.08333			-0.0808456
3.11667			-0.0801422
3.15			-0.0794542
3.18333			-0.0787809
3.21667			-0.078122
3.25			-0.0774769
3.28333			-0.0768454
3.31667			-0.0762268
3.35			-0.0756209
3.38333			-0.0750273
3.41667			-0.0744456
3.45			-0.0738754
3.48333			-0.0733165
3.51667			-0.0727684
3.55			-0.072231
3.58333			-0.0717038
3.61667			-0.0711866
3.65			-0.0706792
3.68333			-0.0701812
3.71667			-0.0696924
3.75			-0.0692125
3.78333			-0.0687414
3.81667			-0.0682787
3.85			-0.0678242
3.88333			-0.0673778
3.91667			-0.0669392
3.95			-0.0665082
3.98333			-0.0660847
4.01667			-0.0656684
4.05			-0.0652591
4.08333			-0.0648568
4.11667			-0.0644611
4.15			-0.064072
4.18333			-0.0636892
4.21667			-0.0633127
4.25			-0.0629423
4.28333			-0.0625778
4.31667			-0.0622191
4.35			-0.0618661
4.38333			-0.0615185
4.41667			-0.0611764
4.45			-0.0608396
4.48333			-0.0605079
4.51667			-0.0601813
4.55			-0.0598595
4.58333			-0.0595426
4.61667			-0.0592305
4.65			-0.0589229
4.68333			-0.0586198
4.71667			-0.0583211
4.75			-0.0580268
4.78333			-0.0577366
4.81667			-0.0574506
4.85			-0.0571687
4.88333			-0.0568907
4.91667			-0.0566165
4.95			-0.0563462
4.98333			-0.0560796
5.01667			-0.0558167
5.05			-0.0555573
5.08333			-0.0553014
5.11667			-0.0550489
5.15			-0.0547998
5.18333			-0.054554
5.21667			-0.0543114
5.25			-0.054072
5.28333			-0.0538357
5.31667			-0.0536025
5.35			-0.0533722
5.38333			-0.0531449
5.41667			-0.0529204
5.45			-0.0526988
5.48333			-0.0524799
5.51667			-0.0522637
5.55			-0.0520503
5.58333			-0.0518394
5.61667			-0.0516311
5.65			-0.0514253
5.68333			-0.051222
5.71667			-0.0510212
5.75			-0.0508227
5.78333			-0.0506266
5.81667			-0.0504328
5.85			-0.0502413
5.88333			-0.050052
5.91667			-0.0498648
5.95			-0.0496799
5.98333			-0.049497
6.01667			-0.0493163
6.05			-0.0491375
6.08333			-0.0489608
6.11667			-0.0487861
6.15			-0.0486133
6.18333			-0.0484424
6.21667			-0.0482734
6.25			-0.0481062
6.28333			-0.0479409
6.31667			-0.0477774
6.35			-0.0476156
6.38333			-0.0474555
6.41667			-0.0472972
6.45			-0.0471405
6.48333			-0.0469855
6.51667			-0.0468321
6.55			-0.0466804
6.58333			-0.0465301
6.61667			-0.0463815
6.65			-0.0462344
6.68333			-0.0460887
6.71667			-0.0459446
6.75			-0.0458019
6.78333			-0.0456607
6.81667			-0.0455208
6.85			-0.0453824
6.88333			-0.0452453
6.91667			-0.0451096
6.95			-0.0449752
6.98333			-0.0448422
7.01667			-0.0447104
7.05			-0.0445799
7.08333			-0.0444507
7.11667			-0.0443227
7.15			-0.0441959
7.18333			-0.0440704
7.21667			-0.043946
7.25			-0.0438228
7.28333			-0.0437007
7.31667			-0.0435798
7.35			-0.04346
7.38333			-0.0433414
7.41667			-0.0432238
7.45			-0.0431073
7.48333			-0.0429918
7.51667			-0.0428774
7.55			-0.042764
7.58333			-0.0426517
7.61667			-0.0425403
7.65			-0.04243
7.68333			-0.0423206
7.71667			-0.0422122
7.75			-0.0421048
7.78333			-0.0419982
7.81667			-0.0418927
7.85			-0.041788
7.88333			-0.0416842
7.91667			-0.0415814
7.95			-0.0414794
7.98333			-0.0413783
8.01667			-0.041278
8.05			-0.0411786
8.08333			-0.0410801
8.11667			-0.0409823
8.15			-0.0408854
8.18333			-0.0407893
8.21667			-0.040694
8.25			-0.0405995
8.28333			-0.0405057
8.31667			-0.0404127
8.35			-0.0403205
8.38333			-0.040229
8.41667			-0.0401383
8.45			-0.0400483
8.48333			-0.039959
8.51667			-0.0398704
8.55			-0.0397826
8.58333			-0.0396954
8.61667			-0.0396089
8.65			-0.0395231
8.68333			-0.039438
8.71667			-0.0393536
8.75			-0.0392698
8.78333			-0.0391866
8.81667			-0.0391041
8.85			-0.0390222
8.88333			-0.038941
8.91667			-0.0388603
8.95			-0.0387803
8.98333			-0.0387009
9.01667			-0.0386221
9.05			-0.0385439
9.08333			-0.0384663
9.11667			-0.0383892
9.15			-0.0383127
9.18333			-0.0382368
9.21667			-0.0381615
9.25			-0.0380867
9.28333			-0.0380124
9.31667			-0.0379387
9.35			-0.0378655
9.38333			-0.0377929
9.41667			-0.0377208
9.45			-0.0376492
9.48333			-0.0375781
9.51667			-0.0375075
9.55			-0.0374375
9.58333			-0.0373679
9.61667			-0.0372988
9.65			-0.0372302
9.68333			-0.0371621
9.71667			-0.0370944
9.75			-0.0370273
9.78333			-0.0369606
9.81667			-0.0368943
9.85			-0.0368285
9.88333			-0.0367632
9.91667			-0.0366983
9.95			-0.0366339
9.98333			-0.0365699
10.0167			-0.0365063
10.05			-0.0364432
10.0833			-0.0363805
10.1167			-0.0363182
10.15			-0.0362563
10.1833			-0.0361948
10.2167			-0.0361338
10.25			-0.0360731
10.2833			-0.0360129
10.3167			-0.035953
10.35			-0.0358936
10.3833			-0.0358345
10.4167			-0.0357758
10.45			-0.0357175
10.4833			-0.0356596
10.5167			-0.035602
10.55			-0.0355449
10.5833			-0.035488
10.6167			-0.0354316
10.65			-0.0353755
10.6833			-0.0353198
10.7167			-0.0352644
10.75			-0.0352094
10.7833			-0.0351547
10.8167			-0.0351003
10.85			-0.0350463
10.8833			-0.0349927
10.9167			-0.0349393
10.95			-0.0348863
10.9833			-0.0348336
11.0167			-0.0347813
11.05			-0.0347293
11.0833			-0.0346776
11.1167			-0.0346262
11.15			-0.0345751
11.1833			-0.0345243
11.2167			-0.0344738
11.25			-0.0344237
11.2833			-0.0343738
11.3167			-0.0343243
11.35			-0.034275
11.3833			-0.034226
11.4167			-0.0341773
11.45			-0.034129
11.4833			-0.0340808
11.5167			-0.034033
11.55			-0.0339855
11.5833			-0.0339382
11.6167			-0.0338912
11.65			-0.0338445
11.6833			-0.0337981
11.7167			-0.0337519
11.75			-0.033706
11.7833			-0.0336604
11.8167			-0.033615
11.85			-0.0335698
11.8833			-0.033525
11.9167			-0.0334804
11.95			-0.033436
11.9833			-0.0333919
12.0167			-0.0333481
12.05			-0.0333044
12.0833			-0.0332611
12.1167			-0.033218
12.15			-0.0331751
12.1833			-0.0331324
12.2167			-0.03309
12.25			-0.0330478
12.2833			-0.0330059
12.3167			-0.0329642
12.35			-0.0329227
12.3833			-0.0328815
12.4167			-0.0328404
12.45			-0.0327996
12.4833			-0.032759
12.5167			-0.0327187
12.55			-0.0326785
12.5833			-0.0326386
12.6167			-0.0325989
12.65			-0.0325594
12.6833			-0.0325201
12.7167			-0.032481
12.75			-0.0324421
12.7833			-0.0324035
12.8167			-0.032365
12.85			-0.0323267
12.8833			-0.0322887
12.9167			-0.0322508
12.95			-0.0322131
12.9833			-0.0321757
13.0167			-0.0321384
13.05			-0.0321013
13.0833			-0.0320644
13.1167			-0.0320277
13.15			-0.0319912
13.1833			-0.0319549
13.2167			-0.0319188
13.25			-0.0318828
13.2833			-0.031847
13.3167			-0.0318115
13.35			-0.0317761
13.3833			-0.0317408
13.4167			-0.0317058
13.45			-0.0316709
13.4833			-0.0316362
13.5167			-0.0316017
13.55			-0.0315673
13.5833			-0.0315332
13.6167			-0.0314991
13.65			-0.0314653
13.6833			-0.0314316
13.7167			-0.0313981
13.75			-0.0313648
13.7833			-0.0313316
13.8167			-0.0312986
13.85			-0.0312657
13.8833			-0.031233
13.9167			-0.0312005
13.95			-0.0311681
13.9833			-0.0311359
14.0167			-0.0311038
14.05			-0.0310719
14.0833			-0.0310401
14.1167			-0.0310085
14.15			-0.0309771
14.1833			-0.0309458
14.2167			-0.0309146
14.25			-0.0308836
14.2833			-0.0308528
14.3167			-0.030822
14.35			-0.0307915
14.3833			-0.030761
14.4167			-0.0307307
14.45			-0.0307006
14.4833			-0.0306706
14.5167			-0.0306407
14.55			-0.030611
14.5833			-0.0305814
14.6167			-0.030552
14.65			-0.0305227
14.6833			-0.0304935
14.7167			-0.0304644
14.75			-0.0304355
14.7833			-0.0304067
14.8167			-0.0303781
14.85			-0.0303496
14.8833			-0.0303212
14.9167			-0.0302929
14.95			-0.0302648
14.9833			-0.0302368
15.0167			-0.0302089
15.05			-0.0301812
15.0833			-0.0301535
15.1167			-0.030126
15.15			-0.0300986
15.1833			-0.0300714
15.2167			-0.0300442
15.25			-0.0300172
15.2833			-0.0299903
15.3167			-0.0299635
15.35			-0.0299369
15.3833			-0.0299103
15.4167			-0.0298839
15.45			-0.0298576
15.4833			-0.0298314
15.5167			-0.0298053
15.55			-0.0297793
15.5833			-0.0297535
15.6167			-0.0297277
15.65			-0.0297021
15.6833			-0.0296766
15.7167			-0.0296511
15.75			-0.0296258
15.7833			-0.0296006
15.8167			-0.0295755
15.85			-0.0295506
15.8833			-0.0295257
15.9167			-0.0295009
15.95			-0.0294762
15.9833			-0.0294517
16.0167			-0.0294272
16.05			-0.0294028
16.0833			-0.0293786
16.1167			-0.0293544
16.15			-0.0293304
16.1833			-0.0293064
16.2167			-0.0292826
16.25			-0.0292588
16.2833			-0.0292352
16.3167			-0.0292116
16.35			-0.0291882
16.3833			-0.0291648
16.4167			-0.0291415
16.45			-0.0291184
16.4833			-0.0290953
16.5167			-0.0290723
16.55			-0.0290494
16.5833			-0.0290266
16.6167			-0.0290039
16.65			-0.0289813
16.6833			-0.0289588
16.7167			-0.0289364
16.75			-0.028914
16.7833			-0.0288918
16.8167			-0.0288696
16.85			-0.0288475
16.8833			-0.0288256
16.9167			-0.0288037
16.95			-0.0287819
16.9833			-0.0287601
17.0167			-0.0287385
17.05			-0.0287169
17.0833			-0.0286955
17.1167			-0.0286741
17.15			-0.0286528
17.1833			-0.0286316
17.2167			-0.0286105
17.25			-0.0285894
17.2833			-0.0285685
17.3167			-0.0285476
17.35			-0.0285268
17.3833			-0.0285061
17.4167			-0.0284854
17.45			-0.0284649
17.4833			-0.0284444
17.5167			-0.028424
17.55			-0.0284037
17.5833			-0.0283834
17.6167			-0.0283633
17.65			-0.0283432
17.6833			-0.0283231
17.7167			-0.0283032
17.75			-0.0282833
17.7833			-0.0282636
17.8167			-0.0282439
17.85			-0.0282242
17.8833			-0.0282047
17.9167			-0.0281852
17.95			-0.0281657
17.9833			-0.0281464
18.0167			-0.0281271
18.05			-0.0281079
18.0833			-0.0280888
18.1167			-0.0280698
18.15			-0.0280508
18.1833			-0.0280319
18.2167			-0.028013
18.25			-0.0279942
18.2833			-0.0279755
18.3167			-0.0279569
18.35			-0.0279383
18.3833			-0.0279198
18.4167			-0.0279014
18.45			-0.027883
18.4833			-0.0278647
18.5167			-0.0278465
18.55			-0.0278283
18.5833			-0.0278102
18.6167			-0.0277922
18.65			-0.0277742
18.6833			-0.0277563
18.7167			-0.0277385
18.75			-0.0277207
18.7833			-0.027703
18.8167			-0.0276854
18.85			-0.0276678
18.8833			-0.0276503
18.9167			-0.0276328
18.95			-0.0276154
18.9833			-0.0275981
19.0167			-0.0275808
19.05			-0.0275636
19.0833			-0.0275464
19.1167			-0.0275293
19.15			-0.0275123
19.1833			-0.0274953
19.2167			-0.0274784
19.25			-0.0274616
19.2833			-0.0274448
19.3167			-0.027428
19.35			-0.0274114
19.3833			-0.0273947
19.4167			-0.0273782
19.45			-0.0273617
19.4833			-0.0273452
19.5167			-0.0273288
19.55			-0.0273125
19.5833			-0.0272962
19.6167			-0.02728
19.65			-0.0272638
19.6833			-0.0272477
19.7167			-0.0272317
19.75			-0.0272157
19.7833			-0.0271997
19.8167			-0.0271838
19.85			-0.027168
19.8833			-0.0271522
19.9167			-0.0271365
19.95			-0.0271208
19.9833			-0.0271052
20.0167			-0.0270896
20.05			-0.0270741
20.0833			-0.0270586
20.1167			-0.0270432
20.15			-0.0270278
20.1833			-0.0270125
20.2167			-0.0269973
20.25			-0.0269821
20.2833			-0.0269669
20.3167			-0.0269518
20.35			-0.0269367
20.3833			-0.0269217
20.4167			-0.0269068
20.45			-0.0268918
20.4833			-0.026877
20.5167			-0.0268622
20.55			-0.0268474
20.5833			-0.0268327
20.6167			-0.026818
20.65			-0.0268034
20.6833			-0.0267888
20.7167			-0.0267743
20.75			-0.0267598
20.7833			-0.0267454
20.8167			-0.026731
20.85			-0.0267167
20.8833			-0.0267024
20.9167			-0.0266881
20.95			-0.0266739
20.9833			-0.0266598
21.0167			-0.0266457
21.05			-0.0266316
21.0833			-0.0266176
21.1167			-0.0266036
21.15			-0.0265897
21.1833			-0.0265758
21.2167			-0.0265619
21.25			-0.0265481
21.2833			-0.0265344
21.3167			-0.0265207
21.35			-0.026507
21.3833			-0.0264934
21.4167			-0.0264798
21.45			-0.0264663
21.4833			-0.0264528
21.5167			-0.0264393
21.55			-0.0264259
21.5833			-0.0264125
21.6167			-0.0263992
21.65			-0.0263859
21.6833			-0.0263727
21.7167			-0.0263594
21.75			-0.0263463
21.7833			-0.0263332
21.8167			-0.0263201
21.85			-0.026307
21.8833			-0.026294
21.9167			-0.0262811
21.95			-0.0262681
21.9833			-0.0262553
22.0167			-0.0262424
22.05			-0.0262296
22.0833			-0.0262168
22.1167			-0.0262041
22.15			-0.0261914
22.1833			-0.0261788
22.2167			-0.0261662
22.25			-0.0261536
22.2833			-0.0261411
22.3167			-0.0261286
22.35			-0.0261161
22.3833			-0.0261037
22.4167			-0.0260913
22.45			-0.0260789
22.4833			-0.0260666
22.5167			-0.0260544
22.55			-0.0260421
22.5833			-0.0260299
22.6167			-0.0260178
22.65			-0.0260056
22.6833			-0.0259935
22.7167			-0.0259815
22.75			-0.0259695
22.7833			-0.0259575
22.8167			-0.0259455
22.85			-0.0259336
22.8833			-0.0259217
22.9167			-0.0259099
22.95			-0.0258981
22.9833			-0.0258863
23.0167			-0.0258745
23.05			-0.0258628
23.0833			-0.0258512
23.1167			-0.0258395
23.15			-0.0258279
23.1833			-0.0258164
23.2167			-0.0258048
23.25			-0.0257933
23.2833			-0.0257818
23.3167			-0.0257704
23.35			-0.025759
23.3833			-0.0257476
23.4167			-0.0257363
23.45			-0.025725
23.4833			-0.0257137
23.5167			-0.0257025
23.55			-0.0256912
23.5833			-0.0256801
23.6167			-0.0256689
23.65			-0.0256578
23.6833			-0.0256467
23.7167			-0.0256357
23.75			-0.0256247
23.7833			-0.0256137
23.8167			-0.0256027
23.85			-0.0255918
23.8833			-0.0255809
23.9167			-0.02557
23.95			-0.0255592
23.9833			-0.0255484
24.0167			-0.0255376
24.05			-0.0255269
24.0833			-0.0255161
24.1167			-0.0255055
24.15			-0.0254948
24.1833			-0.0254842
24.2167			-0.0254736
24.25			-0.025463
24.2833			-0.0254525
24.3167			-0.025442
24.35			-0.0254315
24.3833			-0.025421
24.4167			-0.0254106
24.45			-0.0254002
24.4833			-0.0253899
24.5167			-0.0253795
24.55			-0.0253692
24.5833			-0.0253589
24.6167			-0.0253487
24.65			-0.0253385
24.6833			-0.0253283
24.7167			-0.0253181
24.75			-0.025308
24.7833			-0.0252978
24.8167			-0.0252878
24.85			-0.0252777
24.8833			-0.0252677
24.9167			-0.0252577
24.95			-0.0252477
24.9833			-0.0252377
25.0167			-0.0252278
25.05			-0.0252179
25.0833			-0.025208
25.1167			-0.0251982
25.15			-0.0251884
25.1833			-0.0251786
25.2167			-0.0251688
25.25			-0.0251591
25.2833			-0.0251494
25.3167			-0.0251397
25.35			-0.02513
25.3833			-0.0251204
25.4167			-0.0251108
25.45			-0.0251012
25.4833			-0.0250916
25.5167			-0.0250821
25.55			-0.0250726
25.5833			-0.0250631
25.6167			-0.0250537
25.65			-0.0250442
25.6833			-0.0250348
25.7167			-0.0250254
25.75			-0.0250161
25.7833			-0.0250067
25.8167			-0.0249974
25.85			-0.0249881
25.8833			-0.0249789
25.9167			-0.0249696
25.95			-0.0249604
25.9833			-0.0249512
26.0167			-0.024942
26.05			-0.0249329
26.0833			-0.0249238
26.1167			-0.0249147
26.15			-0.0249056
26.1833			-0.0248966
26.2167			-0.0248875
26.25			-0.0248785
26.2833			-0.0248695
26.3167			-0.0248606
26.35			-0.0248517
26.3833			-0.0248427
26.4167			-0.0248339
26.45			-0.024825
26.4833			-0.0248161
26.5167			-0.0248073
26.55			-0.0247985
26.5833			-0.0247897
26.6167			-0.024781
26.65			-0.0247722
26.6833			-0.0247635
26.7167			-0.0247548
26.75			-0.0247462
26.7833			-0.0247375
26.8167			-0.0247289
26.85			-0.0247203
26.8833			-0.0247117
26.9167			-0.0247032
26.95			-0.0246946
26.9833			-0.0246861
27.0167			-0.0246776
27.05			-0.0246691
27.0833			-0.0246607
27.1167			-0.0246522
27.15			-0.0246438
27.1833			-0.0246354
27.2167			-0.0246271
27.25			-0.0246187
27.2833			-0.0246104
27.3167			-0.0246021
27.35			-0.0245938
27.3833			-0.0245855
27.4167			-0.0245773
27.45			-0.024569
27.4833			-0.0245608
27.5167			-0.0245527
27.55			-0.0245445
27.5833			-0.0245363
27.6167			-0.0245282
27.65			-0.0245201
27.6833			-0.024512
27.7167			-0.0245039
27.75			-0.0244959
27.7833			-0.0244879
27.8167			-0.0244799
27.85			-0.0244719
27.8833			-0.0244639
27.9167			-0.0244559
27.95			-0.024448
27.9833			-0.0244401
28.0167			-0.0244322
28.05			-0.0244243
28.0833			-0.0244165
28.1167			-0.0244086
28.15			-0.0244008
28.1833			-0.024393
28.2167			-0.0243852
28.25			-0.0243775
28.2833			-0.0243697
28.3167			-0.024362
28.35			-0.0243543
28.3833			-0.0243466
28.4167			-0.0243389
28.45			-0.0243312
28.4833			-0.0243236
28.5167			-0.024316
28.55			-0.0243084
28.5833			-0.0243008
28.6167			-0.0242932
28.65			-0.0242857
28.6833			-0.0242782
28.7167			-0.0242707
28.75			-0.0242632
28.7833			-0.0242557
28.8167			-0.0242482
28.85			-0.0242408
28.8833			-0.0242334
28.9167			-0.0242259
28.95			-0.0242186
28.9833			-0.0242112
29.0167			-0.0242038
29.05			-0.0241965
29.0833			-0.0241892
29.1167			-0.0241819
29.15			-0.0241746
29.1833			-0.0241673
29.2167			-0.02416
29.25			-0.0241528
29.2833			-0.0241456
29.3167			-0.0241384
29.35			-0.0241312
29.3833			-0.024124
29.4167			-0.0241169
29.45			-0.0241097
29.4833			-0.0241026
29.5167			-0.0240955
29.55			-0.0240884
29.5833			-0.0240813
29.6167			-0.0240743
29.65			-0.0240672
29.6833			-0.0240602
29.7167			-0.0240532
29.75			-0.0240462
29.7833			-0.0240392
29.8167			-0.0240322
29.85			-0.0240253
29.8833			-0.0240184
29.9167			-0.0240114
29.95			-0.0240045
29.9833			-0.0239977
30.0167			-0.0239908
30.05			-0.0239839
30.0833			-0.0239771
30.1167			-0.0239703
30.15			-0.0239635
30.1833			-0.0239567
30.2167			-0.0239499
30.25			-0.0239431
30.2833			-0.0239364
30.3167			-0.0239296
30.35			-0.0239229
30.3833			-0.0239162
30.4167			-0.0239095
30.45			-0.0239028
30.4833			-0.0238962
30.5167			-0.0238895
30.55			-0.0238829
30.5833			-0.0238763
30.6167			-0.0238697
30.65			-0.0238631
30.6833			-0.0238565
30.7167			-0.02385
30.75			-0.0238434
30.7833			-0.0238369
30.8167			-0.0238304
30.85			-0.0238239
30.8833			-0.0238174
30.9167			-0.0238109
30.95			-0.0238045
30.9833			-0.023798
31.0167			-0.0237916
31.05			-0.0237852
31.0833			-0.0237788
31.1167			-0.0237724
31.15			-0.023766
31.1833			-0.0237596
31.2167			-0.0237533
31.25			-0.0237469
31.2833			-0.0237406
31.3167			-0.0237343
31.35			-0.023728
31.3833			-0.0237217
31.4167			-0.0237155
31.45			-0.0237092
31.4833			-0.023703
31.5167			-0.0236968
31.55			-0.0236905
31.5833			-0.0236843
31.6167			-0.0236781
31.65			-0.023672
31.6833			-0.0236658
31.7167			-0.0236597
31.75			-0.0236535
31.7833			-0.0236474
31.8167			-0.0236413
31.85			-0.0236352
31.8833			-0.0236291
31.9167			-0.023623
31.95			-0.023617
31.9833			-0.0236109
32.0167			-0.0236049
32.05			-0.0235989
32.0833			-0.0235929
32.1167			-0.0235869
32.15			-0.0235809
32.1833			-0.0235749
32.2167			-0.023569
32.25			-0.023563
32.2833			-0.0235571
32.3167			-0.0235512
32.35			-0.0235453
32.3833			-0.0235394
32.4167			-0.0235335
32.45			-0.0235276
32.4833			-0.0235217
32.5167			-0.0235159
32.55			-0.0235101
32.5833			-0.0235042
32.6167			-0.0234984
32.65			-0.0234926
32.6833			-0.0234868
32.7167			-0.0234811
32.75			-0.0234753
32.7833			-0.0234696
32.8167			-0.0234638
32.85			-0.0234581
32.8833			-0.0234524
32.9167			-0.0234467
32.95			-0.023441
32.9833			-0.0234353
33.0167			-0.0234296
33.05			-0.023424
33.0833			-0.0234183
33.1167			-0.0234127
33.15			-0.023407
33.1833			-0.0234014
33.2167			-0.0233958
33.25			-0.0233902
33.2833			-0.0233847
33.3167			-0.0233791
33.35			-0.0233735
33.3833			-0.023368
33.4167			-0.0233625
33.45			-0.0233569
33.4833			-0.0233514
33.5167			-0.0233459
33.55			-0.0233404
33.5833			-0.0233349
33.6167			-0.0233295
33.65			-0.023324
33.6833			-0.0233186
33.7167			-0.0233131
33.75			-0.0233077
33.7833			-0.0233023
33.8167			-0.0232969
33.85			-0.0232915
33.8833			-0.0232861
33.9167			-0.0232807
33.95			-0.0232754
33.9833			-0.02327
34.0167			-0.0232647
34.05			-0.0232594
34.0833			-0.023254
34.1167			-0.0232487
34.15			-0.0232434
34.1833			-0.0232382
34.2167			-0.0232329
34.25			-0.0232276
34.2833			-0.0232224
34.3167			-0.0232171
34.35			-0.0232119
34.3833			-0.0232066
34.4167			-0.0232014
34.45			-0.0231962
34.4833			-0.023191
34.5167			-0.0231858
34.55			-0.0231807
34.5833			-0.0231755
34.6167			-0.0231704
34.65			-0.0231652
34.6833			-0.0231601
34.7167			-0.0231549
34.75			-0.0231498
34.7833			-0.0231447
34.8167			-0.0231396
34.85			-0.0231345
34.8833			-0.0231295
34.9167			-0.0231244
34.95			-0.0231193
34.9833			-0.0231143
35.0167			-0.0231093
35.05			-0.0231042
35.0833			-0.0230992
35.1167			-0.0230942
35.15			-0.0230892
35.1833			-0.0230842
35.2167			-0.0230792
35.25			-0.0230743
35.2833			-0.0230693
35.3167			-0.0230644
35.35			-0.0230594
35.3833			-0.0230545
35.4167			-0.0230496
35.45			-0.0230446
35.4833			-0.0230397
35.5167			-0.0230348
35.55			-0.02303
35.5833			-0.0230251
35.6167			-0.0230202
35.65			-0.0230154
35.6833			-0.0230105
35.7167			-0.0230057
35.75			-0.0230008
35.7833			-0.022996
35.8167			-0.0229912
35.85			-0.0229864
35.8833			-0.0229816
35.9167			-0.0229768
35.95			-0.022972
35.9833			-0.0229673
36.0167			-0.0229625
36.05			-0.0229578
36.0833			-0.022953
36.1167			-0.0229483
36.15			-0.0229436
36.1833			-0.0229388
36.2167			-0.0229341
36.25			-0.0229294
36.2833			-0.0229247
36.3167			-0.0229201
36.35			-0.0229154
36.3833			-0.0229107
36.4167			-0.0229061
36.45			-0.0229014
36.4833			-0.0228968
36.5167			-0.0228922
36.55			-0.0228875
36.5833			-0.0228829
36.6167			-0.0228783
36.65			-0.0228737
36.6833			-0.0228691
36.7167			-0.0228646
36.75			-0.02286
36.7833			-0.0228554
36.8167			-0.0228509
36.85			-0.0228463
36.8833			-0.0228418
36.9167			-0.0228373
36.95			-0.0228327
36.9833			-0.0228282
37.0167			-0.0228237
37.05			-0.0228192
37.0833			-0.0228147
37.1167			-0.0228103
37.15			-0.0228058
37.1833			-0.0228013
37.2167			-0.0227969
37.25			-0.0227924
37.2833			-0.022788
37.3167			-0.0227836
37.35			-0.0227791
37.3833			-0.0227747
37.4167			-0.0227703
37.45			-0.0227659
37.4833			-0.0227615
37.5167			-0.0227571
37.55			-0.0227528
37.5833			-0.0227484
37.6167			-0.022744
37.65			-0.0227397
37.6833			-0.0227353
37.7167			-0.022731
37.75			-0.0227267
37.7833			-0.0227223
37.8167			-0.022718
37.85			-0.0227137
37.8833			-0.0227094
37.9167			-0.0227051
37.95			-0.0227008
37.9833			-0.0226966
38.0167			-0.0226923
38.05			-0.022688
38.0833			-0.0226838
38.1167			-0.0226795
38.15			-0.0226753
38.1833			-0.0226711
38.2167			-0.0226668
38.25			-0.0226626
38.2833			-0.0226584
38.3167			-0.0226542
38.35			-0.02265
38.3833			-0.0226458
38.4167			-0.0226417
38.45			-0.0226375
38.4833			-0.0226333
38.5167			-0.0226292
38.55			-0.022625
38.5833			-0.0226209
38.6167			-0.0226167
38.65			-0.0226126
38.6833			-0.0226085
38.7167			-0.0226044
38.75			-0.0226003
38.7833			-0.0225962
38.8167			-0.0225921
38.85			-0.022588
38.8833			-0.0225839
38.9167			-0.0225798
38.95			-0.0225758
38.9833			-0.0225717
39.0167			-0.0225676
39.05			-0.0225636
39.0833			-0.0225596
39.1167			-0.0225555
39.15			-0.0225515
39.1833			-0.0225475
39.2167			-0.0225435
39.25			-0.0225395
39.2833			-0.0225355
39.3167			-0.0225315
39.35			-0.0225275
39.3833			-0.0225235
39.4167			-0.0225196
39.45			-0.0225156
39.4833			-0.0225116
39.5167			-0.0225077
39.55			-0.0225038
39.5833			-0.0224998
39.6167			-0.0224959
39.65			-0.022492
39.6833			-0.0224881
39.7167			-0.0224841
39.75			-0.0224802
39.7833			-0.0224763
39.8167			-0.0224725
39.85			-0.0224686
39.8833			-0.0224647
39.9167			-0.0224608
39.95			-0.022457
39.9833			-0.0224531
40.0167			-0.0224493
40.05			-0.0224454
40.0833			-0.0224416
40.1167			-0.0224377
40.15			-0.0224339
40.1833			-0.0224301
40.2167			-0.0224263
40.25			-0.0224225
40.2833			-0.0224187
40.3167			-0.0224149
40.35			-0.0224111
40.3833			-0.0224073
40.4167			-0.0224036
40.45			-0.0223998
40.4833			-0.022396
40.5167			-0.0223923
40.55			-0.0223885
40.5833			-0.0223848
40.6167			-0.022381
40.65			-0.0223773
40.6833			-0.0223736
40.7167			-0.0223699
40.75			-0.0223662
40.7833			-0.0223624
40.8167			-0.0223587
40.85			-0.0223551
40.8833			-0.0223514
40.9167			-0.0223477
40.95			-0.022344
40.9833			-0.0223403
41.0167			-0.0223367
41.05			-0.022333
41.0833			-0.0223294
41.1167			-0.0223257
41.15			-0.0223221
41.1833			-0.0223184
41.2167			-0.0223148
41.25			-0.0223112
41.2833			-0.0223076
41.3167			-0.022304
41.35			-0.0223004
41.3833			-0.0222968
41.4167			-0.0222932
41.45			-0.0222896
41.4833			-0.022286
41.5167			-0.0222824
41.55			-0.0222789
41.5833			-0.0222753
41.6167			-0.0222717
41.65			-0.0222682
41.6833			-0.0222646
41.7167			-0.0222611
41.75			-0.0222576
41.7833			-0.022254
41.8167			-0.0222505
41.85			-0.022247
41.8833			-0.0222435
41.9167			-0.02224
41.95			-0.0222365
41.9833			-0.022233
42.0167			-0.0222295
42.05			-0.022226
42.0833			-0.0222225
42.1167			-0.022219
42.15			-0.0222156
42.1833			-0.0222121
42.2167			-0.0222086
42.25			-0.0222052
42.2833			-0.0222017
42.3167			-0.0221983
42.35			-0.0221949
42.3833			-0.0221914
42.4167			-0.022188
42.45			-0.0221846
42.4833			-0.0221812
42.5167			-0.0221778
42.55			-0.0221744
42.5833			-0.022171
42.6167			-0.0221676
42.65			-0.0221642
42.6833			-0.0221608
42.7167			-0.0221574
42.75			-0.0221541
42.7833			-0.0221507
42.8167			-0.0221473
42.85			-0.022144
42.8833			-0.0221406
42.9167			-0.0221373
42.95			-0.022134
42.9833			-0.0221306
43.0167			-0.0221273
43.05			-0.022124
43.0833			-0.0221206
43.1167			-0.0221173
43.15			-0.022114
43.1833			-0.0221107
43.2167			-0.0221074
43.25			-0.0221041
43.2833			-0.0221008
43.3167			-0.0220976
43.35			-0.0220943
43.3833			-0.022091
43.4167			-0.0220877
43.45			-0.0220845
43.4833			-0.0220812
43.5167			-0.022078
43.55			-0.0220747
43.5833			-0.0220715
43.6167			-0.0220682
43.65			-0.022065
43.6833			-0.0220618
43.7167			-0.0220586
43.75			-0.0220553
43.7833			-0.0220521
43.8167			-0.0220489
43.85			-0.0220457
43.8833			-0.0220425
43.9167			-0.0220393
43.95			-0.0220361
43.9833			-0.0220329
44.0167			-0.0220298
44.05			-0.0220266
44.0833			-0.0220234
44.1167			-0.0220203
44.15			-0.0220171
44.1833			-0.0220139
44.2167			-0.0220108
44.25			-0.0220077
44.2833			-0.0220045
44.3167			-0.0220014
44.35			-0.0219982
44.3833			-0.0219951
44.4167			-0.021992
44.45			-0.0219889
44.4833			-0.0219858
44.5167			-0.0219827
44.55			-0.0219796
44.5833			-0.0219765
44.6167			-0.0219734
44.65			-0.0219703
44.6833			-0.0219672
44.7167			-0.0219641
44.75			-0.021961
44.7833			-0.021958
44.8167			-0.0219549
44.85			-0.0219518
44.8833			-0.0219488
44.9167			-0.0219457
44.95			-0.0219427
44.9833			-0.0219396
45.0167			-0.0219366
45.05			-0.0219336
45.0833			-0.0219305
45.1167			-0.0219275
45.15			-0.0219245
45.1833			-0.0219215
45.2167			-0.0219185
45.25			-0.0219155
45.2833			-0.0219125
45.3167			-0.0219095
45.35			-0.0219065
45.3833			-0.0219035
45.4167			-0.0219005
45.45			-0.0218975
45.4833			-0.0218945
45.5167			-0.0218916
45.55			-0.0218886
45.5833			-0.0218856
45.6167			-0.0218827
45.65			-0.0218797
45.6833			-0.0218768
45.7167			-0.0218738
45.75			-0.0218709
45.7833			-0.0218679
45.8167			-0.021865
45.85			-0.0218621
45.8833			-0.0218592
45.9167			-0.0218562
45.95			-0.0218533
45.9833			-0.0218504
46.0167			-0.0218475
46.05			-0.0218446
46.0833			-0.0218417
46.1167			-0.0218388
46.15			-0.0218359
46.1833			-0.021833
46.2167			-0.0218302
46.25			-0.0218273
46.2833			-0.0218244
46.3167			-0.0218215
46.35			-0.0218187
46.3833			-0.0218158
46.4167			-0.0218129
46.45			-0.0218101
46.4833			-0.0218072
46.5167			-0.0218044
46.55			-0.0218016
46.5833			-0.0217987
46.6167			-0.0217959
46.65			-0.0217931
46.6833			-0.0217902
46.7167			-0.0217874
46.75			-0.0217846
46.7833			-0.0217818
46.8167			-0.021779
46.85			-0.0217762
46.8833			-0.0217734
46.9167			-0.0217706
46.95			-0.0217678
46.9833			-0.021765
47.0167			-0.0217622
47.05			-0.0217594
47.0833			-0.0217567
47.1167			-0.0217539
47.15			-0.0217511
47.1833			-0.0217484
47.2167			-0.0217456
47.25			-0.0217428
47.2833			-0.0217401
47.3167			-0.0217373
47.35			-0.0217346
47.3833			-0.0217319
47.4167			-0.0217291
47.45			-0.0217264
47.4833			-0.0217237
47.5167			-0.0217209
47.55			-0.0217182
47.5833			-0.0217155
47.6167			-0.0217128
47.65			-0.0217101
47.6833			-0.0217074
47.7167			-0.0217047
47.75			-0.021702
47.7833			-0.0216993
47.8167			-0.0216966
47.85			-0.0216939
47.8833			-0.0216912
47.9167			-0.0216885
47.95			-0.0216858
47.9833			-0.0216832
48.0167			-0.0216805
48.05			-0.0216778
48.0833			-0.0216752
48.1167			-0.0216725
48.15			-0.0216699
48.1833			-0.0216672
48.2167			-0.0216646
48.25			-0.0216619
48.2833			-0.0216593
48.3167			-0.0216566
48.35			-0.021654
48.3833			-0.0216514
48.4167			-0.0216488
48.45			-0.0216461
48.4833			-0.0216435
48.5167			-0.0216409
48.55			-0.0216383
48.5833			-0.0216357
48.6167			-0.0216331
48.65			-0.0216305
48.6833			-0.0216279
48.7167			-0.0216253
48.75			-0.0216227
48.7833			-0.0216201
48.8167			-0.0216175
48.85			-0.021615
48.8833			-0.0216124
48.9167			-0.0216098
48.95			-0.0216073
48.9833			-0.0216047
49.0167			-0.0216021
49.05			-0.0215996
49.0833			-0.021597
49.1167			-0.0215945
49.15			-0.0215919
49.1833			-0.0215894
49.2167			-0.0215868
49.25			-0.0215843
49.2833			-0.0215818
49.3167			-0.0215792
49.35			-0.0215767
49.3833			-0.0215742
49.4167			-0.0215717
49.45			-0.0215692
49.4833			-0.0215666
49.5167			-0.0215641
49.55			-0.0215616
49.5833			-0.0215591
49.6167			-0.0215566
49.65			-0.0215541
49.6833			-0.0215516
49.7167			-0.0215492
49.75			-0.0215467
49.7833			-0.0215442
49.8167			-0.0215417
49.85			-0.0215392
49.8833			-0.0215368
49.9167			-0.0215343
49.95			-0.0215318
49.9833			-0.0215294
50.0167			-0.0215269
50.05			-0.0215245
50.0833			-0.021522
50.1167			-0.0215196
50.15			-0.0215171
50.1833			-0.0215147
50.2167			-0.0215122
50.25			-0.0215098
50.2833			-0.0215074
50.3167			-0.0215049
50.35			-0.0215025
50.3833			-0.0215001
50.4167			-0.0214977
50.45			-0.0214952
50.4833			-0.0214928
50.5167			-0.0214904
50.55			-0.021488
50.5833			-0.0214856
50.6167			-0.0214832
50.65			-0.0214808
50.6833			-0.0214784
50.7167			-0.021476
50.75			-0.0214736
50.7833			-0.0214713
50.8167			-0.0214689
50.85			-0.0214665
50.8833			-0.0214641
50.9167			-0.0214617
50.95			-0.0214594
50.9833			-0.021457
51.0167			-0.0214546
51.05			-0.0214523
51.0833			-0.0214499
51.1167			-0.0214476
51.15			-0.0214452
51.1833			-0.0214429
51.2167			-0.0214405
51.25			-0.0214382
51.2833			-0.0214359
51.3167			-0.0214335
51.35			-0.0214312
51.3833			-0.0214289
51.4167			-0.0214265
51.45			-0.0214242
51.4833			-0.0214219
51.5167			-0.0214196
51.55			-0.0214173
51.5833			-0.021415
51.6167			-0.0214126
51.65			-0.0214103
51.6833			-0.021408
51.7167			-0.0214057
51.75			-0.0214034
51.7833			-0.0214011
51.8167			-0.0213989
51.85			-0.0213966
51.8833			-0.0213943
51.9167			-0.021392
51.95			-0.0213897
51.9833			-0.0213875
52.0167			-0.0213852
52.05			-0.0213829
52.0833			-0.0213806
52.1167			-0.0213784
52.15			-0.0213761
52.1833			-0.0213739
52.2167			-0.0213716
52.25			-0.0213694
52.2833			-0.0213671
52.3167			-0.0213649
52.35			-0.0213626
52.3833			-0.0213604
52.4167			-0.0213581
52.45			-0.0213559
52.4833			-0.0213537
52.5167			-0.0213514
52.55			-0.0213492
52.5833			-0.021347
52.6167			-0.0213448
52.65			-0.0213426
52.6833			-0.0213403
52.7167			-0.0213381
52.75			-0.0213359
52.7833			-0.0213337
52.8167			-0.0213315
52.85			-0.0213293
52.8833			-0.0213271
52.9167			-0.0213249
52.95			-0.0213227
52.9833			-0.0213205
53.0167			-0.0213183
53.05			-0.0213162
53.0833			-0.021314
53.1167			-0.0213118
53.15			-0.0213096
53.1833			-0.0213075
53.2167			-0.0213053
53.25			-0.0213031
53.2833			-0.0213009
53.3167			-0.0212988
53.35			-0.0212966
53.3833			-0.0212945
53.4167			-0.0212923
53.45			-0.0212902
53.4833			-0.021288
53.5167			-0.0212859
53.55			-0.0212837
53.5833			-0.0212816
53.6167			-0.0212794
53.65			-0.0212773
53.6833			-0.0212752
53.7167			-0.021273
53.75			-0.0212709
53.7833			-0.0212688
53.8167			-0.0212667
53.85			-0.0212646
53.8833			-0.0212624
53.9167			-0.0212603
53.95			-0.0212582
53.9833			-0.0212561
54.0167			-0.021254
54.05			-0.0212519
54.0833			-0.0212498
54.1167			-0.0212477
54.15			-0.0212456
54.1833			-0.0212435
54.2167			-0.0212414
54.25			-0.0212393
54.2833			-0.0212372
54.3167			-0.0212352
54.35			-0.0212331
54.3833			-0.021231
54.4167			-0.0212289
54.45			-0.0212268
54.4833			-0.0212248
54.5167			-0.0212227
54.55			-0.0212206
54.5833			-0.0212186
54.6167			-0.0212165
54.65			-0.0212145
54.6833			-0.0212124
54.7167			-0.0212104
54.75			-0.0212083
54.7833			-0.0212063
54.8167			-0.0212042
54.85			-0.0212022
54.8833			-0.0212001
54.9167			-0.0211981
54.95			-0.0211961
54.9833			-0.021194
55.0167			-0.021192
55.05			-0.02119
55.0833			-0.0211879
55.1167			-0.0211859
55.15			-0.0211839
55.1833			-0.0211819
55.2167			-0.0211799
55.25			-0.0211778
55.2833			-0.0211758
55.3167			-0.0211738
55.35			-0.0211718
55.3833			-0.0211698
55.4167			-0.0211678
55.45			-0.0211658
55.4833			-0.0211638
55.5167			-0.0211618
55.55			-0.0211598
55.5833			-0.0211579
55.6167			-0.0211559
55.65			-0.0211539
55.6833			-0.0211519
55.7167			-0.0211499
55.75			-0.0211479
55.7833			-0.021146
55.8167			-0.021144
55.85			-0.021142
55.8833			-0.0211401
55.9167			-0.0211381
55.95			-0.0211361
55.9833			-0.0211342
56.0167			-0.0211322
56.05			-0.0211303
56.0833			-0.0211283
56.1167			-0.0211264
56.15			-0.0211244
56.1833			-0.0211225
56.2167			-0.0211205
56.25			-0.0211186
56.2833			-0.0211166
56.3167			-0.0211147
56.35			-0.0211128
56.3833			-0.0211108
56.4167			-0.0211089
56.45			-0.021107
56.4833			-0.021105
56.5167			-0.0211031
56.55			-0.0211012
56.5833			-0.0210993
56.6167			-0.0210974
56.65			-0.0210954
56.6833			-0.0210935
56.7167			-0.0210916
56.75			-0.0210897
56.7833			-0.0210878
56.8167			-0.0210859
56.85			-0.021084
56.8833			-0.0210821
56.9167			-0.0210802
56.95			-0.0210783
56.9833			-0.0210764
57.0167			-0.0210745
57.05			-0.0210726
57.0833			-0.0210708
57.1167			-0.0210689
57.15			-0.021067
57.1833			-0.0210651
57.2167			-0.0210632
57.25			-0.0210614
57.2833			-0.0210595
57.3167			-0.0210576
57.35			-0.0210558
57.3833			-0.0210539
57.4167			-0.021052
57.45			-0.0210502
57.4833			-0.0210483
57.5167			-0.0210465
57.55			-0.0210446
57.5833			-0.0210427
57.6167			-0.0210409
57.65			-0.021039
57.6833			-0.0210372
57.7167			-0.0210354
57.75			-0.0210335
57.7833			-0.0210317
57.8167			-0.0210298
57.85			-0.021028
57.8833			-0.0210262
57.9167			-0.0210243
57.95			-0.0210225
57.9833			-0.0210207
58.0167			-0.0210189
58.05			-0.021017
58.0833			-0.0210152
58.1167			-0.0210134
58.15			-0.0210116
58.1833			-0.0210098
58.2167			-0.021008
58.25			-0.0210061
58.2833			-0.0210043
58.3167			-0.0210025
58.35			-0.0210007
58.3833			-0.0209989
58.4167			-0.0209971
58.45			-0.0209953
58.4833			-0.0209935
58.5167			-0.0209917
58.55			-0.0209899
58.5833			-0.0209882
58.6167			-0.0209864
58.65			-0.0209846
58.6833			-0.0209828
58.7167			-0.020981
58.75			-0.0209792
58.7833			-0.0209775
58.8167			-0.0209757
58.85			-0.0209739
58.8833			-0.0209721
58.9167			-0.0209704
58.95			-0.0209686
58.9833			-0.0209668
59.0167			-0.0209651
59.05			-0.0209633
59.0833			-0.0209616
59.1167			-0.0209598
59.15			-0.020958
59.1833			-0.0209563
59.2167			-0.0209545
59.25			-0.0209528
59.2833			-0.020951
59.3167			-0.0209493
59.35			-0.0209476
59.3833			-0.0209458
59.4167			-0.0209441
59.45			-0.0209423
59.4833			-0.0209406
59.5167			-0.0209389
59.55			-0.0209371
59.5833			-0.0209354
59.6167			-0.0209337
59.65			-0.0209319
59.6833			-0.0209302
59.7167			-0.0209285
59.75			-0.0209268
59.7833			-0.0209251
59.8167			-0.0209233
59.85			-0.0209216
59.8833			-0.0209199
59.9167			-0.0209182
59.95			-0.0209165
59.9833			-0.0209148
60.0167			-0.0209131
60.05			-0.0209114
60.0833			-0.0209097
60.1167			-0.020908
60.15			-0.0209063
60.1833			-0.0209046
60.2167			-0.0209029
60.25			-0.0209012
60.2833			-0.0208995
60.3167			-0.0208978
60.35			-0.0208961
60.3833			-0.0208945
60.4167			-0.0208928
60.45			-0.0208911
60.4833			-0.0208894
60.5167			-0.0208877
60.55			-0.0208861
60.5833			-0.0208844
60.6167			-0.0208827
60.65			-0.0208811
60.6833			-0.0208794
60.7167			-0.0208777
60.75			-0.0208761
60.7833			-0.0208744
60.8167			-0.0208727
60.85			-0.0208711
60.8833			-0.0208694
60.9167			-0.0208678
60.95			-0.0208661
60.9833			-0.0208645
61.0167			-0.0208628
61.05			-0.0208612
61.0833			-0.0208595
61.1167			-0.0208579
61.15			-0.0208562
61.1833			-0.0208546
61.2167			-0.020853
61.25			-0.0208513
61.2833			-0.0208497
61.3167			-0.0208481
61.35			-0.0208464
61.3833			-0.0208448
61.4167			-0.0208432
61.45			-0.0208415
61.4833			-0.0208399
61.5167			-0.0208383
61.55			-0.0208367
61.5833			-0.0208351
61.6167			-0.0208334
61.65			-0.0208318
61.6833			-0.0208302
61.7167			-0.0208286
61.75			-0.020827
61.7833			-0.0208254
61.8167			-0.0208238
61.85			-0.0208222
61.8833			-0.0208206
61.9167			-0.020819
61.95			-0.0208174
61.9833			-0.0208158
62.0167			-0.0208142
62.05			-0.0208126
62.0833			-0.020811
62.1167			-0.0208094
62.15			-0.0208078
62.1833			-0.0208062
62.2167			-0.0208046
62.25			-0.020803
62.2833			-0.0208015
62.3167			-0.0207999
62.35			-0.0207983
62.3833			-0.0207967
62.4167			-0.0207951
62.45			-0.0207936
62.4833			-0.020792
62.5167			-0.0207904
62.55			-0.0207889
62.5833			-0.0207873
62.6167			-0.0207857
62.65			-0.0207842
62.6833			-0.0207826
62.7167			-0.020781
62.75			-0.0207795
62.7833			-0.0207779
62.8167			-0.0207764
62.85			-0.0207748
62.8833			-0.0207733
62.9167			-0.0207717
62.95			-0.0207702
62.9833			-0.0207686
63.0167			-0.0207671
63.05			-0.0207655
63.0833			-0.020764
63.1167			-0.0207624
63.15			-0.0207609
63.1833			-0.0207594
63.2167			-0.0207578
63.25			-0.0207563
63.2833			-0.0207548
63.3167			-0.0207532
63.35			-0.0207517
63.3833			-0.0207502
63.4167			-0.0207486
63.45			-0.0207471
63.4833			-0.0207456
63.5167			-0.0207441
63.55			-0.0207426
63.5833			-0.020741
63.6167			-0.0207395
63.65			-0.020738
63.6833			-0.0207365
63.7167			-0.020735
63.75			-0.0207335
63.7833			-0.020732
63.8167			-0.0207305
63.85			-0.020729
63.8833			-0.0207274
63.9167			-0.0207259
63.95			-0.0207244
63.9833			-0.0207229
64.0167			-0.0207214
64.05			-0.02072
64.0833			-0.0207185
64.1167			-0.020717
64.15			-0.0207155
64.1833			-0.020714
64.2167			-0.0207125
64.25			-0.020711
64.2833			-0.0207095
64.3167			-0.020708
64.35			-0.0207066
64.3833			-0.0207051
64.4167			-0.0207036
64.45			-0.0207021
64.4833			-0.0207006
64.5167			-0.0206992
64.55			-0.0206977
64.5833			-0.0206962
64.6167			-0.0206948
64.65			-0.0206933
64.6833			-0.0206918
64.7167			-0.0206904
64.75			-0.0206889
64.7833			-0.0206874
64.8167			-0.020686
64.85			-0.0206845
64.8833			-0.0206831
64.9167			-0.0206816
64.95			-0.0206801
64.9833			-0.0206787
65.0167			-0.0206772
65.05			-0.0206758
65.0833			-0.0206743
65.1167			-0.0206729
65.15			-0.0206714
65.1833			-0.02067
65.2167			-0.0206686
65.25			-0.0206671
65.2833			-0.0206657
65.3167			-0.0206642
65.35			-0.0206628
65.3833			-0.0206614
65.4167			-0.0206599
65.45			-0.0206585
65.4833			-0.0206571
65.5167			-0.0206556
65.55			-0.0206542
65.5833			-0.0206528
65.6167			-0.0206514
65.65			-0.0206499
65.6833			-0.0206485
65.7167			-0.0206471
65.75			-0.0206457
65.7833			-0.0206443
65.8167			-0.0206428
65.85			-0.0206414
65.8833			-0.02064
65.9167			-0.0206386
65.95			-0.0206372
65.9833			-0.0206358
66.0167			-0.0206344
66.05			-0.020633
66.0833			-0.0206316
66.1167			-0.0206302
66.15			-0.0206288
66.1833			-0.0206274
66.2167			-0.020626
66.25			-0.0206246
66.2833			-0.0206232
66.3167			-0.0206218
66.35			-0.0206204
66.3833			-0.020619
66.4167			-0.0206176
66.45			-0.0206162
66.4833			-0.0206148
66.5167			-0.0206134
66.55			-0.020612
66.5833			-0.0206106
66.6167			-0.0206093
66.65			-0.0206079
66.6833			-0.0206065
66.7167			-0.0206051
66.75			-0.0206038
66.7833			-0.0206024
66.8167			-0.020601
66.85			-0.0205996
66.8833			-0.0205983
66.9167			-0.0205969
66.95			-0.0205955
66.9833			-0.0205941
67.0167			-0.0205928
67.05			-0.0205914
67.0833			-0.0205901
67.1167			-0.0205887
67.15			-0.0205873
67.1833			-0.020586
67.2167			-0.0205846
67.25			-0.0205833
67.2833			-0.0205819
67.3167			-0.0205806
67.35			-0.0205792
67.3833			-0.0205778
67.4167			-0.0205765
67.45			-0.0205751
67.4833			-0.0205738
67.5167			-0.0205725
67.55			-0.0205711
67.5833			-0.0205698
67.6167			-0.0205684
67.65			-0.0205671
67.6833			-0.0205657
67.7167			-0.0205644
67.75			-0.0205631
67.7833			-0.0205617
67.8167			-0.0205604
67.85			-0.0205591
67.8833			-0.0205577
67.9167			-0.0205564
67.95			-0.0205551
67.9833			-0.0205538
68.0167			-0.0205524
68.05			-0.0205511
68.0833			-0.0205498
68.1167			-0.0205485
68.15			-0.0205471
68.1833			-0.0205458
68.2167			-0.0205445
68.25			-0.0205432
68.2833			-0.0205419
68.3167			-0.0205405
68.35			-0.0205392
68.3833			-0.0205379
68.4167			-0.0205366
68.45			-0.0205353
68.4833			-0.020534
68.5167			-0.0205327
68.55			-0.0205314
68.5833			-0.0205301
68.6167			-0.0205288
68.65			-0.0205275
68.6833			-0.0205262
68.7167			-0.0205249
68.75			-0.0205236
68.7833			-0.0205223
68.8167			-0.020521
68.85			-0.0205197
68.8833			-0.0205184
68.9167			-0.0205171
68.95			-0.0205158
68.9833			-0.0205145
69.0167			-0.0205132
69.05			-0.020512
69.0833			-0.0205107
69.1167			-0.0205094
69.15			-0.0205081
69.1833			-0.0205068
69.2167			-0.0205055
69.25			-0.0205043
69.2833			-0.020503
69.3167			-0.0205017
69.35			-0.0205004
69.3833			-0.0204992
69.4167			-0.0204979
69.45			-0.0204966
69.4833			-0.0204953
69.5167			-0.0204941
69.55			-0.0204928
69.5833			-0.0204915
69.6167			-0.0204903
69.65			-0.020489
69.6833			-0.0204877
69.7167			-0.0204865
69.75			-0.0204852
69.7833			-0.020484
69.8167			-0.0204827
69.85			-0.0204814
69.8833			-0.0204802
69.9167			-0.0204789
69.95			-0.0204777
69.9833			-0.0204764
70.0167			-0.0204752
70.05			-0.0204739
70.0833			-0.0204727
70.1167			-0.0204714
70.15			-0.0204702
70.1833			-0.0204689
70.2167			-0.0204677
70.25			-0.0204665
70.2833			-0.0204652
70.3167			-0.020464
70.35			-0.0204627
70.3833			-0.0204615
70.4167			-0.0204603
70.45			-0.020459
70.4833			-0.0204578
70.5167			-0.0204566
70.55			-0.0204553
70.5833			-0.0204541
70.6167			-0.0204529
70.65			-0.0204516
70.6833			-0.0204504
70.7167			-0.0204492
70.75			-0.020448
70.7833			-0.0204467
70.8167			-0.0204455
70.85			-0.0204443
70.8833			-0.0204431
70.9167			-0.0204418
70.95			-0.0204406
70.9833			-0.0204394
71.0167			-0.0204382
71.05			-0.020437
71.0833			-0.0204358
71.1167			-0.0204346
71.15			-0.0204333
71.1833			-0.0204321
71.2167			-0.0204309
71.25			-0.0204297
71.2833			-0.0204285
71.3167			-0.0204273
71.35			-0.0204261
71.3833			-0.0204249
71.4167			-0.0204237
71.45			-0.0204225
71.4833			-0.0204213
71.5167			-0.0204201
71.55			-0.0204189
71.5833			-0.0204177
71.6167			-0.0204165
71.65			-0.0204153
71.6833			-0.0204141
71.7167			-0.0204129
71.75			-0.0204117
71.7833			-0.0204105
71.8167			-0.0204093
71.85			-0.0204082
71.8833			-0.020407
71.9167			-0.0204058
71.95			-0.0204046
71.9833			-0.0204034
72.0167			-0.0204022
72.05			-0.0204011
72.0833			-0.0203999
72.1167			-0.0203987
72.15			-0.0203975
72.1833			-0.0203963
72.2167			-0.0203952
72.25			-0.020394
72.2833			-0.0203928
72.3167			-0.0203916
72.35			-0.0203905
72.3833			-0.0203893
72.4167			-0.0203881
72.45			-0.020387
72.4833			-0.0203858
72.5167			-0.0203846
72.55			-0.0203835
72.5833			-0.0203823
72.6167			-0.0203811
72.65			-0.02038
72.6833			-0.0203788
72.7167			-0.0203777
72.75			-0.0203765
72.7833			-0.0203753
72.8167			-0.0203742
72.85			-0.020373
72.8833			-0.0203719
72.9167			-0.0203707
72.95			-0.0203696
72.9833			-0.0203684
73.0167			-0.0203673
73.05			-0.0203661
73.0833			-0.020365
73.1167			-0.0203638
73.15			-0.0203627
73.1833			-0.0203615
73.2167			-0.0203604
73.25			-0.0203592
73.2833			-0.0203581
73.3167			-0.020357
73.35			-0.0203558
73.3833			-0.0203547
73.4167			-0.0203536
73.45			-0.0203524
73.4833			-0.0203513
73.5167			-0.0203501
73.55			-0.020349
73.5833			-0.0203479
73.6167			-0.0203467
73.65			-0.0203456
73.6833			-0.0203445
73.7167			-0.0203434
73.75			-0.0203422
73.7833			-0.0203411
73.8167			-0.02034
73.85			-0.0203389
73.8833			-0.0203377
73.9167			-0.0203366
73.95			-0.0203355
73.9833			-0.0203344
74.0167			-0.0203333
74.05			-0.0203321
74.0833			-0.020331
74.1167			-0.0203299
74.15			-0.0203288
74.1833			-0.0203277
74.2167			-0.0203266
74.25			-0.0203254
74.2833			-0.0203243
74.3167			-0.0203232
74.35			-0.0203221
74.3833			-0.020321
74.4167			-0.0203199
74.45			-0.0203188
74.4833			-0.0203177
74.5167			-0.0203166
74.55			-0.0203155
74.5833			-0.0203144
74.6167			-0.0203133
74.65			-0.0203122
74.6833			-0.0203111
74.7167			-0.02031
74.75			-0.0203089
74.7833			-0.0203078
74.8167			-0.0203067
74.85			-0.0203056
74.8833			-0.0203045
74.9167			-0.0203034
74.95			-0.0203023
74.9833			-0.0203012
75.0167			-0.0203001
75.05			-0.0202991
75.0833			-0.020298
75.1167			-0.0202969
75.15			-0.0202958
75.1833			-0.0202947
75.2167			-0.0202936
75.25			-0.0202925
75.2833			-0.0202915
75.3167			-0.0202904
75.35			-0.0202893
75.3833			-0.0202882
75.4167			-0.0202871
75.45			-0.0202861
75.4833			-0.020285
75.5167			-0.0202839
75.55			-0.0202828
75.5833			-0.0202818
75.6167			-0.0202807
75.65			-0.0202796
75.6833			-0.0202786
75.7167			-0.0202775
75.75			-0.0202764
75.7833			-0.0202754
75.8167			-0.0202743
75.85			-0.0202732
75.8833			-0.0202722
75.9167			-0.0202711
75.95			-0.02027
75.9833			-0.020269
76.0167			-0.0202679
76.05			-0.0202668
76.0833			-0.0202658
76.1167			-0.0202647
76.15			-0.0202637
76.1833			-0.0202626
76.2167			-0.0202616
76.25			-0.0202605
76.2833			-0.0202595
76.3167			-0.0202584
76.35			-0.0202573
76.3833			-0.0202563
76.4167			-0.0202552
76.45			-0.0202542
76.4833			-0.0202532
76.5167			-0.0202521
76.55			-0.0202511
76.5833			-0.02025
76.6167			-0.020249
76.65			-0.0202479
76.6833			-0.0202469
76.7167			-0.0202458
76.75			-0.0202448
76.7833			-0.0202438
76.8167			-0.0202427
76.85			-0.0202417
76.8833			-0.0202406
76.9167			-0.0202396
76.95			-0.0202386
76.9833			-0.0202375
77.0167			-0.0202365
77.05			-0.0202355
77.0833			-0.0202344
77.1167			-0.0202334
77.15			-0.0202324
77.1833			-0.0202314
77.2167			-0.0202303
77.25			-0.0202293
77.2833			-0.0202283
77.3167			-0.0202272
77.35			-0.0202262
77.3833			-0.0202252
77.4167			-0.0202242
77.45			-0.0202232
77.4833			-0.0202221
77.5167			-0.0202211
77.55			-0.0202201
77.5833			-0.0202191
77.6167			-0.0202181
77.65			-0.020217
77.6833			-0.020216
77.7167			-0.020215
77.75			-0.020214
77.7833			-0.020213
77.8167			-0.020212
77.85			-0.020211
77.8833			-0.02021
77.9167			-0.0202089
77.95			-0.0202079
77.9833			-0.0202069
78.0167			-0.0202059
78.05			-0.0202049
78.0833			-0.0202039
78.1167			-0.0202029
78.15			-0.0202019
78.1833			-0.0202009
78.2167			-0.0201999
78.25			-0.0201989
78.2833			-0.0201979
78.3167			-0.0201969
78.35			-0.0201959
78.3833			-0.0201949
78.4167			-0.0201939
78.45			-0.0201929
78.4833			-0.0201919
78.5167			-0.0201909
78.55			-0.0201899
78.5833			-0.0201889
78.6167			-0.0201879
78.65			-0.0201869
78.6833			-0.020186
78.7167			-0.020185
78.75			-0.020184
78.7833			-0.020183
78.8167			-0.020182
78.85			-0.020181
78.8833			-0.02018
78.9167			-0.0201791
78.95			-0.0201781
78.9833			-0.0201771
79.0167			-0.0201761
79.05			-0.0201751
79.0833			-0.0201741
79.1167			-0.0201732
79.15			-0.0201722
79.1833			-0.0201712
79.2167			-0.0201702
79.25			-0.0201693
79.2833			-0.0201683
79.3167			-0.0201673
79.35			-0.0201663
79.3833			-0.0201654
79.4167			-0.0201644
79.45			-0.0201634
79.4833			-0.0201625
79.5167			-0.0201615
79.55			-0.0201605
79.5833			-0.0201595
79.6167			-0.0201586
79.65			-0.0201576
79.6833			-0.0201566
79.7167			-0.0201557
79.75			-0.0201547
79.7833			-0.0201538
79.8167			-0.0201528
79.85			-0.0201518
79.8833			-0.0201509
79.9167			-0.0201499
79.95			-0.020149
79.9833			-0.020148
80.0167			-0.020147
80.05			-0.0201461
80.0833			-0.0201451
80.1167			-0.0201442
80.15			-0.0201432
80.1833			-0.0201423
80.2167			-0.0201413
80.25			-0.0201404
80.2833			-0.0201394
80.3167			-0.0201385
80.35			-0.0201375
80.3833			-0.0201366
80.4167			-0.0201356
80.45			-0.0201347
80.4833			-0.0201337
80.5167			-0.0201328
80.55			-0.0201318
80.5833			-0.0201309
80.6167			-0.0201299
80.65			-0.020129
80.6833			-0.0201281
80.7167			-0.0201271
80.75			-0.0201262
80.7833			-0.0201252
80.8167			-0.0201243
80.85			-0.0201234
80.8833			-0.0201224
80.9167			-0.0201215
80.95			-0.0201206
80.9833			-0.0201196
81.0167			-0.0201187
81.05			-0.0201178
81.0833			-0.0201168
81.1167			-0.0201159
81.15			-0.020115
81.1833			-0.020114
81.2167			-0.0201131
81.25			-0.0201122
81.2833			-0.0201113
81.3167			-0.0201103
81.35			-0.0201094
81.3833			-0.0201085
81.4167			-0.0201076
81.45			-0.0201066
81.4833			-0.0201057
81.5167			-0.0201048
81.55			-0.0201039
81.5833			-0.0201029
81.6167			-0.020102
81.65			-0.0201011
81.6833			-0.0201002
81.7167			-0.0200993
81.75			-0.0200983
81.7833			-0.0200974
81.8167			-0.0200965
81.85			-0.0200956
81.8833			-0.0200947
81.9167			-0.0200938
81.95			-0.0200929
81.9833			-0.020092
82.0167			-0.020091
82.05			-0.0200901
82.0833			-0.0200892
82.1167			-0.0200883
82.15			-0.0200874
82.1833			-0.0200865
82.2167			-0.0200856
82.25			-0.0200847
82.2833			-0.0200838
82.3167			-0.0200829
82.35			-0.020082
82.3833			-0.0200811
82.4167			-0.0200802
82.45			-0.0200793
82.4833			-0.0200784
82.5167			-0.0200775
82.55			-0.0200766
82.5833			-0.0200757
82.6167			-0.0200748
82.65			-0.0200739
82.6833			-0.020073
82.7167			-0.0200721
82.75			-0.0200712
82.7833			-0.0200703
82.8167			-0.0200694
82.85			-0.0200685
82.8833			-0.0200676
82.9167			-0.0200667
82.95			-0.0200658
82.9833			-0.0200649
83.0167			-0.0200641
83.05			-0.0200632
83.0833			-0.0200623
83.1167			-0.0200614
83.15			-0.0200605
83.1833			-0.0200596
83.2167			-0.0200587
83.25			-0.0200579
83.2833			-0.020057
83.3167			-0.0200561
83.35			-0.0200552
83.3833			-0.0200543
83.4167			-0.0200534
83.45			-0.0200526
83.4833			-0.0200517
83.5167			-0.0200508
83.55			-0.0200499
83.5833			-0.0200491
83.6167			-0.0200482
83.65			-0.0200473
83.6833			-0.0200464
83.7167			-0.0200456
83.75			-0.0200447
83.7833			-0.0200438
83.8167			-0.0200429
83.85			-0.0200421
83.8833			-0.0200412
83.9167			-0.0200403
83.95			-0.0200395
83.9833			-0.0200386
84.0167			-0.0200377
84.05			-0.0200368
84.0833			-0.020036
84.1167			-0.0200351
84.15			-0.0200343
84.1833			-0.0200334
84.2167			-0.0200325
84.25			-0.0200317
84.2833			-0.0200308
84.3167			-0.0200299
84.35			-0.0200291
84.3833			-0.0200282
84.4167			-0.0200274
84.45			-0.0200265
84.4833			-0.0200256
84.5167			-0.0200248
84.55			-0.0200239
84.5833			-0.0200231
84.6167			-0.0200222
84.65			-0.0200214
84.6833			-0.0200205
84.7167			-0.0200196
84.75			-0.0200188
84.7833			-0.0200179
84.8167			-0.0200171
84.85			-0.0200162
84.8833			-0.0200154
84.9167			-0.0200145
84.95			-0.0200137
84.9833			-0.0200128
85.0167			-0.020012
85.05			-0.0200112
85.0833			-0.0200103
85.1167			-0.0200095
85.15			-0.0200086
85.1833			-0.0200078
85.2167			-0.0200069
85.25			-0.0200061
85.2833			-0.0200052
85.3167			-0.0200044
85.35			-0.0200036
85.3833			-0.0200027
85.4167			-0.0200019
85.45			-0.020001
85.4833			-0.0200002
85.5167			-0.0199994
85.55			-0.0199985
85.5833			-0.0199977
85.6167			-0.0199969
85.65			-0.019996
85.6833			-0.0199952
85.7167			-0.0199944
85.75			-0.0199935
85.7833			-0.0199927
85.8167			-0.0199919
85.85			-0.019991
85.8833			-0.0199902
85.9167			-0.0199894
85.95			-0.0199885
85.9833			-0.0199877
86.0167			-0.0199869
86.05			-0.0199861
86.0833			-0.0199852
86.1167			-0.0199844
86.15			-0.0199836
86.1833			-0.0199827
86.2167			-0.0199819
86.25			-0.0199811
86.2833			-0.0199803
86.3167			-0.0199795
86.35			-0.0199786
86.3833			-0.0199778
86.4167			-0.019977
86.45			-0.0199762
86.4833			-0.0199754
86.5167			-0.0199745
86.55			-0.0199737
86.5833			-0.0199729
86.6167			-0.0199721
86.65			-0.0199713
86.6833			-0.0199705
86.7167			-0.0199696
86.75			-0.0199688
86.7833			-0.019968
86.8167			-0.0199672
86.85			-0.0199664
86.8833			-0.0199656
86.9167			-0.0199648
86.95			-0.019964
86.9833			-0.0199631
87.0167			-0.0199623
87.05			-0.0199615
87.0833			-0.0199607
87.1167			-0.0199599
87.15			-0.0199591
87.1833			-0.0199583
87.2167			-0.0199575
87.25			-0.0199567
87.2833			-0.0199559
87.3167			-0.0199551
87.35			-0.0199543
87.3833			-0.0199535
87.4167			-0.0199527
87.45			-0.0199519
87.4833			-0.0199511
87.5167			-0.0199503
87.55			-0.0199495
87.5833			-0.0199487
87.6167			-0.0199479
87.65			-0.0199471
87.6833			-0.0199463
87.7167			-0.0199455
87.75			-0.0199447
87.7833			-0.0199439
87.8167			-0.0199431
87.85			-0.0199423
87.8833			-0.0199415
87.9167			-0.0199407
87.95			-0.0199399
87.9833			-0.0199391
88.0167			-0.0199384
88.05			-0.0199376
88.0833			-0.0199368
88.1167			-0.019936
88.15			-0.0199352
88.1833			-0.0199344
88.2167			-0.0199336
88.25			-0.0199328
88.2833			-0.0199321
88.3167			-0.0199313
88.35			-0.0199305
88.3833			-0.0199297
88.4167			-0.0199289
88.45			-0.0199281
88.4833			-0.0199273
88.5167			-0.0199266
88.55			-0.0199258
88.5833			-0.019925
88.6167			-0.0199242
88.65			-0.0199234
88.6833			-0.0199227
88.7167			-0.0199219
88.75			-0.0199211
88.7833			-0.0199203
88.8167			-0.0199196
88.85			-0.0199188
88.8833			-0.019918
88.9167			-0.0199172
88.95			-0.0199165
88.9833			-0.0199157
89.0167			-0.0199149
89.05			-0.0199141
89.0833			-0.0199134
89.1167			-0.0199126
89.15			-0.0199118
89.1833			-0.0199111
89.2167			-0.0199103
89.25			-0.0199095
89.2833			-0.0199088
89.3167			-0.019908
89.35			-0.0199072
89.3833			-0.0199065
89.4167			-0.0199057
89.45			-0.0199049
89.4833			-0.0199042
89.5167			-0.0199034
89.55			-0.0199026
89.5833			-0.0199019
89.6167			-0.0199011
89.65			-0.0199003
89.6833			-0.0198996
89.7167			-0.0198988
89.75			-0.0198981
89.7833			-0.0198973
89.8167			-0.0198965
89.85			-0.0198958
89.8833			-0.019895
89.9167			-0.0198943
89.95			-0.0198935
89.9833			-0.0198928
90.0167			-0.019892
90.05			-0.0198912
90.0833			-0.0198905
90.1167			-0.0198897
90.15			-0.019889
90.1833			-0.0198882
90.2167			-0.0198875
90.25			-0.0198867
90.2833			-0.019886
90.3167			-0.0198852
90.35			-0.0198845
90.3833			-0.0198837
90.4167			-0.019883
90.45			-0.0198822
90.4833			-0.0198815
90.5167			-0.0198807
90.55			-0.01988
90.5833			-0.0198792
90.6167			-0.0198785
90.65			-0.0198777
90.6833			-0.019877
90.7167			-0.0198763
90.75			-0.0198755
90.7833			-0.0198748
90.8167			-0.019874
90.85			-0.0198733
90.8833			-0.0198725
90.9167			-0.0198718
90.95			-0.0198711
90.9833			-0.0198703
91.0167			-0.0198696
91.05			-0.0198688
91.0833			-0.0198681
91.1167			-0.0198674
91.15			-0.0198666
91.1833			-0.0198659
91.2167			-0.0198652
91.25			-0.0198644
91.2833			-0.0198637
91.3167			-0.019863
91.35			-0.0198622
91.3833			-0.0198615
91.4167			-0.0198608
91.45			-0.01986
91.4833			-0.0198593
91.5167			-0.0198586
91.55			-0.0198578
91.5833			-0.0198571
91.6167			-0.0198564
91.65			-0.0198556
91.6833			-0.0198549
91.7167			-0.0198542
91.75			-0.0198535
91.7833			-0.0198527
91.8167			-0.019852
91.85			-0.0198513
91.8833			-0.0198505
91.9167			-0.0198498
91.95			-0.0198491
91.9833			-0.0198484
92.0167			-0.0198477
92.05			-0.0198469
92.0833			-0.0198462
92.1167			-0.0198455
92.15			-0.0198448
92.1833			-0.019844
92.2167			-0.0198433
92.25			-0.0198426
92.2833			-0.0198419
92.3167			-0.0198412
92.35			-0.0198405
92.3833			-0.0198397
92.4167			-0.019839
92.45			-0.0198383
92.4833			-0.0198376
92.5167			-0.0198369
92.55			-0.0198362
92.5833			-0.0198354
92.6167			-0.0198347
92.65			-0.019834
92.6833			-0.0198333
92.7167			-0.0198326
92.75			-0.0198319
92.7833			-0.0198312
92.8167			-0.0198305
92.85			-0.0198297
92.8833			-0.019829
92.9167			-0.0198283
92.95			-0.0198276
92.9833			-0.0198269
93.0167			-0.0198262
93.05			-0.0198255
93.0833			-0.0198248
93.1167			-0.0198241
93.15			-0.0198234
93.1833			-0.0198227
93.2167			-0.019822
93.25			-0.0198213
93.2833			-0.0198206
93.3167			-0.0198199
93.35			-0.0198192
93.3833			-0.0198184
93.4167			-0.0198177
93.45			-0.019817
93.4833			-0.0198163
93.5167			-0.0198156
93.55			-0.0198149
93.5833			-0.0198142
93.6167			-0.0198135
93.65			-0.0198129
93.6833			-0.0198122
93.7167			-0.0198115
93.75			-0.0198108
93.7833			-0.0198101
93.8167			-0.0198094
93.85			-0.0198087
93.8833			-0.019808
93.9167			-0.0198073
93.95			-0.0198066
93.9833			-0.0198059
94.0167			-0.0198052
94.05			-0.0198045
94.0833			-0.0198038
94.1167			-0.0198031
94.15			-0.0198024
94.1833			-0.0198017
94.2167			-0.0198011
94.25			-0.0198004
94.2833			-0.0197997
94.3167			-0.019799
94.35			-0.0197983
94.3833			-0.0197976
94.4167			-0.0197969
94.45			-0.0197962
94.4833			-0.0197956
94.5167			-0.0197949
94.55			-0.0197942
94.5833			-0.0197935
94.6167			-0.0197928
94.65			-0.0197921
94.6833			-0.0197915
94.7167			-0.0197908
94.75			-0.0197901
94.7833			-0.0197894
94.8167			-0.0197887
94.85			-0.019788
94.8833			-0.0197874
94.9167			-0.0197867
94.95			-0.019786
94.9833			-0.0197853
95.0167			-0.0197847
95.05			-0.019784
95.0833			-0.0197833
95.1167			-0.0197826
95.15			-0.0197819
95.1833			-0.0197813
95.2167			-0.0197806
95.25			-0.0197799
95.2833			-0.0197792
95.3167			-0.0197786
95.35			-0.0197779
95.3833			-0.0197772
95.4167			-0.0197766
95.45			-0.0197759
95.4833			-0.0197752
95.5167			-0.0197745
95.55			-0.0197739
95.5833			-0.0197732
95.6167			-0.0197725
95.65			-0.0197719
95.6833			-0.0197712
95.7167			-0.0197705
95.75			-0.0197699
95.7833			-0.0197692
95.8167			-0.0197685
95.85			-0.0197679
95.8833			-0.0197672
95.9167			-0.0197665
95.95			-0.0197659
95.9833			-0.0197652
96.0167			-0.0197645
96.05			-0.0197639
96.0833			-0.0197632
96.1167			-0.0197625
96.15			-0.0197619
96.1833			-0.0197612
96.2167			-0.0197606
96.25			-0.0197599
96.2833			-0.0197592
96.3167			-0.0197586
96.35			-0.0197579
96.3833			-0.0197573
96.4167			-0.0197566
96.45			-0.0197559
96.4833			-0.0197553
96.5167			-0.0197546
96.55			-0.019754
96.5833			-0.0197533
96.6167			-0.0197527
96.65			-0.019752
96.6833			-0.0197513
96.7167			-0.0197507
96.75			-0.01975
96.7833			-0.0197494
96.8167			-0.0197487
96.85			-0.0197481
96.8833			-0.0197474
96.9167			-0.0197468
96.95			-0.0197461
96.9833			-0.0197455
97.0167			-0.0197448
97.05			-0.0197442
97.0833			-0.0197435
97.1167			-0.0197429
97.15			-0.0197422
97.1833			-0.0197416
97.2167			-0.0197409
97.25			-0.0197403
97.2833			-0.0197396
97.3167			-0.019739
97.35			-0.0197383
97.3833			-0.0197377
97.4167			-0.0197371
97.45			-0.0197364
97.4833			-0.0197358
97.5167			-0.0197351
97.55			-0.0197345
97.5833			-0.0197338
97.6167			-0.0197332
97.65			-0.0197325
97.6833			-0.0197319
97.7167			-0.0197313
97.75			-0.0197306
97.7833			-0.01973
97.8167			-0.0197293
97.85			-0.0197287
97.8833			-0.0197281
97.9167			-0.0197274
97.95			-0.0197268
97.9833			-0.0197262
98.0167			-0.0197255
98.05			-0.0197249
98.0833			-0.0197242
98.1167			-0.0197236
98.15			-0.019723
98.1833			-0.0197223
98.2167			-0.0197217
98.25			-0.0197211
98.2833			-0.0197204
98.3167			-0.0197198
98.35			-0.0197192
98.3833			-0.0197185
98.4167			-0.0197179
98.45			-0.0197173
98.4833			-0.0197166
98.5167			-0.019716
98.55			-0.0197154
98.5833			-0.0197148
98.6167			-0.0197141
98.65			-0.0197135
98.6833			-0.0197129
98.7167			-0.0197122
98.75			-0.0197116
98.7833			-0.019711
98.8167			-0.0197104
98.85			-0.0197097
98.8833			-0.0197091
98.9167			-0.0197085
98.95			-0.0197079
98.9833			-0.0197072
99.0167			-0.0197066
99.05			-0.019706
99.0833			-0.0197054
99.1167			-0.0197047
99.15			-0.0197041
99.1833			-0.0197035
99.2167			-0.0197029
99.25			-0.0197022
99.2833			-0.0197016
99.3167			-0.019701
99.35			-0.0197004
99.3833			-0.0196998
99.4167			-0.0196991
99.45			-0.0196985
99.4833			-0.0196979
99.5167			-0.0196973
99.55			-0.0196967
99.5833			-0.0196961
99.6167			-0.0196954
99.65			-0.0196948
99.6833			-0.0196942
99.7167			-0.0196936
99.75			-0.019693
99.7833			-0.0196924
99.8167			-0.0196917
99.85			-0.0196911
99.8833			-0.0196905
99.9167			-0.0196899
99.95			-0.0196893
99.9833			-0.0196887
