0.05			-0.590938
0.0833333			-0.589992
0.116667			-0.589193
0.15			-0.588227
0.183333			-0.58683
0.216667			-0.584818
0.25			-0.582048
0.283333			-0.578418
0.316667			-0.573864
0.35			-0.568364
0.383333			-0.561939
0.416667			-0.554645
0.45			-0.546568
0.483333			-0.537812
0.516667			-0.528488
0.55			-0.518714
0.583333			-0.508602
0.616667			-0.498258
0.65			-0.487775
0.683333			-0.47724
0.716667			-0.466724
0.75			-0.45629
0.783333			-0.445987
0.816667			-0.435858
0.85			-0.425935
0.883333			-0.416244
0.916667			-0.406802
0.95			-0.397622
0.983333			-0.388715
1.01667			-0.380082
1.05			-0.371728
1.08333			-0.363649
1.11667			-0.355844
1.15			-0.348307
1.18333			-0.341033
1.21667			-0.334014
1.25			-0.327244
1.28333			-0.320715
1.31667			-0.314418
1.35			-0.308346
1.38333			-0.302489
1.41667			-0.296839
1.45			-0.291389
1.48333			-0.28613
1.51667			-0.281054
1.55			-0.276154
1.58333			-0.271423
1.61667			-0.266852
1.65			-0.262437
1.68333			-0.258169
1.71667			-0.254042
1.75			-0.250052
1.78333			-0.246191
1.81667			-0.242454
1.85			-0.238836
1.88333			-0.235333
1.91667			-0.231939
1.95			-0.228649
1.98333			-0.22546
2.01667			-0.222367
2.05			-0.219367
2.08333			-0.216455
2.11667			-0.213628
2.15			-0.210883
2.18333			-0.208216
2.21667			-0.205625
2.25			-0.203105
2.28333			-0.200656
2.31667			-0.198273
2.35			-0.195955
2.38333			-0.193698
2.41667			-0.191501
2.45			-0.189362
2.48333			-0.187278
2.51667			-0.185247
2.55			-0.183268
2.58333			-0.181338
2.61667			-0.179456
2.65			-0.17762
2.68333			-0.175828
2.71667			-0.17408
2.75			-0.172373
2.78333			-0.170706
2.81667			-0.169078
2.85			-0.167487
2.88333			-0.165932
2.91667			-0.164413
2.95			-0.162928
2.98333			-0.161475
3.01667			-0.160054
3.05			-0.158664
3.08333			-0.157304
3.11667			-0.155973
3.15			-0.15467
3.18333			-0.153394
3.21667			-0.152144
3.25			-0.15092
3.28333			-0.14972
3.31667			-0.148545
3.35			-0.147393
3.38333			-0.146264
3.41667			-0.145157
3.45			-0.144072
3.48333			-0.143007
3.51667			-0.141963
3.55			-0.140938
3.58333			-0.139932
3.61667			-0.138945
3.65			-0.137977
3.68333			-0.137025
3.71667			-0.136091
3.75			-0.135174
3.78333			-0.134273
3.81667			-0.133388
3.85			-0.132519
3.88333			-0.131664
3.91667			-0.130824
3.95			-0.129999
3.98333			-0.129187
4.01667			-0.128389
4.05			-0.127605
4.08333			-0.126833
4.11667			-0.126074
4.15			-0.125327
4.18333			-0.124592
4.21667			-0.12387
4.25			-0.123158
4.28333			-0.122458
4.31667			-0.121769
4.35			-0.12109
4.38333			-0.120422
4.41667			-0.119764
4.45			-0.119117
4.48333			-0.118479
4.51667			-0.11785
4.55			-0.117231
4.58333			-0.116621
4.61667			-0.11602
4.65			-0.115428
4.68333			-0.114844
4.71667			-0.114269
4.75			-0.113702
4.78333			-0.113142
4.81667			-0.112591
4.85			-0.112048
4.88333			-0.111512
4.91667			-0.110983
4.95			-0.110462
4.98333			-0.109948
5.01667			-0.10944
5.05			-0.10894
5.08333			-0.108446
5.11667			-0.107959
5.15			-0.107478
5.18333			-0.107003
5.21667			-0.106535
5.25			-0.106073
5.28333			-0.105616
5.31667			-0.105166
5.35			-0.104721
5.38333			-0.104282
5.41667			-0.103848
5.45			-0.10342
5.48333			-0.102997
5.51667			-0.102579
5.55			-0.102166
5.58333			-0.101759
5.61667			-0.101356
5.65			-0.100958
5.68333			-0.100565
5.71667			-0.100176
5.75			-0.0997926
5.78333			-0.0994132
5.81667			-0.0990383
5.85			-0.0986677
5.88333			-0.0983014
5.91667			-0.0979393
5.95			-0.0975813
5.98333			-0.0972274
6.01667			-0.0968775
6.05			-0.0965316
6.08333			-0.0961895
6.11667			-0.0958511
6.15			-0.0955166
6.18333			-0.0951857
6.21667			-0.0948584
6.25			-0.0945347
6.28333			-0.0942145
6.31667			-0.0938977
6.35			-0.0935843
6.38333			-0.0932742
6.41667			-0.0929675
6.45			-0.0926639
6.48333			-0.0923636
6.51667			-0.0920664
6.55			-0.0917722
6.58333			-0.0914811
6.61667			-0.091193
6.65			-0.0909079
6.68333			-0.0906256
6.71667			-0.0903462
6.75			-0.0900696
6.78333			-0.0897957
6.81667			-0.0895246
6.85			-0.0892562
6.88333			-0.0889905
6.91667			-0.0887273
6.95			-0.0884667
6.98333			-0.0882087
7.01667			-0.0879532
7.05			-0.0877001
7.08333			-0.0874494
7.11667			-0.0872012
7.15			-0.0869553
7.18333			-0.0867117
7.21667			-0.0864704
7.25			-0.0862314
7.28333			-0.0859946
7.31667			-0.08576
7.35			-0.0855276
7.38333			-0.0852973
7.41667			-0.0850691
7.45			-0.084843
7.48333			-0.084619
7.51667			-0.0843969
7.55			-0.0841769
7.58333			-0.0839589
7.61667			-0.0837428
7.65			-0.0835286
7.68333			-0.0833163
7.71667			-0.0831059
7.75			-0.0828973
7.78333			-0.0826905
7.81667			-0.0824856
7.85			-0.0822824
7.88333			-0.0820809
7.91667			-0.0818812
7.95			-0.0816832
7.98333			-0.0814869
8.01667			-0.0812922
8.05			-0.0810992
8.08333			-0.0809078
8.11667			-0.080718
8.15			-0.0805298
8.18333			-0.0803431
8.21667			-0.080158
8.25			-0.0799744
8.28333			-0.0797923
8.31667			-0.0796118
8.35			-0.0794326
8.38333			-0.0792549
8.41667			-0.0790787
8.45			-0.0789039
8.48333			-0.0787304
8.51667			-0.0785584
8.55			-0.0783877
8.58333			-0.0782184
8.61667			-0.0780504
8.65			-0.0778837
8.68333			-0.0777183
8.71667			-0.0775542
8.75			-0.0773914
8.78333			-0.0772299
8.81667			-0.0770695
8.85			-0.0769105
8.88333			-0.0767526
8.91667			-0.0765959
8.95			-0.0764404
8.98333			-0.0762861
9.01667			-0.076133
9.05			-0.075981
9.08333			-0.0758301
9.11667			-0.0756804
9.15			-0.0755318
9.18333			-0.0753842
9.21667			-0.0752378
9.25			-0.0750924
9.28333			-0.0749481
9.31667			-0.0748048
9.35			-0.0746626
9.38333			-0.0745214
9.41667			-0.0743812
9.45			-0.0742421
9.48333			-0.0741039
9.51667			-0.0739667
9.55			-0.0738305
9.58333			-0.0736952
9.61667			-0.0735609
9.65			-0.0734276
9.68333			-0.0732952
9.71667			-0.0731637
9.75			-0.0730331
9.78333			-0.0729034
9.81667			-0.0727746
9.85			-0.0726468
9.88333			-0.0725197
9.91667			-0.0723936
9.95			-0.0722683
9.98333			-0.0721439
10.0167			-0.0720203
10.05			-0.0718975
10.0833			-0.0717756
10.1167			-0.0716544
10.15			-0.0715341
10.1833			-0.0714146
10.2167			-0.0712959
10.25			-0.071178
10.2833			-0.0710608
10.3167			-0.0709444
10.35			-0.0708288
10.3833			-0.0707139
10.4167			-0.0705998
10.45			-0.0704864
10.4833			-0.0703738
10.5167			-0.0702619
10.55			-0.0701507
10.5833			-0.0700402
10.6167			-0.0699304
10.65			-0.0698213
10.6833			-0.0697129
10.7167			-0.0696052
10.75			-0.0694982
10.7833			-0.0693918
10.8167			-0.0692861
10.85			-0.0691811
10.8833			-0.0690767
10.9167			-0.068973
10.95			-0.0688699
10.9833			-0.0687674
11.0167			-0.0686656
11.05			-0.0685644
11.0833			-0.0684638
11.1167			-0.0683638
11.15			-0.0682645
11.1833			-0.0681657
11.2167			-0.0680675
11.25			-0.06797
11.2833			-0.067873
11.3167			-0.0677766
11.35			-0.0676807
11.3833			-0.0675855
11.4167			-0.0674908
11.45			-0.0673966
11.4833			-0.067303
11.5167			-0.06721
11.55			-0.0671175
11.5833			-0.0670256
11.6167			-0.0669342
11.65			-0.0668433
11.6833			-0.0667529
11.7167			-0.0666631
11.75			-0.0665738
11.7833			-0.066485
11.8167			-0.0663967
11.85			-0.0663089
11.8833			-0.0662216
11.9167			-0.0661348
11.95			-0.0660485
11.9833			-0.0659627
12.0167			-0.0658774
12.05			-0.0657925
12.0833			-0.0657082
12.1167			-0.0656243
12.15			-0.0655408
12.1833			-0.0654578
12.2167			-0.0653753
12.25			-0.0652933
12.2833			-0.0652117
12.3167			-0.0651305
12.35			-0.0650498
12.3833			-0.0649695
12.4167			-0.0648897
12.45			-0.0648103
12.4833			-0.0647313
12.5167			-0.0646528
12.55			-0.0645746
12.5833			-0.0644969
12.6167			-0.0644197
12.65			-0.0643428
12.6833			-0.0642663
12.7167			-0.0641903
12.75			-0.0641146
12.7833			-0.0640394
12.8167			-0.0639645
12.85			-0.0638901
12.8833			-0.063816
12.9167			-0.0637423
12.95			-0.063669
12.9833			-0.0635961
13.0167			-0.0635236
13.05			-0.0634514
13.0833			-0.0633796
13.1167			-0.0633082
13.15			-0.0632372
13.1833			-0.0631665
13.2167			-0.0630961
13.25			-0.0630262
13.2833			-0.0629566
13.3167			-0.0628873
13.35			-0.0628184
13.3833			-0.0627499
13.4167			-0.0626816
13.45			-0.0626138
13.4833			-0.0625462
13.5167			-0.0624791
13.55			-0.0624122
13.5833			-0.0623457
13.6167			-0.0622795
13.65			-0.0622136
13.6833			-0.0621481
13.7167			-0.0620829
13.75			-0.062018
13.7833			-0.0619534
13.8167			-0.0618891
13.85			-0.0618252
13.8833			-0.0617615
13.9167			-0.0616982
13.95			-0.0616352
13.9833			-0.0615725
14.0167			-0.0615101
14.05			-0.061448
14.0833			-0.0613861
14.1167			-0.0613246
14.15			-0.0612634
14.1833			-0.0612025
14.2167			-0.0611418
14.25			-0.0610815
14.2833			-0.0610214
14.3167			-0.0609616
14.35			-0.0609021
14.3833			-0.0608429
14.4167			-0.0607839
14.45			-0.0607252
14.4833			-0.0606668
14.5167			-0.0606087
14.55			-0.0605509
14.5833			-0.0604933
14.6167			-0.0604359
14.65			-0.0603789
14.6833			-0.0603221
14.7167			-0.0602655
14.75			-0.0602093
14.7833			-0.0601532
14.8167			-0.0600975
14.85			-0.060042
14.8833			-0.0599867
14.9167			-0.0599317
14.95			-0.0598769
14.9833			-0.0598224
15.0167			-0.0597681
15.05			-0.0597141
15.0833			-0.0596603
15.1167			-0.0596068
15.15			-0.0595535
15.1833			-0.0595004
15.2167			-0.0594476
15.25			-0.059395
15.2833			-0.0593426
15.3167			-0.0592905
15.35			-0.0592386
15.3833			-0.0591869
15.4167			-0.0591354
15.45			-0.0590842
15.4833			-0.0590332
15.5167			-0.0589824
15.55			-0.0589319
15.5833			-0.0588815
15.6167			-0.0588314
15.65			-0.0587815
15.6833			-0.0587318
15.7167			-0.0586823
15.75			-0.0586331
15.7833			-0.058584
15.8167			-0.0585351
15.85			-0.0584865
15.8833			-0.0584381
15.9167			-0.0583898
15.95			-0.0583418
15.9833			-0.058294
16.0167			-0.0582464
16.05			-0.058199
16.0833			-0.0581517
16.1167			-0.0581047
16.15			-0.0580579
16.1833			-0.0580113
16.2167			-0.0579648
16.25			-0.0579186
16.2833			-0.0578725
16.3167			-0.0578267
16.35			-0.057781
16.3833			-0.0577355
16.4167			-0.0576902
16.45			-0.0576451
16.4833			-0.0576002
16.5167			-0.0575554
16.55			-0.0575109
16.5833			-0.0574665
16.6167			-0.0574223
16.65			-0.0573783
16.6833			-0.0573344
16.7167			-0.0572907
16.75			-0.0572473
16.7833			-0.0572039
16.8167			-0.0571608
16.85			-0.0571178
16.8833			-0.057075
16.9167			-0.0570324
16.95			-0.0569899
16.9833			-0.0569477
17.0167			-0.0569055
17.05			-0.0568636
17.0833			-0.0568218
17.1167			-0.0567802
17.15			-0.0567387
17.1833			-0.0566974
17.2167			-0.0566563
17.25			-0.0566153
17.2833			-0.0565745
17.3167			-0.0565338
17.35			-0.0564933
17.3833			-0.056453
17.4167			-0.0564128
17.45			-0.0563728
17.4833			-0.0563329
17.5167			-0.0562932
17.55			-0.0562536
17.5833			-0.0562142
17.6167			-0.0561749
17.65			-0.0561358
17.6833			-0.0560968
17.7167			-0.056058
17.75			-0.0560194
17.7833			-0.0559808
17.8167			-0.0559425
17.85			-0.0559042
17.8833			-0.0558661
17.9167			-0.0558282
17.95			-0.0557904
17.9833			-0.0557527
18.0167			-0.0557152
18.05			-0.0556778
18.0833			-0.0556406
18.1167			-0.0556035
18.15			-0.0555665
18.1833			-0.0555297
18.2167			-0.055493
18.25			-0.0554564
18.2833			-0.05542
18.3167			-0.0553837
18.35			-0.0553476
18.3833			-0.0553115
18.4167			-0.0552757
18.45			-0.0552399
18.4833			-0.0552043
18.5167			-0.0551688
18.55			-0.0551334
18.5833			-0.0550982
18.6167			-0.055063
18.65			-0.0550281
18.6833			-0.0549932
18.7167			-0.0549585
18.75			-0.0549238
18.7833			-0.0548894
18.8167			-0.054855
18.85			-0.0548208
18.8833			-0.0547866
18.9167			-0.0547526
18.95			-0.0547188
18.9833			-0.054685
19.0167			-0.0546514
19.05			-0.0546179
19.0833			-0.0545845
19.1167			-0.0545512
19.15			-0.054518
19.1833			-0.054485
19.2167			-0.054452
19.25			-0.0544192
19.2833			-0.0543865
19.3167			-0.0543539
19.35			-0.0543215
19.3833			-0.0542891
19.4167			-0.0542569
19.45			-0.0542247
19.4833			-0.0541927
19.5167			-0.0541608
19.55			-0.054129
19.5833			-0.0540973
19.6167			-0.0540657
19.65			-0.0540342
19.6833			-0.0540028
19.7167			-0.0539716
19.75			-0.0539404
19.7833			-0.0539094
19.8167			-0.0538784
19.85			-0.0538476
19.8833			-0.0538169
19.9167			-0.0537862
19.95			-0.0537557
19.9833			-0.0537253
20.0167			-0.0536949
20.05			-0.0536647
20.0833			-0.0536346
20.1167			-0.0536046
20.15			-0.0535747
20.1833			-0.0535448
20.2167			-0.0535151
20.25			-0.0534855
20.2833			-0.053456
20.3167			-0.0534266
20.35			-0.0533972
20.3833			-0.053368
20.4167			-0.0533389
20.45			-0.0533098
20.4833			-0.0532809
20.5167			-0.053252
20.55			-0.0532233
20.5833			-0.0531946
20.6167			-0.0531661
20.65			-0.0531376
20.6833			-0.0531092
20.7167			-0.0530809
20.75			-0.0530527
20.7833			-0.0530246
20.8167			-0.0529966
20.85			-0.0529687
20.8833			-0.0529409
20.9167			-0.0529131
20.95			-0.0528855
20.9833			-0.0528579
21.0167			-0.0528304
21.05			-0.052803
21.0833			-0.0527757
21.1167			-0.0527485
21.15			-0.0527214
21.1833			-0.0526943
21.2167			-0.0526674
21.25			-0.0526405
21.2833			-0.0526137
21.3167			-0.052587
21.35			-0.0525604
21.3833			-0.0525339
21.4167			-0.0525074
21.45			-0.0524811
21.4833			-0.0524548
21.5167			-0.0524286
21.55			-0.0524025
21.5833			-0.0523764
21.6167			-0.0523505
21.65			-0.0523246
21.6833			-0.0522988
21.7167			-0.0522731
21.75			-0.0522474
21.7833			-0.0522219
21.8167			-0.0521964
21.85			-0.052171
21.8833			-0.0521457
21.9167			-0.0521204
21.95			-0.0520953
21.9833			-0.0520702
22.0167			-0.0520452
22.05			-0.0520202
22.0833			-0.0519954
22.1167			-0.0519706
22.15			-0.0519459
22.1833			-0.0519212
22.2167			-0.0518967
22.25			-0.0518722
22.2833			-0.0518478
22.3167			-0.0518235
22.35			-0.0517992
22.3833			-0.051775
22.4167			-0.0517509
22.45			-0.0517268
22.4833			-0.0517029
22.5167			-0.051679
22.55			-0.0516551
22.5833			-0.0516314
22.6167			-0.0516077
22.65			-0.051584
22.6833			-0.0515605
22.7167			-0.051537
22.75			-0.0515136
22.7833			-0.0514903
22.8167			-0.051467
22.85			-0.0514438
22.8833			-0.0514207
22.9167			-0.0513976
22.95			-0.0513746
22.9833			-0.0513517
23.0167			-0.0513288
23.05			-0.051306
23.0833			-0.0512833
23.1167			-0.0512606
23.15			-0.051238
23.1833			-0.0512155
23.2167			-0.051193
23.25			-0.0511706
23.2833			-0.0511482
23.3167			-0.051126
23.35			-0.0511038
23.3833			-0.0510816
23.4167			-0.0510595
23.45			-0.0510375
23.4833			-0.0510155
23.5167			-0.0509936
23.55			-0.0509718
23.5833			-0.05095
23.6167			-0.0509283
23.65			-0.0509067
23.6833			-0.0508851
23.7167			-0.0508636
23.75			-0.0508421
23.7833			-0.0508207
23.8167			-0.0507994
23.85			-0.0507781
23.8833			-0.0507569
23.9167			-0.0507357
23.95			-0.0507146
23.9833			-0.0506936
24.0167			-0.0506726
24.05			-0.0506517
24.0833			-0.0506308
24.1167			-0.05061
24.15			-0.0505892
24.1833			-0.0505685
24.2167			-0.0505479
24.25			-0.0505273
24.2833			-0.0505068
24.3167			-0.0504863
24.35			-0.0504659
24.3833			-0.0504456
24.4167			-0.0504253
24.45			-0.050405
24.4833			-0.0503849
24.5167			-0.0503647
24.55			-0.0503447
24.5833			-0.0503246
24.6167			-0.0503047
24.65			-0.0502848
24.6833			-0.0502649
24.7167			-0.0502451
24.75			-0.0502254
24.7833			-0.0502057
24.8167			-0.050186
24.85			-0.0501664
24.8833			-0.0501469
24.9167			-0.0501274
24.95			-0.050108
24.9833			-0.0500886
25.0167			-0.0500693
25.05			-0.05005
25.0833			-0.0500308
25.1167			-0.0500116
25.15			-0.0499925
25.1833			-0.0499734
25.2167			-0.0499544
25.25			-0.0499355
25.2833			-0.0499165
25.3167			-0.0498977
25.35			-0.0498789
25.3833			-0.0498601
25.4167			-0.0498414
25.45			-0.0498227
25.4833			-0.0498041
25.5167			-0.0497855
25.55			-0.049767
25.5833			-0.0497485
25.6167			-0.0497301
25.65			-0.0497117
25.6833			-0.0496934
25.7167			-0.0496751
25.75			-0.0496569
25.7833			-0.0496387
25.8167			-0.0496206
25.85			-0.0496025
25.8833			-0.0495844
25.9167			-0.0495665
25.95			-0.0495485
25.9833			-0.0495306
26.0167			-0.0495127
26.05			-0.0494949
26.0833			-0.0494772
26.1167			-0.0494595
26.15			-0.0494418
26.1833			-0.0494242
26.2167			-0.0494066
26.25			-0.049389
26.2833			-0.0493716
26.3167			-0.0493541
26.35			-0.0493367
26.3833			-0.0493193
26.4167			-0.049302
26.45			-0.0492848
26.4833			-0.0492675
26.5167			-0.0492503
26.55			-0.0492332
26.5833			-0.0492161
26.6167			-0.0491991
26.65			-0.0491821
26.6833			-0.0491651
26.7167			-0.0491482
26.75			-0.0491313
26.7833			-0.0491144
26.8167			-0.0490976
26.85			-0.0490809
26.8833			-0.0490642
26.9167			-0.0490475
26.95			-0.0490309
26.9833			-0.0490143
27.0167			-0.0489977
27.05			-0.0489812
27.0833			-0.0489648
27.1167			-0.0489483
27.15			-0.048932
27.1833			-0.0489156
27.2167			-0.0488993
27.25			-0.0488831
27.2833			-0.0488668
27.3167			-0.0488506
27.35			-0.0488345
27.3833			-0.0488184
27.4167			-0.0488023
27.45			-0.0487863
27.4833			-0.0487703
27.5167			-0.0487544
27.55			-0.0487385
27.5833			-0.0487226
27.6167			-0.0487068
27.65			-0.048691
27.6833			-0.0486752
27.7167			-0.0486595
27.75			-0.0486438
27.7833			-0.0486282
27.8167			-0.0486126
27.85			-0.048597
27.8833			-0.0485815
27.9167			-0.048566
27.95			-0.0485506
27.9833			-0.0485352
28.0167			-0.0485198
28.05			-0.0485044
28.0833			-0.0484891
28.1167			-0.0484739
28.15			-0.0484586
28.1833			-0.0484434
28.2167			-0.0484283
28.25			-0.0484132
28.2833			-0.0483981
28.3167			-0.048383
28.35			-0.048368
28.3833			-0.048353
28.4167			-0.0483381
28.45			-0.0483232
28.4833			-0.0483083
28.5167			-0.0482935
28.55			-0.0482787
28.5833			-0.0482639
28.6167			-0.0482492
28.65			-0.0482345
28.6833			-0.0482198
28.7167			-0.0482052
28.75			-0.0481906
28.7833			-0.048176
28.8167			-0.0481615
28.85			-0.048147
28.8833			-0.0481325
28.9167			-0.0481181
28.95			-0.0481037
28.9833			-0.0480893
29.0167			-0.048075
29.05			-0.0480607
29.0833			-0.0480465
29.1167			-0.0480322
29.15			-0.048018
29.1833			-0.0480039
29.2167			-0.0479897
29.25			-0.0479756
29.2833			-0.0479616
29.3167			-0.0479475
29.35			-0.0479335
29.3833			-0.0479196
29.4167			-0.0479056
29.45			-0.0478917
29.4833			-0.0478779
29.5167			-0.047864
29.55			-0.0478502
29.5833			-0.0478364
29.6167			-0.0478227
29.65			-0.047809
29.6833			-0.0477953
29.7167			-0.0477816
29.75			-0.047768
29.7833			-0.0477544
29.8167			-0.0477408
29.85			-0.0477273
29.8833			-0.0477138
29.9167			-0.0477003
29.95			-0.0476869
29.9833			-0.0476735
30.0167			-0.0476601
30.05			-0.0476467
30.0833			-0.0476334
30.1167			-0.0476201
30.15			-0.0476069
30.1833			-0.0475936
30.2167			-0.0475804
30.25			-0.0475673
30.2833			-0.0475541
30.3167			-0.047541
30.35			-0.0475279
30.3833			-0.0475148
30.4167			-0.0475018
30.45			-0.0474888
30.4833			-0.0474758
30.5167			-0.0474629
30.55			-0.04745
30.5833			-0.0474371
30.6167			-0.0474242
30.65			-0.0474114
30.6833			-0.0473986
30.7167			-0.0473858
30.75			-0.0473731
30.7833			-0.0473604
30.8167			-0.0473477
30.85			-0.047335
30.8833			-0.0473224
30.9167			-0.0473098
30.95			-0.0472972
30.9833			-0.0472846
31.0167			-0.0472721
31.05			-0.0472596
31.0833			-0.0472471
31.1167			-0.0472347
31.15			-0.0472223
31.1833			-0.0472099
31.2167			-0.0471975
31.25			-0.0471852
31.2833			-0.0471729
31.3167			-0.0471606
31.35			-0.0471483
31.3833			-0.0471361
31.4167			-0.0471239
31.45			-0.0471117
31.4833			-0.0470996
31.5167			-0.0470874
31.55			-0.0470753
31.5833			-0.0470632
31.6167			-0.0470512
31.65			-0.0470392
31.6833			-0.0470272
31.7167			-0.0470152
31.75			-0.0470032
31.7833			-0.0469913
31.8167			-0.0469794
31.85			-0.0469675
31.8833			-0.0469557
31.9167			-0.0469439
31.95			-0.0469321
31.9833			-0.0469203
32.0167			-0.0469085
32.05			-0.0468968
32.0833			-0.0468851
32.1167			-0.0468734
32.15			-0.0468618
32.1833			-0.0468502
32.2167			-0.0468386
32.25			-0.046827
32.2833			-0.0468154
32.3167			-0.0468039
32.35			-0.0467924
32.3833			-0.0467809
32.4167			-0.0467694
32.45			-0.046758
32.4833			-0.0467466
32.5167			-0.0467352
32.55			-0.0467238
32.5833			-0.0467125
32.6167			-0.0467012
32.65			-0.0466899
32.6833			-0.0466786
32.7167			-0.0466674
32.75			-0.0466561
32.7833			-0.0466449
32.8167			-0.0466337
32.85			-0.0466226
32.8833			-0.0466115
32.9167			-0.0466003
32.95			-0.0465893
32.9833			-0.0465782
33.0167			-0.0465671
33.05			-0.0465561
33.0833			-0.0465451
33.1167			-0.0465341
33.15			-0.0465232
33.1833			-0.0465123
33.2167			-0.0465013
33.25			-0.0464905
33.2833			-0.0464796
33.3167			-0.0464687
33.35			-0.0464579
33.3833			-0.0464471
33.4167			-0.0464363
33.45			-0.0464256
33.4833			-0.0464148
33.5167			-0.0464041
33.55			-0.0463934
33.5833			-0.0463828
33.6167			-0.0463721
33.65			-0.0463615
33.6833			-0.0463509
33.7167			-0.0463403
33.75			-0.0463297
33.7833			-0.0463192
33.8167			-0.0463087
33.85			-0.0462982
33.8833			-0.0462877
33.9167			-0.0462772
33.95			-0.0462668
33.9833			-0.0462563
34.0167			-0.0462459
34.05			-0.0462356
34.0833			-0.0462252
34.1167			-0.0462149
34.15			-0.0462045
34.1833			-0.0461943
34.2167			-0.046184
34.25			-0.0461737
34.2833			-0.0461635
34.3167			-0.0461533
34.35			-0.0461431
34.3833			-0.0461329
34.4167			-0.0461227
34.45			-0.0461126
34.4833			-0.0461025
34.5167			-0.0460924
34.55			-0.0460823
34.5833			-0.0460722
34.6167			-0.0460622
34.65			-0.0460522
34.6833			-0.0460422
34.7167			-0.0460322
34.75			-0.0460222
34.7833			-0.0460123
34.8167			-0.0460024
34.85			-0.0459925
34.8833			-0.0459826
34.9167			-0.0459727
34.95			-0.0459628
34.9833			-0.045953
35.0167			-0.0459432
35.05			-0.0459334
35.0833			-0.0459236
35.1167			-0.0459139
35.15			-0.0459042
35.1833			-0.0458944
35.2167			-0.0458847
35.25			-0.0458751
35.2833			-0.0458654
35.3167			-0.0458558
35.35			-0.0458461
35.3833			-0.0458365
35.4167			-0.0458269
35.45			-0.0458174
35.4833			-0.0458078
35.5167			-0.0457983
35.55			-0.0457888
35.5833			-0.0457793
35.6167			-0.0457698
35.65			-0.0457603
35.6833			-0.0457509
35.7167			-0.0457414
35.75			-0.045732
35.7833			-0.0457226
35.8167			-0.0457133
35.85			-0.0457039
35.8833			-0.0456946
35.9167			-0.0456852
35.95			-0.0456759
35.9833			-0.0456667
36.0167			-0.0456574
36.05			-0.0456481
36.0833			-0.0456389
36.1167			-0.0456297
36.15			-0.0456205
36.1833			-0.0456113
36.2167			-0.0456021
36.25			-0.045593
36.2833			-0.0455838
36.3167			-0.0455747
36.35			-0.0455656
36.3833			-0.0455565
36.4167			-0.0455475
36.45			-0.0455384
36.4833			-0.0455294
36.5167			-0.0455204
36.55			-0.0455114
36.5833			-0.0455024
36.6167			-0.0454934
36.65			-0.0454845
36.6833			-0.0454755
36.7167			-0.0454666
36.75			-0.0454577
36.7833			-0.0454488
36.8167			-0.04544
36.85			-0.0454311
36.8833			-0.0454223
36.9167			-0.0454135
36.95			-0.0454047
36.9833			-0.0453959
37.0167			-0.0453871
37.05			-0.0453783
37.0833			-0.0453696
37.1167			-0.0453609
37.15			-0.0453522
37.1833			-0.0453435
37.2167			-0.0453348
37.25			-0.0453261
37.2833			-0.0453175
37.3167			-0.0453089
37.35			-0.0453002
37.3833			-0.0452916
37.4167			-0.0452831
37.45			-0.0452745
37.4833			-0.0452659
37.5167			-0.0452574
37.55			-0.0452489
37.5833			-0.0452404
37.6167			-0.0452319
37.65			-0.0452234
37.6833			-0.0452149
37.7167			-0.0452065
37.75			-0.045198
37.7833			-0.0451896
37.8167			-0.0451812
37.85			-0.0451728
37.8833			-0.0451645
37.9167			-0.0451561
37.95			-0.0451478
37.9833			-0.0451394
38.0167			-0.0451311
38.05			-0.0451228
38.0833			-0.0451145
38.1167			-0.0451063
38.15			-0.045098
38.1833			-0.0450898
38.2167			-0.0450815
38.25			-0.0450733
38.2833			-0.0450651
38.3167			-0.0450569
38.35			-0.0450488
38.3833			-0.0450406
38.4167			-0.0450325
38.45			-0.0450244
38.4833			-0.0450162
38.5167			-0.0450081
38.55			-0.0450001
38.5833			-0.044992
38.6167			-0.0449839
38.65			-0.0449759
38.6833			-0.0449679
38.7167			-0.0449598
38.75			-0.0449518
38.7833			-0.0449439
38.8167			-0.0449359
38.85			-0.0449279
38.8833			-0.04492
38.9167			-0.044912
38.95			-0.0449041
38.9833			-0.0448962
39.0167			-0.0448883
39.05			-0.0448805
39.0833			-0.0448726
39.1167			-0.0448647
39.15			-0.0448569
39.1833			-0.0448491
39.2167			-0.0448413
39.25			-0.0448335
39.2833			-0.0448257
39.3167			-0.0448179
39.35			-0.0448102
39.3833			-0.0448024
39.4167			-0.0447947
39.45			-0.044787
39.4833			-0.0447793
39.5167			-0.0447716
39.55			-0.0447639
39.5833			-0.0447562
39.6167			-0.0447486
39.65			-0.0447409
39.6833			-0.0447333
39.7167			-0.0447257
39.75			-0.0447181
39.7833			-0.0447105
39.8167			-0.0447029
39.85			-0.0446954
39.8833			-0.0446878
39.9167			-0.0446803
39.95			-0.0446728
39.9833			-0.0446652
40.0167			-0.0446578
40.05			-0.0446503
40.0833			-0.0446428
40.1167			-0.0446353
40.15			-0.0446279
40.1833			-0.0446204
40.2167			-0.044613
40.25			-0.0446056
40.2833			-0.0445982
40.3167			-0.0445908
40.35			-0.0445834
40.3833			-0.0445761
40.4167			-0.0445687
40.45			-0.0445614
40.4833			-0.0445541
40.5167			-0.0445468
40.55			-0.0445394
40.5833			-0.0445322
40.6167			-0.0445249
40.65			-0.0445176
40.6833			-0.0445104
40.7167			-0.0445031
40.75			-0.0444959
40.7833			-0.0444887
40.8167			-0.0444815
40.85			-0.0444743
40.8833			-0.0444671
40.9167			-0.0444599
40.95			-0.0444528
40.9833			-0.0444456
41.0167			-0.0444385
41.05			-0.0444313
41.0833			-0.0444242
41.1167			-0.0444171
41.15			-0.04441
41.1833			-0.044403
41.2167			-0.0443959
41.25			-0.0443888
41.2833			-0.0443818
41.3167			-0.0443748
41.35			-0.0443678
41.3833			-0.0443607
41.4167			-0.0443537
41.45			-0.0443468
41.4833			-0.0443398
41.5167			-0.0443328
41.55			-0.0443259
41.5833			-0.0443189
41.6167			-0.044312
41.65			-0.0443051
41.6833			-0.0442982
41.7167			-0.0442913
41.75			-0.0442844
41.7833			-0.0442775
41.8167			-0.0442706
41.85			-0.0442638
41.8833			-0.0442569
41.9167			-0.0442501
41.95			-0.0442433
41.9833			-0.0442365
42.0167			-0.0442297
42.05			-0.0442229
42.0833			-0.0442161
42.1167			-0.0442094
42.15			-0.0442026
42.1833			-0.0441959
42.2167			-0.0441891
42.25			-0.0441824
42.2833			-0.0441757
42.3167			-0.044169
42.35			-0.0441623
42.3833			-0.0441556
42.4167			-0.0441489
42.45			-0.0441423
42.4833			-0.0441356
42.5167			-0.044129
42.55			-0.0441224
42.5833			-0.0441158
42.6167			-0.0441091
42.65			-0.0441025
42.6833			-0.044096
42.7167			-0.0440894
42.75			-0.0440828
42.7833			-0.0440763
42.8167			-0.0440697
42.85			-0.0440632
42.8833			-0.0440567
42.9167			-0.0440501
42.95			-0.0440436
42.9833			-0.0440371
43.0167			-0.0440307
43.05			-0.0440242
43.0833			-0.0440177
43.1167			-0.0440113
43.15			-0.0440048
43.1833			-0.0439984
43.2167			-0.043992
43.25			-0.0439856
43.2833			-0.0439792
43.3167			-0.0439728
43.35			-0.0439664
43.3833			-0.04396
43.4167			-0.0439536
43.45			-0.0439473
43.4833			-0.0439409
43.5167			-0.0439346
43.55			-0.0439283
43.5833			-0.043922
43.6167			-0.0439157
43.65			-0.0439094
43.6833			-0.0439031
43.7167			-0.0438968
43.75			-0.0438905
43.7833			-0.0438843
43.8167			-0.043878
43.85			-0.0438718
43.8833			-0.0438655
43.9167			-0.0438593
43.95			-0.0438531
43.9833			-0.0438469
44.0167			-0.0438407
44.05			-0.0438345
44.0833			-0.0438284
44.1167			-0.0438222
44.15			-0.0438161
44.1833			-0.0438099
44.2167			-0.0438038
44.25			-0.0437977
44.2833			-0.0437915
44.3167			-0.0437854
44.35			-0.0437793
44.3833			-0.0437732
44.4167			-0.0437672
44.45			-0.0437611
44.4833			-0.043755
44.5167			-0.043749
44.55			-0.0437429
44.5833			-0.0437369
44.6167			-0.0437309
44.65			-0.0437249
44.6833			-0.0437188
44.7167			-0.0437129
44.75			-0.0437069
44.7833			-0.0437009
44.8167			-0.0436949
44.85			-0.0436889
44.8833			-0.043683
44.9167			-0.0436771
44.95			-0.0436711
44.9833			-0.0436652
45.0167			-0.0436593
45.05			-0.0436534
45.0833			-0.0436475
45.1167			-0.0436416
45.15			-0.0436357
45.1833			-0.0436298
45.2167			-0.0436239
45.25			-0.0436181
45.2833			-0.0436122
45.3167			-0.0436064
45.35			-0.0436006
45.3833			-0.0435948
45.4167			-0.0435889
45.45			-0.0435831
45.4833			-0.0435773
45.5167			-0.0435715
45.55			-0.0435658
45.5833			-0.04356
45.6167			-0.0435542
45.65			-0.0435485
45.6833			-0.0435427
45.7167			-0.043537
45.75			-0.0435313
45.7833			-0.0435256
45.8167			-0.0435198
45.85			-0.0435141
45.8833			-0.0435084
45.9167			-0.0435028
45.95			-0.0434971
45.9833			-0.0434914
46.0167			-0.0434857
46.05			-0.0434801
46.0833			-0.0434744
46.1167			-0.0434688
46.15			-0.0434632
46.1833			-0.0434576
46.2167			-0.0434519
46.25			-0.0434463
46.2833			-0.0434407
46.3167			-0.0434352
46.35			-0.0434296
46.3833			-0.043424
46.4167			-0.0434184
46.45			-0.0434129
46.4833			-0.0434073
46.5167			-0.0434018
46.55			-0.0433963
46.5833			-0.0433907
46.6167			-0.0433852
46.65			-0.0433797
46.6833			-0.0433742
46.7167			-0.0433687
46.75			-0.0433632
46.7833			-0.0433578
46.8167			-0.0433523
46.85			-0.0433468
46.8833			-0.0433414
46.9167			-0.0433359
46.95			-0.0433305
46.9833			-0.0433251
47.0167			-0.0433196
47.05			-0.0433142
47.0833			-0.0433088
47.1167			-0.0433034
47.15			-0.043298
47.1833			-0.0432926
47.2167			-0.0432873
47.25			-0.0432819
47.2833			-0.0432765
47.3167			-0.0432712
47.35			-0.0432658
47.3833			-0.0432605
47.4167			-0.0432552
47.45			-0.0432498
47.4833			-0.0432445
47.5167			-0.0432392
47.55			-0.0432339
47.5833			-0.0432286
47.6167			-0.0432233
47.65			-0.043218
47.6833			-0.0432128
47.7167			-0.0432075
47.75			-0.0432023
47.7833			-0.043197
47.8167			-0.0431918
47.85			-0.0431865
47.8833			-0.0431813
47.9167			-0.0431761
47.95			-0.0431709
47.9833			-0.0431657
48.0167			-0.0431605
48.05			-0.0431553
48.0833			-0.0431501
48.1167			-0.0431449
48.15			-0.0431398
48.1833			-0.0431346
48.2167			-0.0431294
48.25			-0.0431243
48.2833			-0.0431191
48.3167			-0.043114
48.35			-0.0431089
48.3833			-0.0431038
48.4167			-0.0430987
48.45			-0.0430936
48.4833			-0.0430885
48.5167			-0.0430834
48.55			-0.0430783
48.5833			-0.0430732
48.6167			-0.0430681
48.65			-0.0430631
48.6833			-0.043058
48.7167			-0.043053
48.75			-0.0430479
48.7833			-0.0430429
48.8167			-0.0430379
48.85			-0.0430328
48.8833			-0.0430278
48.9167			-0.0430228
48.95			-0.0430178
48.9833			-0.0430128
49.0167			-0.0430078
49.05			-0.0430029
49.0833			-0.0429979
49.1167			-0.0429929
49.15			-0.042988
49.1833			-0.042983
49.2167			-0.0429781
49.25			-0.0429731
49.2833			-0.0429682
49.3167			-0.0429633
49.35			-0.0429583
49.3833			-0.0429534
49.4167			-0.0429485
49.45			-0.0429436
49.4833			-0.0429387
49.5167			-0.0429338
49.55			-0.042929
49.5833			-0.0429241
49.6167			-0.0429192
49.65			-0.0429144
49.6833			-0.0429095
49.7167			-0.0429047
49.75			-0.0428998
49.7833			-0.042895
49.8167			-0.0428902
49.85			-0.0428853
49.8833			-0.0428805
49.9167			-0.0428757
49.95			-0.0428709
49.9833			-0.0428661
50.0167			-0.0428613
50.05			-0.0428565
50.0833			-0.0428518
50.1167			-0.042847
50.15			-0.0428422
50.1833			-0.0428375
50.2167			-0.0428327
50.25			-0.042828
50.2833			-0.0428232
50.3167			-0.0428185
50.35			-0.0428138
50.3833			-0.0428091
50.4167			-0.0428044
50.45			-0.0427997
50.4833			-0.042795
50.5167			-0.0427903
50.55			-0.0427856
50.5833			-0.0427809
50.6167			-0.0427762
50.65			-0.0427715
50.6833			-0.0427669
50.7167			-0.0427622
50.75			-0.0427576
50.7833			-0.0427529
50.8167			-0.0427483
50.85			-0.0427437
50.8833			-0.042739
50.9167			-0.0427344
50.95			-0.0427298
50.9833			-0.0427252
51.0167			-0.0427206
51.05			-0.042716
51.0833			-0.0427114
51.1167			-0.0427068
51.15			-0.0427022
51.1833			-0.0426977
51.2167			-0.0426931
51.25			-0.0426885
51.2833			-0.042684
51.3167			-0.0426794
51.35			-0.0426749
51.3833			-0.0426704
51.4167			-0.0426658
51.45			-0.0426613
51.4833			-0.0426568
51.5167			-0.0426523
51.55			-0.0426478
51.5833			-0.0426433
51.6167			-0.0426388
51.65			-0.0426343
51.6833			-0.0426298
51.7167			-0.0426253
51.75			-0.0426209
51.7833			-0.0426164
51.8167			-0.0426119
51.85			-0.0426075
51.8833			-0.042603
51.9167			-0.0425986
51.95			-0.0425942
51.9833			-0.0425897
52.0167			-0.0425853
52.05			-0.0425809
52.0833			-0.0425765
52.1167			-0.042572
52.15			-0.0425676
52.1833			-0.0425632
52.2167			-0.0425589
52.25			-0.0425545
52.2833			-0.0425501
52.3167			-0.0425457
52.35			-0.0425413
52.3833			-0.042537
52.4167			-0.0425326
52.45			-0.0425283
52.4833			-0.0425239
52.5167			-0.0425196
52.55			-0.0425152
52.5833			-0.0425109
52.6167			-0.0425066
52.65			-0.0425023
52.6833			-0.042498
52.7167			-0.0424937
52.75			-0.0424893
52.7833			-0.042485
52.8167			-0.0424808
52.85			-0.0424765
52.8833			-0.0424722
52.9167			-0.0424679
52.95			-0.0424636
52.9833			-0.0424594
53.0167			-0.0424551
53.05			-0.0424509
53.0833			-0.0424466
53.1167			-0.0424424
53.15			-0.0424381
53.1833			-0.0424339
53.2167			-0.0424297
53.25			-0.0424255
53.2833			-0.0424212
53.3167			-0.042417
53.35			-0.0424128
53.3833			-0.0424086
53.4167			-0.0424044
53.45			-0.0424002
53.4833			-0.042396
53.5167			-0.0423919
53.55			-0.0423877
53.5833			-0.0423835
53.6167			-0.0423794
53.65			-0.0423752
53.6833			-0.042371
53.7167			-0.0423669
53.75			-0.0423627
53.7833			-0.0423586
53.8167			-0.0423545
53.85			-0.0423503
53.8833			-0.0423462
53.9167			-0.0423421
53.95			-0.042338
53.9833			-0.0423339
54.0167			-0.0423298
54.05			-0.0423257
54.0833			-0.0423216
54.1167			-0.0423175
54.15			-0.0423134
54.1833			-0.0423093
54.2167			-0.0423053
54.25			-0.0423012
54.2833			-0.0422971
54.3167			-0.0422931
54.35			-0.042289
54.3833			-0.042285
54.4167			-0.0422809
54.45			-0.0422769
54.4833			-0.0422729
54.5167			-0.0422688
54.55			-0.0422648
54.5833			-0.0422608
54.6167			-0.0422568
54.65			-0.0422528
54.6833			-0.0422488
54.7167			-0.0422448
54.75			-0.0422408
54.7833			-0.0422368
54.8167			-0.0422328
54.85			-0.0422288
54.8833			-0.0422249
54.9167			-0.0422209
54.95			-0.0422169
54.9833			-0.042213
55.0167			-0.042209
55.05			-0.0422051
55.0833			-0.0422011
55.1167			-0.0421972
55.15			-0.0421933
55.1833			-0.0421893
55.2167			-0.0421854
55.25			-0.0421815
55.2833			-0.0421776
55.3167			-0.0421737
55.35			-0.0421697
55.3833			-0.0421658
55.4167			-0.0421619
55.45			-0.0421581
55.4833			-0.0421542
55.5167			-0.0421503
55.55			-0.0421464
55.5833			-0.0421425
55.6167			-0.0421387
55.65			-0.0421348
55.6833			-0.0421309
55.7167			-0.0421271
55.75			-0.0421232
55.7833			-0.0421194
55.8167			-0.0421155
55.85			-0.0421117
55.8833			-0.0421079
55.9167			-0.0421041
55.95			-0.0421002
55.9833			-0.0420964
56.0167			-0.0420926
56.05			-0.0420888
56.0833			-0.042085
56.1167			-0.0420812
56.15			-0.0420774
56.1833			-0.0420736
56.2167			-0.0420698
56.25			-0.042066
56.2833			-0.0420623
56.3167			-0.0420585
56.35			-0.0420547
56.3833			-0.0420509
56.4167			-0.0420472
56.45			-0.0420434
56.4833			-0.0420397
56.5167			-0.0420359
56.55			-0.0420322
56.5833			-0.0420285
56.6167			-0.0420247
56.65			-0.042021
56.6833			-0.0420173
56.7167			-0.0420135
56.75			-0.0420098
56.7833			-0.0420061
56.8167			-0.0420024
56.85			-0.0419987
56.8833			-0.041995
56.9167			-0.0419913
56.95			-0.0419876
56.9833			-0.0419839
57.0167			-0.0419803
57.05			-0.0419766
57.0833			-0.0419729
57.1167			-0.0419693
57.15			-0.0419656
57.1833			-0.0419619
57.2167			-0.0419583
57.25			-0.0419546
57.2833			-0.041951
57.3167			-0.0419473
57.35			-0.0419437
57.3833			-0.0419401
57.4167			-0.0419364
57.45			-0.0419328
57.4833			-0.0419292
57.5167			-0.0419256
57.55			-0.041922
57.5833			-0.0419184
57.6167			-0.0419147
57.65			-0.0419111
57.6833			-0.0419076
57.7167			-0.041904
57.75			-0.0419004
57.7833			-0.0418968
57.8167			-0.0418932
57.85			-0.0418896
57.8833			-0.0418861
57.9167			-0.0418825
57.95			-0.0418789
57.9833			-0.0418754
58.0167			-0.0418718
58.05			-0.0418683
58.0833			-0.0418647
58.1167			-0.0418612
58.15			-0.0418577
58.1833			-0.0418541
58.2167			-0.0418506
58.25			-0.0418471
58.2833			-0.0418435
58.3167			-0.04184
58.35			-0.0418365
58.3833			-0.041833
58.4167			-0.0418295
58.45			-0.041826
58.4833			-0.0418225
58.5167			-0.041819
58.55			-0.0418155
58.5833			-0.041812
58.6167			-0.0418085
58.65			-0.0418051
58.6833			-0.0418016
58.7167			-0.0417981
58.75			-0.0417947
58.7833			-0.0417912
58.8167			-0.0417877
58.85			-0.0417843
58.8833			-0.0417808
58.9167			-0.0417774
58.95			-0.0417739
58.9833			-0.0417705
59.0167			-0.0417671
59.05			-0.0417636
59.0833			-0.0417602
59.1167			-0.0417568
59.15			-0.0417534
59.1833			-0.04175
59.2167			-0.0417466
59.25			-0.0417431
59.2833			-0.0417397
59.3167			-0.0417363
59.35			-0.0417329
59.3833			-0.0417296
59.4167			-0.0417262
59.45			-0.0417228
59.4833			-0.0417194
59.5167			-0.041716
59.55			-0.0417127
59.5833			-0.0417093
59.6167			-0.0417059
59.65			-0.0417026
59.6833			-0.0416992
59.7167			-0.0416958
59.75			-0.0416925
59.7833			-0.0416891
59.8167			-0.0416858
59.85			-0.0416825
59.8833			-0.0416791
59.9167			-0.0416758
59.95			-0.0416725
59.9833			-0.0416691
60.0167			-0.0416658
60.05			-0.0416625
60.0833			-0.0416592
60.1167			-0.0416559
60.15			-0.0416526
60.1833			-0.0416493
60.2167			-0.041646
60.25			-0.0416427
60.2833			-0.0416394
60.3167			-0.0416361
60.35			-0.0416328
60.3833			-0.0416295
60.4167			-0.0416263
60.45			-0.041623
60.4833			-0.0416197
60.5167			-0.0416165
60.55			-0.0416132
60.5833			-0.0416099
60.6167			-0.0416067
60.65			-0.0416034
60.6833			-0.0416002
60.7167			-0.0415969
60.75			-0.0415937
60.7833			-0.0415905
60.8167			-0.0415872
60.85			-0.041584
60.8833			-0.0415808
60.9167			-0.0415776
60.95			-0.0415743
60.9833			-0.0415711
61.0167			-0.0415679
61.05			-0.0415647
61.0833			-0.0415615
61.1167			-0.0415583
61.15			-0.0415551
61.1833			-0.0415519
61.2167			-0.0415487
61.25			-0.0415455
61.2833			-0.0415423
61.3167			-0.0415392
61.35			-0.041536
61.3833			-0.0415328
61.4167			-0.0415296
61.45			-0.0415265
61.4833			-0.0415233
61.5167			-0.0415202
61.55			-0.041517
61.5833			-0.0415138
61.6167			-0.0415107
61.65			-0.0415075
61.6833			-0.0415044
61.7167			-0.0415013
61.75			-0.0414981
61.7833			-0.041495
61.8167			-0.0414919
61.85			-0.0414887
61.8833			-0.0414856
61.9167			-0.0414825
61.95			-0.0414794
61.9833			-0.0414763
62.0167			-0.0414732
62.05			-0.0414701
62.0833			-0.041467
62.1167			-0.0414639
62.15			-0.0414608
62.1833			-0.0414577
62.2167			-0.0414546
62.25			-0.0414515
62.2833			-0.0414484
62.3167			-0.0414453
62.35			-0.0414423
62.3833			-0.0414392
62.4167			-0.0414361
62.45			-0.0414331
62.4833			-0.04143
62.5167			-0.0414269
62.55			-0.0414239
62.5833			-0.0414208
62.6167			-0.0414178
62.65			-0.0414147
62.6833			-0.0414117
62.7167			-0.0414086
62.75			-0.0414056
62.7833			-0.0414026
62.8167			-0.0413995
62.85			-0.0413965
62.8833			-0.0413935
62.9167			-0.0413905
62.95			-0.0413875
62.9833			-0.0413844
63.0167			-0.0413814
63.05			-0.0413784
63.0833			-0.0413754
63.1167			-0.0413724
63.15			-0.0413694
63.1833			-0.0413664
63.2167			-0.0413634
63.25			-0.0413604
63.2833			-0.0413575
63.3167			-0.0413545
63.35			-0.0413515
63.3833			-0.0413485
63.4167			-0.0413456
63.45			-0.0413426
63.4833			-0.0413396
63.5167			-0.0413367
63.55			-0.0413337
63.5833			-0.0413307
63.6167			-0.0413278
63.65			-0.0413248
63.6833			-0.0413219
63.7167			-0.0413189
63.75			-0.041316
63.7833			-0.0413131
63.8167			-0.0413101
63.85			-0.0413072
63.8833			-0.0413043
63.9167			-0.0413013
63.95			-0.0412984
63.9833			-0.0412955
64.0167			-0.0412926
64.05			-0.0412897
64.0833			-0.0412868
64.1167			-0.0412838
64.15			-0.0412809
64.1833			-0.041278
64.2167			-0.0412751
64.25			-0.0412722
64.2833			-0.0412694
64.3167			-0.0412665
64.35			-0.0412636
64.3833			-0.0412607
64.4167			-0.0412578
64.45			-0.0412549
64.4833			-0.0412521
64.5167			-0.0412492
64.55			-0.0412463
64.5833			-0.0412435
64.6167			-0.0412406
64.65			-0.0412377
64.6833			-0.0412349
64.7167			-0.041232
64.75			-0.0412292
64.7833			-0.0412263
64.8167			-0.0412235
64.85			-0.0412206
64.8833			-0.0412178
64.9167			-0.041215
64.95			-0.0412121
64.9833			-0.0412093
65.0167			-0.0412065
65.05			-0.0412036
65.0833			-0.0412008
65.1167			-0.041198
65.15			-0.0411952
65.1833			-0.0411924
65.2167			-0.0411896
65.25			-0.0411868
65.2833			-0.041184
65.3167			-0.0411812
65.35			-0.0411784
65.3833			-0.0411756
65.4167			-0.0411728
65.45			-0.04117
65.4833			-0.0411672
65.5167			-0.0411644
65.55			-0.0411616
65.5833			-0.0411588
65.6167			-0.0411561
65.65			-0.0411533
65.6833			-0.0411505
65.7167			-0.0411478
65.75			-0.041145
65.7833			-0.0411422
65.8167			-0.0411395
65.85			-0.0411367
65.8833			-0.041134
65.9167			-0.0411312
65.95			-0.0411285
65.9833			-0.0411257
66.0167			-0.041123
66.05			-0.0411202
66.0833			-0.0411175
66.1167			-0.0411148
66.15			-0.041112
66.1833			-0.0411093
66.2167			-0.0411066
66.25			-0.0411039
66.2833			-0.0411011
66.3167			-0.0410984
66.35			-0.0410957
66.3833			-0.041093
66.4167			-0.0410903
66.45			-0.0410876
66.4833			-0.0410849
66.5167			-0.0410822
66.55			-0.0410795
66.5833			-0.0410768
66.6167			-0.0410741
66.65			-0.0410714
66.6833			-0.0410687
66.7167			-0.041066
66.75			-0.0410633
66.7833			-0.0410607
66.8167			-0.041058
66.85			-0.0410553
66.8833			-0.0410526
66.9167			-0.04105
66.95			-0.0410473
66.9833			-0.0410446
67.0167			-0.041042
67.05			-0.0410393
67.0833			-0.0410367
67.1167			-0.041034
67.15			-0.0410314
67.1833			-0.0410287
67.2167			-0.0410261
67.25			-0.0410234
67.2833			-0.0410208
67.3167			-0.0410182
67.35			-0.0410155
67.3833			-0.0410129
67.4167			-0.0410103
67.45			-0.0410076
67.4833			-0.041005
67.5167			-0.0410024
67.55			-0.0409998
67.5833			-0.0409972
67.6167			-0.0409945
67.65			-0.0409919
67.6833			-0.0409893
67.7167			-0.0409867
67.75			-0.0409841
67.7833			-0.0409815
67.8167			-0.0409789
67.85			-0.0409763
67.8833			-0.0409737
67.9167			-0.0409711
67.95			-0.0409686
67.9833			-0.040966
68.0167			-0.0409634
68.05			-0.0409608
68.0833			-0.0409582
68.1167			-0.0409557
68.15			-0.0409531
68.1833			-0.0409505
68.2167			-0.0409479
68.25			-0.0409454
68.2833			-0.0409428
68.3167			-0.0409403
68.35			-0.0409377
68.3833			-0.0409351
68.4167			-0.0409326
68.45			-0.04093
68.4833			-0.0409275
68.5167			-0.0409249
68.55			-0.0409224
68.5833			-0.0409199
68.6167			-0.0409173
68.65			-0.0409148
68.6833			-0.0409123
68.7167			-0.0409097
68.75			-0.0409072
68.7833			-0.0409047
68.8167			-0.0409022
68.85			-0.0408996
68.8833			-0.0408971
68.9167			-0.0408946
68.95			-0.0408921
68.9833			-0.0408896
69.0167			-0.0408871
69.05			-0.0408846
69.0833			-0.0408821
69.1167			-0.0408796
69.15			-0.0408771
69.1833			-0.0408746
69.2167			-0.0408721
69.25			-0.0408696
69.2833			-0.0408671
69.3167			-0.0408646
69.35			-0.0408621
69.3833			-0.0408596
69.4167			-0.0408572
69.45			-0.0408547
69.4833			-0.0408522
69.5167			-0.0408497
69.55			-0.0408473
69.5833			-0.0408448
69.6167			-0.0408423
69.65			-0.0408399
69.6833			-0.0408374
69.7167			-0.040835
69.75			-0.0408325
69.7833			-0.04083
69.8167			-0.0408276
69.85			-0.0408251
69.8833			-0.0408227
69.9167			-0.0408203
69.95			-0.0408178
69.9833			-0.0408154
70.0167			-0.0408129
70.05			-0.0408105
70.0833			-0.0408081
70.1167			-0.0408056
70.15			-0.0408032
70.1833			-0.0408008
70.2167			-0.0407984
70.25			-0.0407959
70.2833			-0.0407935
70.3167			-0.0407911
70.35			-0.0407887
70.3833			-0.0407863
70.4167			-0.0407839
70.45			-0.0407815
70.4833			-0.0407791
70.5167			-0.0407767
70.55			-0.0407743
70.5833			-0.0407719
70.6167			-0.0407695
70.65			-0.0407671
70.6833			-0.0407647
70.7167			-0.0407623
70.75			-0.0407599
70.7833			-0.0407575
70.8167			-0.0407552
70.85			-0.0407528
70.8833			-0.0407504
70.9167			-0.040748
70.95			-0.0407456
70.9833			-0.0407433
71.0167			-0.0407409
71.05			-0.0407385
71.0833			-0.0407362
71.1167			-0.0407338
71.15			-0.0407315
71.1833			-0.0407291
71.2167			-0.0407267
71.25			-0.0407244
71.2833			-0.040722
71.3167			-0.0407197
71.35			-0.0407173
71.3833			-0.040715
71.4167			-0.0407127
71.45			-0.0407103
71.4833			-0.040708
71.5167			-0.0407056
71.55			-0.0407033
71.5833			-0.040701
71.6167			-0.0406987
71.65			-0.0406963
71.6833			-0.040694
71.7167			-0.0406917
71.75			-0.0406894
71.7833			-0.040687
71.8167			-0.0406847
71.85			-0.0406824
71.8833			-0.0406801
71.9167			-0.0406778
71.95			-0.0406755
71.9833			-0.0406732
72.0167			-0.0406709
72.05			-0.0406686
72.0833			-0.0406663
72.1167			-0.040664
72.15			-0.0406617
72.1833			-0.0406594
72.2167			-0.0406571
72.25			-0.0406548
72.2833			-0.0406525
72.3167			-0.0406503
72.35			-0.040648
72.3833			-0.0406457
72.4167			-0.0406434
72.45			-0.0406411
72.4833			-0.0406389
72.5167			-0.0406366
72.55			-0.0406343
72.5833			-0.0406321
72.6167			-0.0406298
72.65			-0.0406275
72.6833			-0.0406253
72.7167			-0.040623
72.75			-0.0406208
72.7833			-0.0406185
72.8167			-0.0406162
72.85			-0.040614
72.8833			-0.0406117
72.9167			-0.0406095
72.95			-0.0406073
72.9833			-0.040605
73.0167			-0.0406028
73.05			-0.0406005
73.0833			-0.0405983
73.1167			-0.0405961
73.15			-0.0405938
73.1833			-0.0405916
73.2167			-0.0405894
73.25			-0.0405872
73.2833			-0.0405849
73.3167			-0.0405827
73.35			-0.0405805
73.3833			-0.0405783
73.4167			-0.0405761
73.45			-0.0405738
73.4833			-0.0405716
73.5167			-0.0405694
73.55			-0.0405672
73.5833			-0.040565
73.6167			-0.0405628
73.65			-0.0405606
73.6833			-0.0405584
73.7167			-0.0405562
73.75			-0.040554
73.7833			-0.0405518
73.8167			-0.0405496
73.85			-0.0405474
73.8833			-0.0405452
73.9167			-0.0405431
73.95			-0.0405409
73.9833			-0.0405387
74.0167			-0.0405365
74.05			-0.0405343
74.0833			-0.0405322
74.1167			-0.04053
74.15			-0.0405278
74.1833			-0.0405257
74.2167			-0.0405235
74.25			-0.0405213
74.2833			-0.0405192
74.3167			-0.040517
74.35			-0.0405148
74.3833			-0.0405127
74.4167			-0.0405105
74.45			-0.0405084
74.4833			-0.0405062
74.5167			-0.0405041
74.55			-0.0405019
74.5833			-0.0404998
74.6167			-0.0404976
74.65			-0.0404955
74.6833			-0.0404933
74.7167			-0.0404912
74.75			-0.0404891
74.7833			-0.0404869
74.8167			-0.0404848
74.85			-0.0404827
74.8833			-0.0404805
74.9167			-0.0404784
74.95			-0.0404763
74.9833			-0.0404742
75.0167			-0.040472
75.05			-0.0404699
75.0833			-0.0404678
75.1167			-0.0404657
75.15			-0.0404636
75.1833			-0.0404615
75.2167			-0.0404593
75.25			-0.0404572
75.2833			-0.0404551
75.3167			-0.040453
75.35			-0.0404509
75.3833			-0.0404488
75.4167			-0.0404467
75.45			-0.0404446
75.4833			-0.0404425
75.5167			-0.0404404
75.55			-0.0404383
75.5833			-0.0404363
75.6167			-0.0404342
75.65			-0.0404321
75.6833			-0.04043
75.7167			-0.0404279
75.75			-0.0404258
75.7833			-0.0404238
75.8167			-0.0404217
75.85			-0.0404196
75.8833			-0.0404175
75.9167			-0.0404155
75.95			-0.0404134
75.9833			-0.0404113
76.0167			-0.0404092
76.05			-0.0404072
76.0833			-0.0404051
76.1167			-0.0404031
76.15			-0.040401
76.1833			-0.0403989
76.2167			-0.0403969
76.25			-0.0403948
76.2833			-0.0403928
76.3167			-0.0403907
76.35			-0.0403887
76.3833			-0.0403866
76.4167			-0.0403846
76.45			-0.0403826
76.4833			-0.0403805
76.5167			-0.0403785
76.55			-0.0403764
76.5833			-0.0403744
76.6167			-0.0403724
76.65			-0.0403703
76.6833			-0.0403683
76.7167			-0.0403663
76.75			-0.0403643
76.7833			-0.0403622
76.8167			-0.0403602
76.85			-0.0403582
76.8833			-0.0403562
76.9167			-0.0403541
76.95			-0.0403521
76.9833			-0.0403501
77.0167			-0.0403481
77.05			-0.0403461
77.0833			-0.0403441
77.1167			-0.0403421
77.15			-0.0403401
77.1833			-0.0403381
77.2167			-0.0403361
77.25			-0.0403341
77.2833			-0.0403321
77.3167			-0.0403301
77.35			-0.0403281
77.3833			-0.0403261
77.4167			-0.0403241
77.45			-0.0403221
77.4833			-0.0403201
77.5167			-0.0403181
77.55			-0.0403161
77.5833			-0.0403142
77.6167			-0.0403122
77.65			-0.0403102
77.6833			-0.0403082
77.7167			-0.0403062
77.75			-0.0403043
77.7833			-0.0403023
77.8167			-0.0403003
77.85			-0.0402983
77.8833			-0.0402964
77.9167			-0.0402944
77.95			-0.0402924
77.9833			-0.0402905
78.0167			-0.0402885
78.05			-0.0402866
78.0833			-0.0402846
78.1167			-0.0402827
78.15			-0.0402807
78.1833			-0.0402787
78.2167			-0.0402768
78.25			-0.0402748
78.2833			-0.0402729
78.3167			-0.040271
78.35			-0.040269
78.3833			-0.0402671
78.4167			-0.0402651
78.45			-0.0402632
78.4833			-0.0402612
78.5167			-0.0402593
78.55			-0.0402574
78.5833			-0.0402554
78.6167			-0.0402535
78.65			-0.0402516
78.6833			-0.0402497
78.7167			-0.0402477
78.75			-0.0402458
78.7833			-0.0402439
78.8167			-0.040242
78.85			-0.04024
78.8833			-0.0402381
78.9167			-0.0402362
78.95			-0.0402343
78.9833			-0.0402324
79.0167			-0.0402305
79.05			-0.0402286
79.0833			-0.0402266
79.1167			-0.0402247
79.15			-0.0402228
79.1833			-0.0402209
79.2167			-0.040219
79.25			-0.0402171
79.2833			-0.0402152
79.3167			-0.0402133
79.35			-0.0402114
79.3833			-0.0402095
79.4167			-0.0402076
79.45			-0.0402058
79.4833			-0.0402039
79.5167			-0.040202
79.55			-0.0402001
79.5833			-0.0401982
79.6167			-0.0401963
79.65			-0.0401944
79.6833			-0.0401926
79.7167			-0.0401907
79.75			-0.0401888
79.7833			-0.0401869
79.8167			-0.0401851
79.85			-0.0401832
79.8833			-0.0401813
79.9167			-0.0401795
79.95			-0.0401776
79.9833			-0.0401757
80.0167			-0.0401739
80.05			-0.040172
80.0833			-0.0401701
80.1167			-0.0401683
80.15			-0.0401664
80.1833			-0.0401646
80.2167			-0.0401627
80.25			-0.0401608
80.2833			-0.040159
80.3167			-0.0401571
80.35			-0.0401553
80.3833			-0.0401535
80.4167			-0.0401516
80.45			-0.0401498
80.4833			-0.0401479
80.5167			-0.0401461
80.55			-0.0401442
80.5833			-0.0401424
80.6167			-0.0401406
80.65			-0.0401387
80.6833			-0.0401369
80.7167			-0.0401351
80.75			-0.0401332
80.7833			-0.0401314
80.8167			-0.0401296
80.85			-0.0401278
80.8833			-0.0401259
80.9167			-0.0401241
80.95			-0.0401223
80.9833			-0.0401205
81.0167			-0.0401186
81.05			-0.0401168
81.0833			-0.040115
81.1167			-0.0401132
81.15			-0.0401114
81.1833			-0.0401096
81.2167			-0.0401078
81.25			-0.040106
81.2833			-0.0401042
81.3167			-0.0401024
81.35			-0.0401005
81.3833			-0.0400987
81.4167			-0.0400969
81.45			-0.0400951
81.4833			-0.0400933
81.5167			-0.0400916
81.55			-0.0400898
81.5833			-0.040088
81.6167			-0.0400862
81.65			-0.0400844
81.6833			-0.0400826
81.7167			-0.0400808
81.75			-0.040079
81.7833			-0.0400772
81.8167			-0.0400755
81.85			-0.0400737
81.8833			-0.0400719
81.9167			-0.0400701
81.95			-0.0400683
81.9833			-0.0400666
82.0167			-0.0400648
82.05			-0.040063
82.0833			-0.0400612
82.1167			-0.0400595
82.15			-0.0400577
82.1833			-0.0400559
82.2167			-0.0400542
82.25			-0.0400524
82.2833			-0.0400507
82.3167			-0.0400489
82.35			-0.0400471
82.3833			-0.0400454
82.4167			-0.0400436
82.45			-0.0400419
82.4833			-0.0400401
82.5167			-0.0400384
82.55			-0.0400366
82.5833			-0.0400349
82.6167			-0.0400331
82.65			-0.0400314
82.6833			-0.0400296
82.7167			-0.0400279
82.75			-0.0400261
82.7833			-0.0400244
82.8167			-0.0400226
82.85			-0.0400209
82.8833			-0.0400192
82.9167			-0.0400174
82.95			-0.0400157
82.9833			-0.040014
83.0167			-0.0400122
83.05			-0.0400105
83.0833			-0.0400088
83.1167			-0.0400071
83.15			-0.0400053
83.1833			-0.0400036
83.2167			-0.0400019
83.25			-0.0400002
83.2833			-0.0399984
83.3167			-0.0399967
83.35			-0.039995
83.3833			-0.0399933
83.4167			-0.0399916
83.45			-0.0399899
83.4833			-0.0399881
83.5167			-0.0399864
83.55			-0.0399847
83.5833			-0.039983
83.6167			-0.0399813
83.65			-0.0399796
83.6833			-0.0399779
83.7167			-0.0399762
83.75			-0.0399745
83.7833			-0.0399728
83.8167			-0.0399711
83.85			-0.0399694
83.8833			-0.0399677
83.9167			-0.039966
83.95			-0.0399643
83.9833			-0.0399626
84.0167			-0.0399609
84.05			-0.0399592
84.0833			-0.0399576
84.1167			-0.0399559
84.15			-0.0399542
84.1833			-0.0399525
84.2167			-0.0399508
84.25			-0.0399491
84.2833			-0.0399475
84.3167			-0.0399458
84.35			-0.0399441
84.3833			-0.0399424
84.4167			-0.0399408
84.45			-0.0399391
84.4833			-0.0399374
84.5167			-0.0399357
84.55			-0.0399341
84.5833			-0.0399324
84.6167			-0.0399307
84.65			-0.0399291
84.6833			-0.0399274
84.7167			-0.0399257
84.75			-0.0399241
84.7833			-0.0399224
84.8167			-0.0399208
84.85			-0.0399191
84.8833			-0.0399175
84.9167			-0.0399158
84.95			-0.0399141
84.9833			-0.0399125
85.0167			-0.0399108
85.05			-0.0399092
85.0833			-0.0399075
85.1167			-0.0399059
85.15			-0.0399043
85.1833			-0.0399026
85.2167			-0.039901
85.25			-0.0398993
85.2833			-0.0398977
85.3167			-0.039896
85.35			-0.0398944
85.3833			-0.0398928
85.4167			-0.0398911
85.45			-0.0398895
85.4833			-0.0398879
85.5167			-0.0398862
85.55			-0.0398846
85.5833			-0.039883
85.6167			-0.0398814
85.65			-0.0398797
85.6833			-0.0398781
85.7167			-0.0398765
85.75			-0.0398749
85.7833			-0.0398732
85.8167			-0.0398716
85.85			-0.03987
85.8833			-0.0398684
85.9167			-0.0398668
85.95			-0.0398651
85.9833			-0.0398635
86.0167			-0.0398619
86.05			-0.0398603
86.0833			-0.0398587
86.1167			-0.0398571
86.15			-0.0398555
86.1833			-0.0398539
86.2167			-0.0398523
86.25			-0.0398507
86.2833			-0.0398491
86.3167			-0.0398475
86.35			-0.0398459
86.3833			-0.0398443
86.4167			-0.0398427
86.45			-0.0398411
86.4833			-0.0398395
86.5167			-0.0398379
86.55			-0.0398363
86.5833			-0.0398347
86.6167			-0.0398331
86.65			-0.0398315
86.6833			-0.0398299
86.7167			-0.0398283
86.75			-0.0398268
86.7833			-0.0398252
86.8167			-0.0398236
86.85			-0.039822
86.8833			-0.0398204
86.9167			-0.0398189
86.95			-0.0398173
86.9833			-0.0398157
87.0167			-0.0398141
87.05			-0.0398126
87.0833			-0.039811
87.1167			-0.0398094
87.15			-0.0398078
87.1833			-0.0398063
87.2167			-0.0398047
87.25			-0.0398031
87.2833			-0.0398016
87.3167			-0.0398
87.35			-0.0397984
87.3833			-0.0397969
87.4167			-0.0397953
87.45			-0.0397938
87.4833			-0.0397922
87.5167			-0.0397906
87.55			-0.0397891
87.5833			-0.0397875
87.6167			-0.039786
87.65			-0.0397844
87.6833			-0.0397829
87.7167			-0.0397813
87.75			-0.0397798
87.7833			-0.0397782
87.8167			-0.0397767
87.85			-0.0397751
87.8833			-0.0397736
87.9167			-0.039772
87.95			-0.0397705
87.9833			-0.039769
88.0167			-0.0397674
88.05			-0.0397659
88.0833			-0.0397643
88.1167			-0.0397628
88.15			-0.0397613
88.1833			-0.0397597
88.2167			-0.0397582
88.25			-0.0397567
88.2833			-0.0397551
88.3167			-0.0397536
88.35			-0.0397521
88.3833			-0.0397506
88.4167			-0.039749
88.45			-0.0397475
88.4833			-0.039746
88.5167			-0.0397445
88.55			-0.0397429
88.5833			-0.0397414
88.6167			-0.0397399
88.65			-0.0397384
88.6833			-0.0397369
88.7167			-0.0397354
88.75			-0.0397338
88.7833			-0.0397323
88.8167			-0.0397308
88.85			-0.0397293
88.8833			-0.0397278
88.9167			-0.0397263
88.95			-0.0397248
88.9833			-0.0397233
89.0167			-0.0397218
89.05			-0.0397203
89.0833			-0.0397188
89.1167			-0.0397173
89.15			-0.0397158
89.1833			-0.0397143
89.2167			-0.0397128
89.25			-0.0397113
89.2833			-0.0397098
89.3167			-0.0397083
89.35			-0.0397068
89.3833			-0.0397053
89.4167			-0.0397038
89.45			-0.0397023
89.4833			-0.0397008
89.5167			-0.0396993
89.55			-0.0396978
89.5833			-0.0396963
89.6167			-0.0396949
89.65			-0.0396934
89.6833			-0.0396919
89.7167			-0.0396904
89.75			-0.0396889
89.7833			-0.0396875
89.8167			-0.039686
89.85			-0.0396845
89.8833			-0.039683
89.9167			-0.0396815
89.95			-0.0396801
89.9833			-0.0396786
90.0167			-0.0396771
90.05			-0.0396757
90.0833			-0.0396742
90.1167			-0.0396727
90.15			-0.0396713
90.1833			-0.0396698
90.2167			-0.0396683
90.25			-0.0396669
90.2833			-0.0396654
90.3167			-0.0396639
90.35			-0.0396625
90.3833			-0.039661
90.4167			-0.0396596
90.45			-0.0396581
90.4833			-0.0396566
90.5167			-0.0396552
90.55			-0.0396537
90.5833			-0.0396523
90.6167			-0.0396508
90.65			-0.0396494
90.6833			-0.0396479
90.7167			-0.0396465
90.75			-0.039645
90.7833			-0.0396436
90.8167			-0.0396421
90.85			-0.0396407
90.8833			-0.0396392
90.9167			-0.0396378
90.95			-0.0396364
90.9833			-0.0396349
91.0167			-0.0396335
91.05			-0.039632
91.0833			-0.0396306
91.1167			-0.0396292
91.15			-0.0396277
91.1833			-0.0396263
91.2167			-0.0396249
91.25			-0.0396234
91.2833			-0.039622
91.3167			-0.0396206
91.35			-0.0396191
91.3833			-0.0396177
91.4167			-0.0396163
91.45			-0.0396149
91.4833			-0.0396134
91.5167			-0.039612
91.55			-0.0396106
91.5833			-0.0396092
91.6167			-0.0396077
91.65			-0.0396063
91.6833			-0.0396049
91.7167			-0.0396035
91.75			-0.0396021
91.7833			-0.0396007
91.8167			-0.0395992
91.85			-0.0395978
91.8833			-0.0395964
91.9167			-0.039595
91.95			-0.0395936
91.9833			-0.0395922
92.0167			-0.0395908
92.05			-0.0395894
92.0833			-0.039588
92.1167			-0.0395866
92.15			-0.0395851
92.1833			-0.0395837
92.2167			-0.0395823
92.25			-0.0395809
92.2833			-0.0395795
92.3167			-0.0395781
92.35			-0.0395767
92.3833			-0.0395753
92.4167			-0.039574
92.45			-0.0395726
92.4833			-0.0395712
92.5167			-0.0395698
92.55			-0.0395684
92.5833			-0.039567
92.6167			-0.0395656
92.65			-0.0395642
92.6833			-0.0395628
92.7167			-0.0395614
92.75			-0.03956
92.7833			-0.0395587
92.8167			-0.0395573
92.85			-0.0395559
92.8833			-0.0395545
92.9167			-0.0395531
92.95			-0.0395517
92.9833			-0.0395504
93.0167			-0.039549
93.05			-0.0395476
93.0833			-0.0395462
93.1167			-0.0395449
93.15			-0.0395435
93.1833			-0.0395421
93.2167			-0.0395407
93.25			-0.0395394
93.2833			-0.039538
93.3167			-0.0395366
93.35			-0.0395353
93.3833			-0.0395339
93.4167			-0.0395325
93.45			-0.0395312
93.4833			-0.0395298
93.5167			-0.0395284
93.55			-0.0395271
93.5833			-0.0395257
93.6167			-0.0395244
93.65			-0.039523
93.6833			-0.0395216
93.7167			-0.0395203
93.75			-0.0395189
93.7833			-0.0395176
93.8167			-0.0395162
93.85			-0.0395149
93.8833			-0.0395135
93.9167			-0.0395121
93.95			-0.0395108
93.9833			-0.0395094
94.0167			-0.0395081
94.05			-0.0395068
94.0833			-0.0395054
94.1167			-0.0395041
94.15			-0.0395027
94.1833			-0.0395014
94.2167			-0.0395
94.25			-0.0394987
94.2833			-0.0394973
94.3167			-0.039496
94.35			-0.0394947
94.3833			-0.0394933
94.4167			-0.039492
94.45			-0.0394907
94.4833			-0.0394893
94.5167			-0.039488
94.55			-0.0394866
94.5833			-0.0394853
94.6167			-0.039484
94.65			-0.0394827
94.6833			-0.0394813
94.7167			-0.03948
94.75			-0.0394787
94.7833			-0.0394773
94.8167			-0.039476
94.85			-0.0394747
94.8833			-0.0394734
94.9167			-0.039472
94.95			-0.0394707
94.9833			-0.0394694
95.0167			-0.0394681
95.05			-0.0394668
95.0833			-0.0394654
95.1167			-0.0394641
95.15			-0.0394628
95.1833			-0.0394615
95.2167			-0.0394602
95.25			-0.0394589
95.2833			-0.0394575
95.3167			-0.0394562
95.35			-0.0394549
95.3833			-0.0394536
95.4167			-0.0394523
95.45			-0.039451
95.4833			-0.0394497
95.5167			-0.0394484
95.55			-0.0394471
95.5833			-0.0394458
95.6167			-0.0394445
95.65			-0.0394432
95.6833			-0.0394419
95.7167			-0.0394406
95.75			-0.0394393
95.7833			-0.039438
95.8167			-0.0394367
95.85			-0.0394354
95.8833			-0.0394341
95.9167			-0.0394328
95.95			-0.0394315
95.9833			-0.0394302
96.0167			-0.0394289
96.05			-0.0394276
96.0833			-0.0394263
96.1167			-0.039425
96.15			-0.0394237
96.1833			-0.0394224
96.2167			-0.0394211
96.25			-0.0394199
96.2833			-0.0394186
96.3167			-0.0394173
96.35			-0.039416
96.3833			-0.0394147
96.4167			-0.0394134
96.45			-0.0394121
96.4833			-0.0394109
96.5167			-0.0394096
96.55			-0.0394083
96.5833			-0.039407
96.6167			-0.0394058
96.65			-0.0394045
96.6833			-0.0394032
96.7167			-0.0394019
96.75			-0.0394007
96.7833			-0.0393994
96.8167			-0.0393981
96.85			-0.0393968
96.8833			-0.0393956
96.9167			-0.0393943
96.95			-0.039393
96.9833			-0.0393918
97.0167			-0.0393905
97.05			-0.0393892
97.0833			-0.039388
97.1167			-0.0393867
97.15			-0.0393854
97.1833			-0.0393842
97.2167			-0.0393829
97.25			-0.0393817
97.2833			-0.0393804
97.3167			-0.0393791
97.35			-0.0393779
97.3833			-0.0393766
97.4167			-0.0393754
97.45			-0.0393741
97.4833			-0.0393729
97.5167			-0.0393716
97.55			-0.0393703
97.5833			-0.0393691
97.6167			-0.0393678
97.65			-0.0393666
97.6833			-0.0393653
97.7167			-0.0393641
97.75			-0.0393629
97.7833			-0.0393616
97.8167			-0.0393604
97.85			-0.0393591
97.8833			-0.0393579
97.9167			-0.0393566
97.95			-0.0393554
97.9833			-0.0393541
98.0167			-0.0393529
98.05			-0.0393517
98.0833			-0.0393504
98.1167			-0.0393492
98.15			-0.0393479
98.1833			-0.0393467
98.2167			-0.0393455
98.25			-0.0393442
98.2833			-0.039343
98.3167			-0.0393418
98.35			-0.0393405
98.3833			-0.0393393
98.4167			-0.0393381
98.45			-0.0393368
98.4833			-0.0393356
98.5167			-0.0393344
98.55			-0.0393332
98.5833			-0.0393319
98.6167			-0.0393307
98.65			-0.0393295
98.6833			-0.0393283
98.7167			-0.039327
98.75			-0.0393258
98.7833			-0.0393246
98.8167			-0.0393234
98.85			-0.0393222
98.8833			-0.0393209
98.9167			-0.0393197
98.95			-0.0393185
98.9833			-0.0393173
99.0167			-0.0393161
99.05			-0.0393148
99.0833			-0.0393136
99.1167			-0.0393124
99.15			-0.0393112
99.1833			-0.03931
99.2167			-0.0393088
99.25			-0.0393076
99.2833			-0.0393064
99.3167			-0.0393052
99.35			-0.039304
99.3833			-0.0393027
99.4167			-0.0393015
99.45			-0.0393003
99.4833			-0.0392991
99.5167			-0.0392979
99.55			-0.0392967
99.5833			-0.0392955
99.6167			-0.0392943
99.65			-0.0392931
99.6833			-0.0392919
99.7167			-0.0392907
99.75			-0.0392895
99.7833			-0.0392883
99.8167			-0.0392871
99.85			-0.0392859
99.8833			-0.0392847
99.9167			-0.0392835
99.95			-0.0392824
99.9833			-0.0392812
