0.05			-0.431813
0.0833333			-0.430936
0.116667			-0.429359
0.15			-0.426974
0.183333			-0.423608
0.216667			-0.419122
0.25			-0.413444
0.283333			-0.406584
0.316667			-0.39863
0.35			-0.38973
0.383333			-0.380071
0.416667			-0.369849
0.45			-0.359258
0.483333			-0.348473
0.516667			-0.337646
0.55			-0.326903
0.583333			-0.316342
0.616667			-0.30604
0.65			-0.296051
0.683333			-0.286413
0.716667			-0.277149
0.75			-0.268273
0.783333			-0.259786
0.816667			-0.251688
0.85			-0.243969
0.883333			-0.23662
0.916667			-0.229625
0.95			-0.222972
0.983333			-0.216643
1.01667			-0.210623
1.05			-0.204896
1.08333			-0.199446
1.11667			-0.194258
1.15			-0.189316
1.18333			-0.184607
1.21667			-0.180117
1.25			-0.175834
1.28333			-0.171745
1.31667			-0.16784
1.35			-0.164107
1.38333			-0.160538
1.41667			-0.157121
1.45			-0.153849
1.48333			-0.150714
1.51667			-0.147707
1.55			-0.144822
1.58333			-0.142053
1.61667			-0.139392
1.65			-0.136834
1.68333			-0.134373
1.71667			-0.132005
1.75			-0.129724
1.78333			-0.127527
1.81667			-0.125408
1.85			-0.123364
1.88333			-0.121391
1.91667			-0.119487
1.95			-0.117646
1.98333			-0.115867
2.01667			-0.114147
2.05			-0.112482
2.08333			-0.11087
2.11667			-0.10931
2.15			-0.107797
2.18333			-0.106331
2.21667			-0.10491
2.25			-0.103531
2.28333			-0.102192
2.31667			-0.100893
2.35			-0.0996308
2.38333			-0.0984043
2.41667			-0.0972121
2.45			-0.0960529
2.48333			-0.0949253
2.51667			-0.093828
2.55			-0.09276
2.58333			-0.09172
2.61667			-0.090707
2.65			-0.08972
2.68333			-0.0887581
2.71667			-0.0878202
2.75			-0.0869056
2.78333			-0.0860134
2.81667			-0.0851428
2.85			-0.084293
2.88333			-0.0834633
2.91667			-0.0826531
2.95			-0.0818617
2.98333			-0.0810883
3.01667			-0.0803325
3.05			-0.0795937
3.08333			-0.0788712
3.11667			-0.0781646
3.15			-0.0774734
3.18333			-0.076797
3.21667			-0.0761351
3.25			-0.0754871
3.28333			-0.0748526
3.31667			-0.0742312
3.35			-0.0736225
3.38333			-0.0730262
3.41667			-0.0724418
3.45			-0.0718691
3.48333			-0.0713076
3.51667			-0.0707571
3.55			-0.0702172
3.58333			-0.0696877
3.61667			-0.0691682
3.65			-0.0686585
3.68333			-0.0681583
3.71667			-0.0676673
3.75			-0.0671853
3.78333			-0.066712
3.81667			-0.0662473
3.85			-0.0657908
3.88333			-0.0653424
3.91667			-0.0649019
3.95			-0.064469
3.98333			-0.0640436
4.01667			-0.0636255
4.05			-0.0632144
4.08333			-0.0628103
4.11667			-0.0624129
4.15			-0.0620221
4.18333			-0.0616377
4.21667			-0.0612595
4.25			-0.0608875
4.28333			-0.0605214
4.31667			-0.0601612
4.35			-0.0598066
4.38333			-0.0594576
4.41667			-0.059114
4.45			-0.0587757
4.48333			-0.0584426
4.51667			-0.0581145
4.55			-0.0577914
4.58333			-0.0574732
4.61667			-0.0571597
4.65			-0.0568508
4.68333			-0.0565464
4.71667			-0.0562464
4.75			-0.0559508
4.78333			-0.0556595
4.81667			-0.0553722
4.85			-0.0550891
4.88333			-0.0548099
4.91667			-0.0545346
4.95			-0.0542632
4.98333			-0.0539954
5.01667			-0.0537314
5.05			-0.0534709
5.08333			-0.0532139
5.11667			-0.0529604
5.15			-0.0527103
5.18333			-0.0524634
5.21667			-0.0522198
5.25			-0.0519794
5.28333			-0.0517421
5.31667			-0.0515079
5.35			-0.0512767
5.38333			-0.0510484
5.41667			-0.050823
5.45			-0.0506004
5.48333			-0.0503806
5.51667			-0.0501636
5.55			-0.0499492
5.58333			-0.0497375
5.61667			-0.0495283
5.65			-0.0493217
5.68333			-0.0491176
5.71667			-0.0489159
5.75			-0.0487166
5.78333			-0.0485197
5.81667			-0.0483251
5.85			-0.0481327
5.88333			-0.0479427
5.91667			-0.0477548
5.95			-0.047569
5.98333			-0.0473854
6.01667			-0.0472039
6.05			-0.0470245
6.08333			-0.046847
6.11667			-0.0466716
6.15			-0.0464981
6.18333			-0.0463265
6.21667			-0.0461568
6.25			-0.045989
6.28333			-0.045823
6.31667			-0.0456588
6.35			-0.0454963
6.38333			-0.0453356
6.41667			-0.0451766
6.45			-0.0450193
6.48333			-0.0448637
6.51667			-0.0447097
6.55			-0.0445573
6.58333			-0.0444065
6.61667			-0.0442572
6.65			-0.0441095
6.68333			-0.0439633
6.71667			-0.0438186
6.75			-0.0436753
6.78333			-0.0435335
6.81667			-0.0433931
6.85			-0.0432541
6.88333			-0.0431165
6.91667			-0.0429802
6.95			-0.0428453
6.98333			-0.0427117
7.01667			-0.0425794
7.05			-0.0424484
7.08333			-0.0423186
7.11667			-0.0421901
7.15			-0.0420629
7.18333			-0.0419368
7.21667			-0.0418119
7.25			-0.0416882
7.28333			-0.0415657
7.31667			-0.0414443
7.35			-0.041324
7.38333			-0.0412049
7.41667			-0.0410868
7.45			-0.0409698
7.48333			-0.0408539
7.51667			-0.0407391
7.55			-0.0406252
7.58333			-0.0405124
7.61667			-0.0404007
7.65			-0.0402899
7.68333			-0.0401801
7.71667			-0.0400712
7.75			-0.0399633
7.78333			-0.0398564
7.81667			-0.0397504
7.85			-0.0396453
7.88333			-0.0395412
7.91667			-0.0394379
7.95			-0.0393355
7.98333			-0.039234
8.01667			-0.0391333
8.05			-0.0390336
8.08333			-0.0389346
8.11667			-0.0388365
8.15			-0.0387392
8.18333			-0.0386427
8.21667			-0.038547
8.25			-0.0384521
8.28333			-0.038358
8.31667			-0.0382646
8.35			-0.038172
8.38333			-0.0380802
8.41667			-0.0379891
8.45			-0.0378987
8.48333			-0.0378091
8.51667			-0.0377202
8.55			-0.037632
8.58333			-0.0375445
8.61667			-0.0374577
8.65			-0.0373715
8.68333			-0.0372861
8.71667			-0.0372013
8.75			-0.0371172
8.78333			-0.0370337
8.81667			-0.0369508
8.85			-0.0368687
8.88333			-0.0367871
8.91667			-0.0367061
8.95			-0.0366258
8.98333			-0.0365461
9.01667			-0.036467
9.05			-0.0363885
9.08333			-0.0363105
9.11667			-0.0362332
9.15			-0.0361564
9.18333			-0.0360802
9.21667			-0.0360045
9.25			-0.0359295
9.28333			-0.0358549
9.31667			-0.0357809
9.35			-0.0357075
9.38333			-0.0356345
9.41667			-0.0355621
9.45			-0.0354903
9.48333			-0.0354189
9.51667			-0.0353481
9.55			-0.0352777
9.58333			-0.0352079
9.61667			-0.0351385
9.65			-0.0350696
9.68333			-0.0350013
9.71667			-0.0349334
9.75			-0.0348659
9.78333			-0.034799
9.81667			-0.0347325
9.85			-0.0346664
9.88333			-0.0346009
9.91667			-0.0345357
9.95			-0.034471
9.98333			-0.0344068
10.0167			-0.034343
10.05			-0.0342796
10.0833			-0.0342166
10.1167			-0.0341541
10.15			-0.034092
10.1833			-0.0340303
10.2167			-0.033969
10.25			-0.0339081
10.2833			-0.0338476
10.3167			-0.0337876
10.35			-0.0337279
10.3833			-0.0336686
10.4167			-0.0336097
10.45			-0.0335511
10.4833			-0.033493
10.5167			-0.0334352
10.55			-0.0333778
10.5833			-0.0333208
10.6167			-0.0332641
10.65			-0.0332078
10.6833			-0.0331518
10.7167			-0.0330963
10.75			-0.033041
10.7833			-0.0329861
10.8167			-0.0329316
10.85			-0.0328774
10.8833			-0.0328235
10.9167			-0.0327699
10.95			-0.0327167
10.9833			-0.0326639
11.0167			-0.0326113
11.05			-0.0325591
11.0833			-0.0325072
11.1167			-0.0324556
11.15			-0.0324043
11.1833			-0.0323533
11.2167			-0.0323027
11.25			-0.0322523
11.2833			-0.0322023
11.3167			-0.0321525
11.35			-0.0321031
11.3833			-0.0320539
11.4167			-0.032005
11.45			-0.0319565
11.4833			-0.0319082
11.5167			-0.0318602
11.55			-0.0318125
11.5833			-0.031765
11.6167			-0.0317178
11.65			-0.0316709
11.6833			-0.0316243
11.7167			-0.031578
11.75			-0.0315319
11.7833			-0.0314861
11.8167			-0.0314405
11.85			-0.0313952
11.8833			-0.0313502
11.9167			-0.0313054
11.95			-0.0312609
11.9833			-0.0312166
12.0167			-0.0311726
12.05			-0.0311288
12.0833			-0.0310853
12.1167			-0.031042
12.15			-0.0309989
12.1833			-0.0309561
12.2167			-0.0309136
12.25			-0.0308712
12.2833			-0.0308291
12.3167			-0.0307873
12.35			-0.0307456
12.3833			-0.0307042
12.4167			-0.030663
12.45			-0.0306221
12.4833			-0.0305813
12.5167			-0.0305408
12.55			-0.0305005
12.5833			-0.0304604
12.6167			-0.0304206
12.65			-0.0303809
12.6833			-0.0303415
12.7167			-0.0303022
12.75			-0.0302632
12.7833			-0.0302244
12.8167			-0.0301858
12.85			-0.0301474
12.8833			-0.0301092
12.9167			-0.0300712
12.95			-0.0300334
12.9833			-0.0299958
13.0167			-0.0299583
13.05			-0.0299211
13.0833			-0.0298841
13.1167			-0.0298473
13.15			-0.0298106
13.1833			-0.0297741
13.2167			-0.0297379
13.25			-0.0297018
13.2833			-0.0296659
13.3167			-0.0296302
13.35			-0.0295946
13.3833			-0.0295593
13.4167			-0.0295241
13.45			-0.0294891
13.4833			-0.0294543
13.5167			-0.0294196
13.55			-0.0293851
13.5833			-0.0293508
13.6167			-0.0293167
13.65			-0.0292827
13.6833			-0.0292489
13.7167			-0.0292153
13.75			-0.0291818
13.7833			-0.0291485
13.8167			-0.0291154
13.85			-0.0290824
13.8833			-0.0290496
13.9167			-0.0290169
13.95			-0.0289844
13.9833			-0.0289521
14.0167			-0.0289199
14.05			-0.0288878
14.0833			-0.028856
14.1167			-0.0288242
14.15			-0.0287927
14.1833			-0.0287612
14.2167			-0.02873
14.25			-0.0286988
14.2833			-0.0286678
14.3167			-0.028637
14.35			-0.0286063
14.3833			-0.0285758
14.4167			-0.0285454
14.45			-0.0285151
14.4833			-0.028485
14.5167			-0.028455
14.55			-0.0284252
14.5833			-0.0283955
14.6167			-0.0283659
14.65			-0.0283365
14.6833			-0.0283072
14.7167			-0.0282781
14.75			-0.0282491
14.7833			-0.0282202
14.8167			-0.0281914
14.85			-0.0281628
14.8833			-0.0281343
14.9167			-0.0281059
14.95			-0.0280777
14.9833			-0.0280496
15.0167			-0.0280216
15.05			-0.0279937
15.0833			-0.027966
15.1167			-0.0279384
15.15			-0.0279109
15.1833			-0.0278836
15.2167			-0.0278563
15.25			-0.0278292
15.2833			-0.0278022
15.3167			-0.0277753
15.35			-0.0277485
15.3833			-0.0277219
15.4167			-0.0276954
15.45			-0.027669
15.4833			-0.0276427
15.5167			-0.0276165
15.55			-0.0275904
15.5833			-0.0275644
15.6167			-0.0275386
15.65			-0.0275129
15.6833			-0.0274872
15.7167			-0.0274617
15.75			-0.0274363
15.7833			-0.027411
15.8167			-0.0273858
15.85			-0.0273608
15.8833			-0.0273358
15.9167			-0.0273109
15.95			-0.0272862
15.9833			-0.0272615
16.0167			-0.027237
16.05			-0.0272125
16.0833			-0.0271882
16.1167			-0.0271639
16.15			-0.0271398
16.1833			-0.0271157
16.2167			-0.0270918
16.25			-0.027068
16.2833			-0.0270442
16.3167			-0.0270206
16.35			-0.026997
16.3833			-0.0269736
16.4167			-0.0269502
16.45			-0.026927
16.4833			-0.0269038
16.5167			-0.0268807
16.55			-0.0268578
16.5833			-0.0268349
16.6167			-0.0268121
16.65			-0.0267894
16.6833			-0.0267668
16.7167			-0.0267443
16.75			-0.0267219
16.7833			-0.0266995
16.8167			-0.0266773
16.85			-0.0266551
16.8833			-0.0266331
16.9167			-0.0266111
16.95			-0.0265892
16.9833			-0.0265674
17.0167			-0.0265457
17.05			-0.0265241
17.0833			-0.0265025
17.1167			-0.0264811
17.15			-0.0264597
17.1833			-0.0264384
17.2167			-0.0264172
17.25			-0.0263961
17.2833			-0.026375
17.3167			-0.0263541
17.35			-0.0263332
17.3833			-0.0263124
17.4167			-0.0262917
17.45			-0.026271
17.4833			-0.0262505
17.5167			-0.02623
17.55			-0.0262096
17.5833			-0.0261893
17.6167			-0.026169
17.65			-0.0261489
17.6833			-0.0261288
17.7167			-0.0261088
17.75			-0.0260888
17.7833			-0.026069
17.8167			-0.0260492
17.85			-0.0260295
17.8833			-0.0260099
17.9167			-0.0259903
17.95			-0.0259708
17.9833			-0.0259514
18.0167			-0.0259321
18.05			-0.0259128
18.0833			-0.0258936
18.1167			-0.0258745
18.15			-0.0258554
18.1833			-0.0258364
18.2167			-0.0258175
18.25			-0.0257987
18.2833			-0.0257799
18.3167			-0.0257612
18.35			-0.0257425
18.3833			-0.025724
18.4167			-0.0257055
18.45			-0.025687
18.4833			-0.0256687
18.5167			-0.0256504
18.55			-0.0256321
18.5833			-0.025614
18.6167			-0.0255959
18.65			-0.0255778
18.6833			-0.0255599
18.7167			-0.025542
18.75			-0.0255241
18.7833			-0.0255064
18.8167			-0.0254886
18.85			-0.025471
18.8833			-0.0254534
18.9167			-0.0254359
18.95			-0.0254184
18.9833			-0.025401
19.0167			-0.0253837
19.05			-0.0253664
19.0833			-0.0253492
19.1167			-0.025332
19.15			-0.0253149
19.1833			-0.0252979
19.2167			-0.0252809
19.25			-0.025264
19.2833			-0.0252472
19.3167			-0.0252304
19.35			-0.0252136
19.3833			-0.0251969
19.4167			-0.0251803
19.45			-0.0251638
19.4833			-0.0251473
19.5167			-0.0251308
19.55			-0.0251144
19.5833			-0.0250981
19.6167			-0.0250818
19.65			-0.0250656
19.6833			-0.0250494
19.7167			-0.0250333
19.75			-0.0250172
19.7833			-0.0250012
19.8167			-0.0249853
19.85			-0.0249694
19.8833			-0.0249535
19.9167			-0.0249377
19.95			-0.024922
19.9833			-0.0249063
20.0167			-0.0248907
20.05			-0.0248751
20.0833			-0.0248596
20.1167			-0.0248441
20.15			-0.0248287
20.1833			-0.0248133
20.2167			-0.024798
20.25			-0.0247827
20.2833			-0.0247675
20.3167			-0.0247524
20.35			-0.0247372
20.3833			-0.0247222
20.4167			-0.0247072
20.45			-0.0246922
20.4833			-0.0246773
20.5167			-0.0246624
20.55			-0.0246476
20.5833			-0.0246328
20.6167			-0.0246181
20.65			-0.0246034
20.6833			-0.0245888
20.7167			-0.0245742
20.75			-0.0245597
20.7833			-0.0245452
20.8167			-0.0245308
20.85			-0.0245164
20.8833			-0.024502
20.9167			-0.0244877
20.95			-0.0244735
20.9833			-0.0244593
21.0167			-0.0244451
21.05			-0.024431
21.0833			-0.0244169
21.1167			-0.0244029
21.15			-0.0243889
21.1833			-0.024375
21.2167			-0.0243611
21.25			-0.0243472
21.2833			-0.0243334
21.3167			-0.0243197
21.35			-0.0243059
21.3833			-0.0242923
21.4167			-0.0242786
21.45			-0.024265
21.4833			-0.0242515
21.5167			-0.024238
21.55			-0.0242245
21.5833			-0.0242111
21.6167			-0.0241977
21.65			-0.0241844
21.6833			-0.0241711
21.7167			-0.0241578
21.75			-0.0241446
21.7833			-0.0241315
21.8167			-0.0241183
21.85			-0.0241052
21.8833			-0.0240922
21.9167			-0.0240792
21.95			-0.0240662
21.9833			-0.0240533
22.0167			-0.0240404
22.05			-0.0240275
22.0833			-0.0240147
22.1167			-0.0240019
22.15			-0.0239892
22.1833			-0.0239765
22.2167			-0.0239639
22.25			-0.0239512
22.2833			-0.0239387
22.3167			-0.0239261
22.35			-0.0239136
22.3833			-0.0239011
22.4167			-0.0238887
22.45			-0.0238763
22.4833			-0.023864
22.5167			-0.0238516
22.55			-0.0238394
22.5833			-0.0238271
22.6167			-0.0238149
22.65			-0.0238027
22.6833			-0.0237906
22.7167			-0.0237785
22.75			-0.0237664
22.7833			-0.0237544
22.8167			-0.0237424
22.85			-0.0237304
22.8833			-0.0237185
22.9167			-0.0237066
22.95			-0.0236948
22.9833			-0.023683
23.0167			-0.0236712
23.05			-0.0236594
23.0833			-0.0236477
23.1167			-0.023636
23.15			-0.0236244
23.1833			-0.0236128
23.2167			-0.0236012
23.25			-0.0235896
23.2833			-0.0235781
23.3167			-0.0235666
23.35			-0.0235552
23.3833			-0.0235438
23.4167			-0.0235324
23.45			-0.023521
23.4833			-0.0235097
23.5167			-0.0234984
23.55			-0.0234872
23.5833			-0.023476
23.6167			-0.0234648
23.65			-0.0234536
23.6833			-0.0234425
23.7167			-0.0234314
23.75			-0.0234204
23.7833			-0.0234093
23.8167			-0.0233983
23.85			-0.0233874
23.8833			-0.0233764
23.9167			-0.0233655
23.95			-0.0233546
23.9833			-0.0233438
24.0167			-0.023333
24.05			-0.0233222
24.0833			-0.0233114
24.1167			-0.0233007
24.15			-0.02329
24.1833			-0.0232794
24.2167			-0.0232687
24.25			-0.0232581
24.2833			-0.0232475
24.3167			-0.023237
24.35			-0.0232265
24.3833			-0.023216
24.4167			-0.0232055
24.45			-0.0231951
24.4833			-0.0231847
24.5167			-0.0231743
24.55			-0.023164
24.5833			-0.0231537
24.6167			-0.0231434
24.65			-0.0231331
24.6833			-0.0231229
24.7167			-0.0231127
24.75			-0.0231025
24.7833			-0.0230923
24.8167			-0.0230822
24.85			-0.0230721
24.8833			-0.0230621
24.9167			-0.023052
24.95			-0.023042
24.9833			-0.023032
25.0167			-0.0230221
25.05			-0.0230121
25.0833			-0.0230022
25.1167			-0.0229923
25.15			-0.0229825
25.1833			-0.0229727
25.2167			-0.0229629
25.25			-0.0229531
25.2833			-0.0229433
25.3167			-0.0229336
25.35			-0.0229239
25.3833			-0.0229143
25.4167			-0.0229046
25.45			-0.022895
25.4833			-0.0228854
25.5167			-0.0228758
25.55			-0.0228663
25.5833			-0.0228568
25.6167			-0.0228473
25.65			-0.0228378
25.6833			-0.0228284
25.7167			-0.0228189
25.75			-0.0228095
25.7833			-0.0228002
25.8167			-0.0227908
25.85			-0.0227815
25.8833			-0.0227722
25.9167			-0.0227629
25.95			-0.0227537
25.9833			-0.0227445
26.0167			-0.0227353
26.05			-0.0227261
26.0833			-0.0227169
26.1167			-0.0227078
26.15			-0.0226987
26.1833			-0.0226896
26.2167			-0.0226805
26.25			-0.0226715
26.2833			-0.0226625
26.3167			-0.0226535
26.35			-0.0226445
26.3833			-0.0226356
26.4167			-0.0226267
26.45			-0.0226178
26.4833			-0.0226089
26.5167			-0.0226
26.55			-0.0225912
26.5833			-0.0225824
26.6167			-0.0225736
26.65			-0.0225648
26.6833			-0.0225561
26.7167			-0.0225474
26.75			-0.0225387
26.7833			-0.02253
26.8167			-0.0225213
26.85			-0.0225127
26.8833			-0.0225041
26.9167			-0.0224955
26.95			-0.0224869
26.9833			-0.0224784
27.0167			-0.0224699
27.05			-0.0224613
27.0833			-0.0224529
27.1167			-0.0224444
27.15			-0.022436
27.1833			-0.0224275
27.2167			-0.0224191
27.25			-0.0224108
27.2833			-0.0224024
27.3167			-0.0223941
27.35			-0.0223857
27.3833			-0.0223774
27.4167			-0.0223692
27.45			-0.0223609
27.4833			-0.0223527
27.5167			-0.0223444
27.55			-0.0223362
27.5833			-0.0223281
27.6167			-0.0223199
27.65			-0.0223118
27.6833			-0.0223037
27.7167			-0.0222956
27.75			-0.0222875
27.7833			-0.0222794
27.8167			-0.0222714
27.85			-0.0222634
27.8833			-0.0222554
27.9167			-0.0222474
27.95			-0.0222394
27.9833			-0.0222315
28.0167			-0.0222235
28.05			-0.0222156
28.0833			-0.0222078
28.1167			-0.0221999
28.15			-0.022192
28.1833			-0.0221842
28.2167			-0.0221764
28.25			-0.0221686
28.2833			-0.0221608
28.3167			-0.0221531
28.35			-0.0221453
28.3833			-0.0221376
28.4167			-0.0221299
28.45			-0.0221222
28.4833			-0.0221146
28.5167			-0.0221069
28.55			-0.0220993
28.5833			-0.0220917
28.6167			-0.0220841
28.65			-0.0220765
28.6833			-0.022069
28.7167			-0.0220614
28.75			-0.0220539
28.7833			-0.0220464
28.8167			-0.0220389
28.85			-0.0220314
28.8833			-0.022024
28.9167			-0.0220165
28.95			-0.0220091
28.9833			-0.0220017
29.0167			-0.0219943
29.05			-0.021987
29.0833			-0.0219796
29.1167			-0.0219723
29.15			-0.021965
29.1833			-0.0219577
29.2167			-0.0219504
29.25			-0.0219431
29.2833			-0.0219359
29.3167			-0.0219287
29.35			-0.0219214
29.3833			-0.0219142
29.4167			-0.0219071
29.45			-0.0218999
29.4833			-0.0218927
29.5167			-0.0218856
29.55			-0.0218785
29.5833			-0.0218714
29.6167			-0.0218643
29.65			-0.0218572
29.6833			-0.0218502
29.7167			-0.0218432
29.75			-0.0218361
29.7833			-0.0218291
29.8167			-0.0218221
29.85			-0.0218152
29.8833			-0.0218082
29.9167			-0.0218013
29.95			-0.0217943
29.9833			-0.0217874
30.0167			-0.0217805
30.05			-0.0217737
30.0833			-0.0217668
30.1167			-0.0217599
30.15			-0.0217531
30.1833			-0.0217463
30.2167			-0.0217395
30.25			-0.0217327
30.2833			-0.0217259
30.3167			-0.0217192
30.35			-0.0217124
30.3833			-0.0217057
30.4167			-0.021699
30.45			-0.0216923
30.4833			-0.0216856
30.5167			-0.0216789
30.55			-0.0216723
30.5833			-0.0216656
30.6167			-0.021659
30.65			-0.0216524
30.6833			-0.0216458
30.7167			-0.0216392
30.75			-0.0216326
30.7833			-0.0216261
30.8167			-0.0216195
30.85			-0.021613
30.8833			-0.0216065
30.9167			-0.0216
30.95			-0.0215935
30.9833			-0.0215871
31.0167			-0.0215806
31.05			-0.0215742
31.0833			-0.0215677
31.1167			-0.0215613
31.15			-0.0215549
31.1833			-0.0215485
31.2167			-0.0215422
31.25			-0.0215358
31.2833			-0.0215295
31.3167			-0.0215231
31.35			-0.0215168
31.3833			-0.0215105
31.4167			-0.0215042
31.45			-0.0214979
31.4833			-0.0214917
31.5167			-0.0214854
31.55			-0.0214792
31.5833			-0.021473
31.6167			-0.0214668
31.65			-0.0214606
31.6833			-0.0214544
31.7167			-0.0214482
31.75			-0.0214421
31.7833			-0.0214359
31.8167			-0.0214298
31.85			-0.0214237
31.8833			-0.0214175
31.9167			-0.0214115
31.95			-0.0214054
31.9833			-0.0213993
32.0167			-0.0213933
32.05			-0.0213872
32.0833			-0.0213812
32.1167			-0.0213752
32.15			-0.0213692
32.1833			-0.0213632
32.2167			-0.0213572
32.25			-0.0213512
32.2833			-0.0213453
32.3167			-0.0213393
32.35			-0.0213334
32.3833			-0.0213275
32.4167			-0.0213216
32.45			-0.0213157
32.4833			-0.0213098
32.5167			-0.0213039
32.55			-0.0212981
32.5833			-0.0212922
32.6167			-0.0212864
32.65			-0.0212806
32.6833			-0.0212748
32.7167			-0.021269
32.75			-0.0212632
32.7833			-0.0212574
32.8167			-0.0212516
32.85			-0.0212459
32.8833			-0.0212402
32.9167			-0.0212344
32.95			-0.0212287
32.9833			-0.021223
33.0167			-0.0212173
33.05			-0.0212116
33.0833			-0.021206
33.1167			-0.0212003
33.15			-0.0211947
33.1833			-0.021189
33.2167			-0.0211834
33.25			-0.0211778
33.2833			-0.0211722
33.3167			-0.0211666
33.35			-0.021161
33.3833			-0.0211555
33.4167			-0.0211499
33.45			-0.0211444
33.4833			-0.0211388
33.5167			-0.0211333
33.55			-0.0211278
33.5833			-0.0211223
33.6167			-0.0211168
33.65			-0.0211114
33.6833			-0.0211059
33.7167			-0.0211004
33.75			-0.021095
33.7833			-0.0210896
33.8167			-0.0210841
33.85			-0.0210787
33.8833			-0.0210733
33.9167			-0.0210679
33.95			-0.0210625
33.9833			-0.0210572
34.0167			-0.0210518
34.05			-0.0210465
34.0833			-0.0210411
34.1167			-0.0210358
34.15			-0.0210305
34.1833			-0.0210252
34.2167			-0.0210199
34.25			-0.0210146
34.2833			-0.0210093
34.3167			-0.0210041
34.35			-0.0209988
34.3833			-0.0209936
34.4167			-0.0209883
34.45			-0.0209831
34.4833			-0.0209779
34.5167			-0.0209727
34.55			-0.0209675
34.5833			-0.0209623
34.6167			-0.0209571
34.65			-0.020952
34.6833			-0.0209468
34.7167			-0.0209417
34.75			-0.0209365
34.7833			-0.0209314
34.8167			-0.0209263
34.85			-0.0209212
34.8833			-0.0209161
34.9167			-0.020911
34.95			-0.0209059
34.9833			-0.0209009
35.0167			-0.0208958
35.05			-0.0208908
35.0833			-0.0208857
35.1167			-0.0208807
35.15			-0.0208757
35.1833			-0.0208707
35.2167			-0.0208657
35.25			-0.0208607
35.2833			-0.0208557
35.3167			-0.0208507
35.35			-0.0208458
35.3833			-0.0208408
35.4167			-0.0208359
35.45			-0.020831
35.4833			-0.020826
35.5167			-0.0208211
35.55			-0.0208162
35.5833			-0.0208113
35.6167			-0.0208064
35.65			-0.0208016
35.6833			-0.0207967
35.7167			-0.0207918
35.75			-0.020787
35.7833			-0.0207822
35.8167			-0.0207773
35.85			-0.0207725
35.8833			-0.0207677
35.9167			-0.0207629
35.95			-0.0207581
35.9833			-0.0207533
36.0167			-0.0207485
36.05			-0.0207438
36.0833			-0.020739
36.1167			-0.0207343
36.15			-0.0207295
36.1833			-0.0207248
36.2167			-0.0207201
36.25			-0.0207153
36.2833			-0.0207106
36.3167			-0.0207059
36.35			-0.0207013
36.3833			-0.0206966
36.4167			-0.0206919
36.45			-0.0206872
36.4833			-0.0206826
36.5167			-0.0206779
36.55			-0.0206733
36.5833			-0.0206687
36.6167			-0.0206641
36.65			-0.0206594
36.6833			-0.0206548
36.7167			-0.0206502
36.75			-0.0206457
36.7833			-0.0206411
36.8167			-0.0206365
36.85			-0.0206319
36.8833			-0.0206274
36.9167			-0.0206228
36.95			-0.0206183
36.9833			-0.0206138
37.0167			-0.0206093
37.05			-0.0206047
37.0833			-0.0206002
37.1167			-0.0205957
37.15			-0.0205913
37.1833			-0.0205868
37.2167			-0.0205823
37.25			-0.0205778
37.2833			-0.0205734
37.3167			-0.0205689
37.35			-0.0205645
37.3833			-0.0205601
37.4167			-0.0205556
37.45			-0.0205512
37.4833			-0.0205468
37.5167			-0.0205424
37.55			-0.020538
37.5833			-0.0205336
37.6167			-0.0205293
37.65			-0.0205249
37.6833			-0.0205205
37.7167			-0.0205162
37.75			-0.0205118
37.7833			-0.0205075
37.8167			-0.0205032
37.85			-0.0204989
37.8833			-0.0204945
37.9167			-0.0204902
37.95			-0.0204859
37.9833			-0.0204816
38.0167			-0.0204774
38.05			-0.0204731
38.0833			-0.0204688
38.1167			-0.0204645
38.15			-0.0204603
38.1833			-0.020456
38.2167			-0.0204518
38.25			-0.0204476
38.2833			-0.0204433
38.3167			-0.0204391
38.35			-0.0204349
38.3833			-0.0204307
38.4167			-0.0204265
38.45			-0.0204223
38.4833			-0.0204182
38.5167			-0.020414
38.55			-0.0204098
38.5833			-0.0204057
38.6167			-0.0204015
38.65			-0.0203974
38.6833			-0.0203932
38.7167			-0.0203891
38.75			-0.020385
38.7833			-0.0203809
38.8167			-0.0203768
38.85			-0.0203727
38.8833			-0.0203686
38.9167			-0.0203645
38.95			-0.0203604
38.9833			-0.0203563
39.0167			-0.0203522
39.05			-0.0203482
39.0833			-0.0203441
39.1167			-0.0203401
39.15			-0.0203361
39.1833			-0.020332
39.2167			-0.020328
39.25			-0.020324
39.2833			-0.02032
39.3167			-0.020316
39.35			-0.020312
39.3833			-0.020308
39.4167			-0.020304
39.45			-0.0203
39.4833			-0.020296
39.5167			-0.0202921
39.55			-0.0202881
39.5833			-0.0202842
39.6167			-0.0202802
39.65			-0.0202763
39.6833			-0.0202724
39.7167			-0.0202684
39.75			-0.0202645
39.7833			-0.0202606
39.8167			-0.0202567
39.85			-0.0202528
39.8833			-0.0202489
39.9167			-0.020245
39.95			-0.0202412
39.9833			-0.0202373
40.0167			-0.0202334
40.05			-0.0202296
40.0833			-0.0202257
40.1167			-0.0202219
40.15			-0.020218
40.1833			-0.0202142
40.2167			-0.0202104
40.25			-0.0202066
40.2833			-0.0202028
40.3167			-0.0201989
40.35			-0.0201951
40.3833			-0.0201914
40.4167			-0.0201876
40.45			-0.0201838
40.4833			-0.02018
40.5167			-0.0201762
40.55			-0.0201725
40.5833			-0.0201687
40.6167			-0.020165
40.65			-0.0201612
40.6833			-0.0201575
40.7167			-0.0201538
40.75			-0.02015
40.7833			-0.0201463
40.8167			-0.0201426
40.85			-0.0201389
40.8833			-0.0201352
40.9167			-0.0201315
40.95			-0.0201278
40.9833			-0.0201241
41.0167			-0.0201204
41.05			-0.0201168
41.0833			-0.0201131
41.1167			-0.0201094
41.15			-0.0201058
41.1833			-0.0201021
41.2167			-0.0200985
41.25			-0.0200949
41.2833			-0.0200912
41.3167			-0.0200876
41.35			-0.020084
41.3833			-0.0200804
41.4167			-0.0200768
41.45			-0.0200732
41.4833			-0.0200696
41.5167			-0.020066
41.55			-0.0200624
41.5833			-0.0200588
41.6167			-0.0200553
41.65			-0.0200517
41.6833			-0.0200481
41.7167			-0.0200446
41.75			-0.020041
41.7833			-0.0200375
41.8167			-0.020034
41.85			-0.0200304
41.8833			-0.0200269
41.9167			-0.0200234
41.95			-0.0200199
41.9833			-0.0200164
42.0167			-0.0200129
42.05			-0.0200094
42.0833			-0.0200059
42.1167			-0.0200024
42.15			-0.0199989
42.1833			-0.0199954
42.2167			-0.019992
42.25			-0.0199885
42.2833			-0.019985
42.3167			-0.0199816
42.35			-0.0199781
42.3833			-0.0199747
42.4167			-0.0199713
42.45			-0.0199678
42.4833			-0.0199644
42.5167			-0.019961
42.55			-0.0199576
42.5833			-0.0199542
42.6167			-0.0199507
42.65			-0.0199473
42.6833			-0.019944
42.7167			-0.0199406
42.75			-0.0199372
42.7833			-0.0199338
42.8167			-0.0199304
42.85			-0.0199271
42.8833			-0.0199237
42.9167			-0.0199203
42.95			-0.019917
42.9833			-0.0199136
43.0167			-0.0199103
43.05			-0.019907
43.0833			-0.0199036
43.1167			-0.0199003
43.15			-0.019897
43.1833			-0.0198937
43.2167			-0.0198904
43.25			-0.0198871
43.2833			-0.0198838
43.3167			-0.0198805
43.35			-0.0198772
43.3833			-0.0198739
43.4167			-0.0198706
43.45			-0.0198673
43.4833			-0.0198641
43.5167			-0.0198608
43.55			-0.0198575
43.5833			-0.0198543
43.6167			-0.019851
43.65			-0.0198478
43.6833			-0.0198446
43.7167			-0.0198413
43.75			-0.0198381
43.7833			-0.0198349
43.8167			-0.0198317
43.85			-0.0198284
43.8833			-0.0198252
43.9167			-0.019822
43.95			-0.0198188
43.9833			-0.0198156
44.0167			-0.0198124
44.05			-0.0198093
44.0833			-0.0198061
44.1167			-0.0198029
44.15			-0.0197997
44.1833			-0.0197966
44.2167			-0.0197934
44.25			-0.0197902
44.2833			-0.0197871
44.3167			-0.0197839
44.35			-0.0197808
44.3833			-0.0197777
44.4167			-0.0197745
44.45			-0.0197714
44.4833			-0.0197683
44.5167			-0.0197652
44.55			-0.019762
44.5833			-0.0197589
44.6167			-0.0197558
44.65			-0.0197527
44.6833			-0.0197496
44.7167			-0.0197465
44.75			-0.0197435
44.7833			-0.0197404
44.8167			-0.0197373
44.85			-0.0197342
44.8833			-0.0197312
44.9167			-0.0197281
44.95			-0.019725
44.9833			-0.019722
45.0167			-0.0197189
45.05			-0.0197159
45.0833			-0.0197129
45.1167			-0.0197098
45.15			-0.0197068
45.1833			-0.0197038
45.2167			-0.0197007
45.25			-0.0196977
45.2833			-0.0196947
45.3167			-0.0196917
45.35			-0.0196887
45.3833			-0.0196857
45.4167			-0.0196827
45.45			-0.0196797
45.4833			-0.0196767
45.5167			-0.0196737
45.55			-0.0196708
45.5833			-0.0196678
45.6167			-0.0196648
45.65			-0.0196618
45.6833			-0.0196589
45.7167			-0.0196559
45.75			-0.019653
45.7833			-0.01965
45.8167			-0.0196471
45.85			-0.0196442
45.8833			-0.0196412
45.9167			-0.0196383
45.95			-0.0196354
45.9833			-0.0196324
46.0167			-0.0196295
46.05			-0.0196266
46.0833			-0.0196237
46.1167			-0.0196208
46.15			-0.0196179
46.1833			-0.019615
46.2167			-0.0196121
46.25			-0.0196092
46.2833			-0.0196063
46.3167			-0.0196035
46.35			-0.0196006
46.3833			-0.0195977
46.4167			-0.0195948
46.45			-0.019592
46.4833			-0.0195891
46.5167			-0.0195863
46.55			-0.0195834
46.5833			-0.0195806
46.6167			-0.0195777
46.65			-0.0195749
46.6833			-0.019572
46.7167			-0.0195692
46.75			-0.0195664
46.7833			-0.0195636
46.8167			-0.0195608
46.85			-0.0195579
46.8833			-0.0195551
46.9167			-0.0195523
46.95			-0.0195495
46.9833			-0.0195467
47.0167			-0.0195439
47.05			-0.0195411
47.0833			-0.0195383
47.1167			-0.0195356
47.15			-0.0195328
47.1833			-0.01953
47.2167			-0.0195272
47.25			-0.0195245
47.2833			-0.0195217
47.3167			-0.019519
47.35			-0.0195162
47.3833			-0.0195135
47.4167			-0.0195107
47.45			-0.019508
47.4833			-0.0195052
47.5167			-0.0195025
47.55			-0.0194998
47.5833			-0.019497
47.6167			-0.0194943
47.65			-0.0194916
47.6833			-0.0194889
47.7167			-0.0194862
47.75			-0.0194834
47.7833			-0.0194807
47.8167			-0.019478
47.85			-0.0194753
47.8833			-0.0194727
47.9167			-0.01947
47.95			-0.0194673
47.9833			-0.0194646
48.0167			-0.0194619
48.05			-0.0194592
48.0833			-0.0194566
48.1167			-0.0194539
48.15			-0.0194512
48.1833			-0.0194486
48.2167			-0.0194459
48.25			-0.0194433
48.2833			-0.0194406
48.3167			-0.019438
48.35			-0.0194353
48.3833			-0.0194327
48.4167			-0.0194301
48.45			-0.0194274
48.4833			-0.0194248
48.5167			-0.0194222
48.55			-0.0194196
48.5833			-0.0194169
48.6167			-0.0194143
48.65			-0.0194117
48.6833			-0.0194091
48.7167			-0.0194065
48.75			-0.0194039
48.7833			-0.0194013
48.8167			-0.0193987
48.85			-0.0193961
48.8833			-0.0193936
48.9167			-0.019391
48.95			-0.0193884
48.9833			-0.0193858
49.0167			-0.0193833
49.05			-0.0193807
49.0833			-0.0193781
49.1167			-0.0193756
49.15			-0.019373
49.1833			-0.0193705
49.2167			-0.0193679
49.25			-0.0193654
49.2833			-0.0193628
49.3167			-0.0193603
49.35			-0.0193578
49.3833			-0.0193552
49.4167			-0.0193527
49.45			-0.0193502
49.4833			-0.0193477
49.5167			-0.0193451
49.55			-0.0193426
49.5833			-0.0193401
49.6167			-0.0193376
49.65			-0.0193351
49.6833			-0.0193326
49.7167			-0.0193301
49.75			-0.0193276
49.7833			-0.0193251
49.8167			-0.0193226
49.85			-0.0193201
49.8833			-0.0193177
49.9167			-0.0193152
49.95			-0.0193127
49.9833			-0.0193102
50.0167			-0.0193078
50.05			-0.0193053
50.0833			-0.0193028
50.1167			-0.0193004
50.15			-0.0192979
50.1833			-0.0192955
50.2167			-0.019293
50.25			-0.0192906
50.2833			-0.0192882
50.3167			-0.0192857
50.35			-0.0192833
50.3833			-0.0192808
50.4167			-0.0192784
50.45			-0.019276
50.4833			-0.0192736
50.5167			-0.0192712
50.55			-0.0192687
50.5833			-0.0192663
50.6167			-0.0192639
50.65			-0.0192615
50.6833			-0.0192591
50.7167			-0.0192567
50.75			-0.0192543
50.7833			-0.0192519
50.8167			-0.0192495
50.85			-0.0192471
50.8833			-0.0192448
50.9167			-0.0192424
50.95			-0.01924
50.9833			-0.0192376
51.0167			-0.0192353
51.05			-0.0192329
51.0833			-0.0192305
51.1167			-0.0192282
51.15			-0.0192258
51.1833			-0.0192234
51.2167			-0.0192211
51.25			-0.0192187
51.2833			-0.0192164
51.3167			-0.0192141
51.35			-0.0192117
51.3833			-0.0192094
51.4167			-0.019207
51.45			-0.0192047
51.4833			-0.0192024
51.5167			-0.0192001
51.55			-0.0191977
51.5833			-0.0191954
51.6167			-0.0191931
51.65			-0.0191908
51.6833			-0.0191885
51.7167			-0.0191862
51.75			-0.0191839
51.7833			-0.0191816
51.8167			-0.0191793
51.85			-0.019177
51.8833			-0.0191747
51.9167			-0.0191724
51.95			-0.0191701
51.9833			-0.0191678
52.0167			-0.0191655
52.05			-0.0191633
52.0833			-0.019161
52.1167			-0.0191587
52.15			-0.0191564
52.1833			-0.0191542
52.2167			-0.0191519
52.25			-0.0191497
52.2833			-0.0191474
52.3167			-0.0191451
52.35			-0.0191429
52.3833			-0.0191406
52.4167			-0.0191384
52.45			-0.0191362
52.4833			-0.0191339
52.5167			-0.0191317
52.55			-0.0191294
52.5833			-0.0191272
52.6167			-0.019125
52.65			-0.0191228
52.6833			-0.0191205
52.7167			-0.0191183
52.75			-0.0191161
52.7833			-0.0191139
52.8167			-0.0191117
52.85			-0.0191095
52.8833			-0.0191073
52.9167			-0.0191051
52.95			-0.0191029
52.9833			-0.0191007
53.0167			-0.0190985
53.05			-0.0190963
53.0833			-0.0190941
53.1167			-0.0190919
53.15			-0.0190897
53.1833			-0.0190875
53.2167			-0.0190854
53.25			-0.0190832
53.2833			-0.019081
53.3167			-0.0190788
53.35			-0.0190767
53.3833			-0.0190745
53.4167			-0.0190723
53.45			-0.0190702
53.4833			-0.019068
53.5167			-0.0190659
53.55			-0.0190637
53.5833			-0.0190616
53.6167			-0.0190594
53.65			-0.0190573
53.6833			-0.0190551
53.7167			-0.019053
53.75			-0.0190509
53.7833			-0.0190487
53.8167			-0.0190466
53.85			-0.0190445
53.8833			-0.0190424
53.9167			-0.0190402
53.95			-0.0190381
53.9833			-0.019036
54.0167			-0.0190339
54.05			-0.0190318
54.0833			-0.0190297
54.1167			-0.0190276
54.15			-0.0190255
54.1833			-0.0190234
54.2167			-0.0190213
54.25			-0.0190192
54.2833			-0.0190171
54.3167			-0.019015
54.35			-0.0190129
54.3833			-0.0190108
54.4167			-0.0190087
54.45			-0.0190066
54.4833			-0.0190046
54.5167			-0.0190025
54.55			-0.0190004
54.5833			-0.0189983
54.6167			-0.0189963
54.65			-0.0189942
54.6833			-0.0189921
54.7167			-0.0189901
54.75			-0.018988
54.7833			-0.018986
54.8167			-0.0189839
54.85			-0.0189819
54.8833			-0.0189798
54.9167			-0.0189778
54.95			-0.0189757
54.9833			-0.0189737
55.0167			-0.0189717
55.05			-0.0189696
55.0833			-0.0189676
55.1167			-0.0189656
55.15			-0.0189635
55.1833			-0.0189615
55.2167			-0.0189595
55.25			-0.0189575
55.2833			-0.0189554
55.3167			-0.0189534
55.35			-0.0189514
55.3833			-0.0189494
55.4167			-0.0189474
55.45			-0.0189454
55.4833			-0.0189434
55.5167			-0.0189414
55.55			-0.0189394
55.5833			-0.0189374
55.6167			-0.0189354
55.65			-0.0189334
55.6833			-0.0189314
55.7167			-0.0189294
55.75			-0.0189275
55.7833			-0.0189255
55.8167			-0.0189235
55.85			-0.0189215
55.8833			-0.0189195
55.9167			-0.0189176
55.95			-0.0189156
55.9833			-0.0189136
56.0167			-0.0189117
56.05			-0.0189097
56.0833			-0.0189077
56.1167			-0.0189058
56.15			-0.0189038
56.1833			-0.0189019
56.2167			-0.0188999
56.25			-0.018898
56.2833			-0.018896
56.3167			-0.0188941
56.35			-0.0188921
56.3833			-0.0188902
56.4167			-0.0188883
56.45			-0.0188863
56.4833			-0.0188844
56.5167			-0.0188825
56.55			-0.0188805
56.5833			-0.0188786
56.6167			-0.0188767
56.65			-0.0188748
56.6833			-0.0188729
56.7167			-0.0188709
56.75			-0.018869
56.7833			-0.0188671
56.8167			-0.0188652
56.85			-0.0188633
56.8833			-0.0188614
56.9167			-0.0188595
56.95			-0.0188576
56.9833			-0.0188557
57.0167			-0.0188538
57.05			-0.0188519
57.0833			-0.01885
57.1167			-0.0188481
57.15			-0.0188462
57.1833			-0.0188443
57.2167			-0.0188425
57.25			-0.0188406
57.2833			-0.0188387
57.3167			-0.0188368
57.35			-0.0188349
57.3833			-0.0188331
57.4167			-0.0188312
57.45			-0.0188293
57.4833			-0.0188275
57.5167			-0.0188256
57.55			-0.0188237
57.5833			-0.0188219
57.6167			-0.01882
57.65			-0.0188182
57.6833			-0.0188163
57.7167			-0.0188145
57.75			-0.0188126
57.7833			-0.0188108
57.8167			-0.0188089
57.85			-0.0188071
57.8833			-0.0188052
57.9167			-0.0188034
57.95			-0.0188016
57.9833			-0.0187997
58.0167			-0.0187979
58.05			-0.0187961
58.0833			-0.0187943
58.1167			-0.0187924
58.15			-0.0187906
58.1833			-0.0187888
58.2167			-0.018787
58.25			-0.0187851
58.2833			-0.0187833
58.3167			-0.0187815
58.35			-0.0187797
58.3833			-0.0187779
58.4167			-0.0187761
58.45			-0.0187743
58.4833			-0.0187725
58.5167			-0.0187707
58.55			-0.0187689
58.5833			-0.0187671
58.6167			-0.0187653
58.65			-0.0187635
58.6833			-0.0187617
58.7167			-0.0187599
58.75			-0.0187581
58.7833			-0.0187564
58.8167			-0.0187546
58.85			-0.0187528
58.8833			-0.018751
58.9167			-0.0187492
58.95			-0.0187475
58.9833			-0.0187457
59.0167			-0.0187439
59.05			-0.0187422
59.0833			-0.0187404
59.1167			-0.0187386
59.15			-0.0187369
59.1833			-0.0187351
59.2167			-0.0187334
59.25			-0.0187316
59.2833			-0.0187298
59.3167			-0.0187281
59.35			-0.0187263
59.3833			-0.0187246
59.4167			-0.0187229
59.45			-0.0187211
59.4833			-0.0187194
59.5167			-0.0187176
59.55			-0.0187159
59.5833			-0.0187142
59.6167			-0.0187124
59.65			-0.0187107
59.6833			-0.018709
59.7167			-0.0187072
59.75			-0.0187055
59.7833			-0.0187038
59.8167			-0.0187021
59.85			-0.0187003
59.8833			-0.0186986
59.9167			-0.0186969
59.95			-0.0186952
59.9833			-0.0186935
60.0167			-0.0186918
60.05			-0.0186901
60.0833			-0.0186883
60.1167			-0.0186866
60.15			-0.0186849
60.1833			-0.0186832
60.2167			-0.0186815
60.25			-0.0186798
60.2833			-0.0186781
60.3167			-0.0186764
60.35			-0.0186748
60.3833			-0.0186731
60.4167			-0.0186714
60.45			-0.0186697
60.4833			-0.018668
60.5167			-0.0186663
60.55			-0.0186646
60.5833			-0.018663
60.6167			-0.0186613
60.65			-0.0186596
60.6833			-0.0186579
60.7167			-0.0186563
60.75			-0.0186546
60.7833			-0.0186529
60.8167			-0.0186513
60.85			-0.0186496
60.8833			-0.0186479
60.9167			-0.0186463
60.95			-0.0186446
60.9833			-0.018643
61.0167			-0.0186413
61.05			-0.0186397
61.0833			-0.018638
61.1167			-0.0186364
61.15			-0.0186347
61.1833			-0.0186331
61.2167			-0.0186314
61.25			-0.0186298
61.2833			-0.0186281
61.3167			-0.0186265
61.35			-0.0186249
61.3833			-0.0186232
61.4167			-0.0186216
61.45			-0.01862
61.4833			-0.0186183
61.5167			-0.0186167
61.55			-0.0186151
61.5833			-0.0186134
61.6167			-0.0186118
61.65			-0.0186102
61.6833			-0.0186086
61.7167			-0.018607
61.75			-0.0186054
61.7833			-0.0186037
61.8167			-0.0186021
61.85			-0.0186005
61.8833			-0.0185989
61.9167			-0.0185973
61.95			-0.0185957
61.9833			-0.0185941
62.0167			-0.0185925
62.05			-0.0185909
62.0833			-0.0185893
62.1167			-0.0185877
62.15			-0.0185861
62.1833			-0.0185845
62.2167			-0.0185829
62.25			-0.0185813
62.2833			-0.0185797
62.3167			-0.0185781
62.35			-0.0185766
62.3833			-0.018575
62.4167			-0.0185734
62.45			-0.0185718
62.4833			-0.0185702
62.5167			-0.0185687
62.55			-0.0185671
62.5833			-0.0185655
62.6167			-0.0185639
62.65			-0.0185624
62.6833			-0.0185608
62.7167			-0.0185592
62.75			-0.0185577
62.7833			-0.0185561
62.8167			-0.0185546
62.85			-0.018553
62.8833			-0.0185514
62.9167			-0.0185499
62.95			-0.0185483
62.9833			-0.0185468
63.0167			-0.0185452
63.05			-0.0185437
63.0833			-0.0185421
63.1167			-0.0185406
63.15			-0.018539
63.1833			-0.0185375
63.2167			-0.0185359
63.25			-0.0185344
63.2833			-0.0185329
63.3167			-0.0185313
63.35			-0.0185298
63.3833			-0.0185283
63.4167			-0.0185267
63.45			-0.0185252
63.4833			-0.0185237
63.5167			-0.0185221
63.55			-0.0185206
63.5833			-0.0185191
63.6167			-0.0185176
63.65			-0.0185161
63.6833			-0.0185145
63.7167			-0.018513
63.75			-0.0185115
63.7833			-0.01851
63.8167			-0.0185085
63.85			-0.018507
63.8833			-0.0185055
63.9167			-0.018504
63.95			-0.0185024
63.9833			-0.0185009
64.0167			-0.0184994
64.05			-0.0184979
64.0833			-0.0184964
64.1167			-0.0184949
64.15			-0.0184934
64.1833			-0.0184919
64.2167			-0.0184905
64.25			-0.018489
64.2833			-0.0184875
64.3167			-0.018486
64.35			-0.0184845
64.3833			-0.018483
64.4167			-0.0184815
64.45			-0.01848
64.4833			-0.0184786
64.5167			-0.0184771
64.55			-0.0184756
64.5833			-0.0184741
64.6167			-0.0184726
64.65			-0.0184712
64.6833			-0.0184697
64.7167			-0.0184682
64.75			-0.0184668
64.7833			-0.0184653
64.8167			-0.0184638
64.85			-0.0184624
64.8833			-0.0184609
64.9167			-0.0184594
64.95			-0.018458
64.9833			-0.0184565
65.0167			-0.0184551
65.05			-0.0184536
65.0833			-0.0184522
65.1167			-0.0184507
65.15			-0.0184493
65.1833			-0.0184478
65.2167			-0.0184464
65.25			-0.0184449
65.2833			-0.0184435
65.3167			-0.018442
65.35			-0.0184406
65.3833			-0.0184391
65.4167			-0.0184377
65.45			-0.0184363
65.4833			-0.0184348
65.5167			-0.0184334
65.55			-0.018432
65.5833			-0.0184305
65.6167			-0.0184291
65.65			-0.0184277
65.6833			-0.0184262
65.7167			-0.0184248
65.75			-0.0184234
65.7833			-0.018422
65.8167			-0.0184205
65.85			-0.0184191
65.8833			-0.0184177
65.9167			-0.0184163
65.95			-0.0184149
65.9833			-0.0184135
66.0167			-0.018412
66.05			-0.0184106
66.0833			-0.0184092
66.1167			-0.0184078
66.15			-0.0184064
66.1833			-0.018405
66.2167			-0.0184036
66.25			-0.0184022
66.2833			-0.0184008
66.3167			-0.0183994
66.35			-0.018398
66.3833			-0.0183966
66.4167			-0.0183952
66.45			-0.0183938
66.4833			-0.0183924
66.5167			-0.018391
66.55			-0.0183896
66.5833			-0.0183882
66.6167			-0.0183869
66.65			-0.0183855
66.6833			-0.0183841
66.7167			-0.0183827
66.75			-0.0183813
66.7833			-0.0183799
66.8167			-0.0183786
66.85			-0.0183772
66.8833			-0.0183758
66.9167			-0.0183744
66.95			-0.0183731
66.9833			-0.0183717
67.0167			-0.0183703
67.05			-0.0183689
67.0833			-0.0183676
67.1167			-0.0183662
67.15			-0.0183648
67.1833			-0.0183635
67.2167			-0.0183621
67.25			-0.0183608
67.2833			-0.0183594
67.3167			-0.018358
67.35			-0.0183567
67.3833			-0.0183553
67.4167			-0.018354
67.45			-0.0183526
67.4833			-0.0183513
67.5167			-0.0183499
67.55			-0.0183486
67.5833			-0.0183472
67.6167			-0.0183459
67.65			-0.0183445
67.6833			-0.0183432
67.7167			-0.0183418
67.75			-0.0183405
67.7833			-0.0183392
67.8167			-0.0183378
67.85			-0.0183365
67.8833			-0.0183351
67.9167			-0.0183338
67.95			-0.0183325
67.9833			-0.0183311
68.0167			-0.0183298
68.05			-0.0183285
68.0833			-0.0183272
68.1167			-0.0183258
68.15			-0.0183245
68.1833			-0.0183232
68.2167			-0.0183219
68.25			-0.0183205
68.2833			-0.0183192
68.3167			-0.0183179
68.35			-0.0183166
68.3833			-0.0183153
68.4167			-0.0183139
68.45			-0.0183126
68.4833			-0.0183113
68.5167			-0.01831
68.55			-0.0183087
68.5833			-0.0183074
68.6167			-0.0183061
68.65			-0.0183048
68.6833			-0.0183035
68.7167			-0.0183022
68.75			-0.0183009
68.7833			-0.0182996
68.8167			-0.0182983
68.85			-0.018297
68.8833			-0.0182957
68.9167			-0.0182944
68.95			-0.0182931
68.9833			-0.0182918
69.0167			-0.0182905
69.05			-0.0182892
69.0833			-0.0182879
69.1167			-0.0182866
69.15			-0.0182853
69.1833			-0.018284
69.2167			-0.0182828
69.25			-0.0182815
69.2833			-0.0182802
69.3167			-0.0182789
69.35			-0.0182776
69.3833			-0.0182764
69.4167			-0.0182751
69.45			-0.0182738
69.4833			-0.0182725
69.5167			-0.0182713
69.55			-0.01827
69.5833			-0.0182687
69.6167			-0.0182674
69.65			-0.0182662
69.6833			-0.0182649
69.7167			-0.0182636
69.75			-0.0182624
69.7833			-0.0182611
69.8167			-0.0182598
69.85			-0.0182586
69.8833			-0.0182573
69.9167			-0.0182561
69.95			-0.0182548
69.9833			-0.0182535
70.0167			-0.0182523
70.05			-0.018251
70.0833			-0.0182498
70.1167			-0.0182485
70.15			-0.0182473
70.1833			-0.018246
70.2167			-0.0182448
70.25			-0.0182435
70.2833			-0.0182423
70.3167			-0.018241
70.35			-0.0182398
70.3833			-0.0182386
70.4167			-0.0182373
70.45			-0.0182361
70.4833			-0.0182348
70.5167			-0.0182336
70.55			-0.0182324
70.5833			-0.0182311
70.6167			-0.0182299
70.65			-0.0182287
70.6833			-0.0182274
70.7167			-0.0182262
70.75			-0.018225
70.7833			-0.0182237
70.8167			-0.0182225
70.85			-0.0182213
70.8833			-0.0182201
70.9167			-0.0182188
70.95			-0.0182176
70.9833			-0.0182164
71.0167			-0.0182152
71.05			-0.018214
71.0833			-0.0182127
71.1167			-0.0182115
71.15			-0.0182103
71.1833			-0.0182091
71.2167			-0.0182079
71.25			-0.0182067
71.2833			-0.0182055
71.3167			-0.0182042
71.35			-0.018203
71.3833			-0.0182018
71.4167			-0.0182006
71.45			-0.0181994
71.4833			-0.0181982
71.5167			-0.018197
71.55			-0.0181958
71.5833			-0.0181946
71.6167			-0.0181934
71.65			-0.0181922
71.6833			-0.018191
71.7167			-0.0181898
71.75			-0.0181886
71.7833			-0.0181874
71.8167			-0.0181862
71.85			-0.018185
71.8833			-0.0181838
71.9167			-0.0181827
71.95			-0.0181815
71.9833			-0.0181803
72.0167			-0.0181791
72.05			-0.0181779
72.0833			-0.0181767
72.1167			-0.0181755
72.15			-0.0181744
72.1833			-0.0181732
72.2167			-0.018172
72.25			-0.0181708
72.2833			-0.0181696
72.3167			-0.0181685
72.35			-0.0181673
72.3833			-0.0181661
72.4167			-0.0181649
72.45			-0.0181638
72.4833			-0.0181626
72.5167			-0.0181614
72.55			-0.0181603
72.5833			-0.0181591
72.6167			-0.0181579
72.65			-0.0181568
72.6833			-0.0181556
72.7167			-0.0181544
72.75			-0.0181533
72.7833			-0.0181521
72.8167			-0.0181509
72.85			-0.0181498
72.8833			-0.0181486
72.9167			-0.0181475
72.95			-0.0181463
72.9833			-0.0181452
73.0167			-0.018144
73.05			-0.0181428
73.0833			-0.0181417
73.1167			-0.0181405
73.15			-0.0181394
73.1833			-0.0181382
73.2167			-0.0181371
73.25			-0.0181359
73.2833			-0.0181348
73.3167			-0.0181337
73.35			-0.0181325
73.3833			-0.0181314
73.4167			-0.0181302
73.45			-0.0181291
73.4833			-0.0181279
73.5167			-0.0181268
73.55			-0.0181257
73.5833			-0.0181245
73.6167			-0.0181234
73.65			-0.0181223
73.6833			-0.0181211
73.7167			-0.01812
73.75			-0.0181189
73.7833			-0.0181177
73.8167			-0.0181166
73.85			-0.0181155
73.8833			-0.0181144
73.9167			-0.0181132
73.95			-0.0181121
73.9833			-0.018111
74.0167			-0.0181099
74.05			-0.0181087
74.0833			-0.0181076
74.1167			-0.0181065
74.15			-0.0181054
74.1833			-0.0181043
74.2167			-0.0181031
74.25			-0.018102
74.2833			-0.0181009
74.3167			-0.0180998
74.35			-0.0180987
74.3833			-0.0180976
74.4167			-0.0180965
74.45			-0.0180953
74.4833			-0.0180942
74.5167			-0.0180931
74.55			-0.018092
74.5833			-0.0180909
74.6167			-0.0180898
74.65			-0.0180887
74.6833			-0.0180876
74.7167			-0.0180865
74.75			-0.0180854
74.7833			-0.0180843
74.8167			-0.0180832
74.85			-0.0180821
74.8833			-0.018081
74.9167			-0.0180799
74.95			-0.0180788
74.9833			-0.0180777
75.0167			-0.0180766
75.05			-0.0180755
75.0833			-0.0180744
75.1167			-0.0180734
75.15			-0.0180723
75.1833			-0.0180712
75.2167			-0.0180701
75.25			-0.018069
75.2833			-0.0180679
75.3167			-0.0180668
75.35			-0.0180657
75.3833			-0.0180647
75.4167			-0.0180636
75.45			-0.0180625
75.4833			-0.0180614
75.5167			-0.0180603
75.55			-0.0180593
75.5833			-0.0180582
75.6167			-0.0180571
75.65			-0.018056
75.6833			-0.018055
75.7167			-0.0180539
75.75			-0.0180528
75.7833			-0.0180517
75.8167			-0.0180507
75.85			-0.0180496
75.8833			-0.0180485
75.9167			-0.0180475
75.95			-0.0180464
75.9833			-0.0180453
76.0167			-0.0180443
76.05			-0.0180432
76.0833			-0.0180422
76.1167			-0.0180411
76.15			-0.01804
76.1833			-0.018039
76.2167			-0.0180379
76.25			-0.0180369
76.2833			-0.0180358
76.3167			-0.0180347
76.35			-0.0180337
76.3833			-0.0180326
76.4167			-0.0180316
76.45			-0.0180305
76.4833			-0.0180295
76.5167			-0.0180284
76.55			-0.0180274
76.5833			-0.0180263
76.6167			-0.0180253
76.65			-0.0180242
76.6833			-0.0180232
76.7167			-0.0180221
76.75			-0.0180211
76.7833			-0.01802
76.8167			-0.018019
76.85			-0.018018
76.8833			-0.0180169
76.9167			-0.0180159
76.95			-0.0180148
76.9833			-0.0180138
77.0167			-0.0180128
77.05			-0.0180117
77.0833			-0.0180107
77.1167			-0.0180097
77.15			-0.0180086
77.1833			-0.0180076
77.2167			-0.0180066
77.25			-0.0180055
77.2833			-0.0180045
77.3167			-0.0180035
77.35			-0.0180024
77.3833			-0.0180014
77.4167			-0.0180004
77.45			-0.0179994
77.4833			-0.0179983
77.5167			-0.0179973
77.55			-0.0179963
77.5833			-0.0179953
77.6167			-0.0179943
77.65			-0.0179932
77.6833			-0.0179922
77.7167			-0.0179912
77.75			-0.0179902
77.7833			-0.0179892
77.8167			-0.0179881
77.85			-0.0179871
77.8833			-0.0179861
77.9167			-0.0179851
77.95			-0.0179841
77.9833			-0.0179831
78.0167			-0.0179821
78.05			-0.0179811
78.0833			-0.0179801
78.1167			-0.017979
78.15			-0.017978
78.1833			-0.017977
78.2167			-0.017976
78.25			-0.017975
78.2833			-0.017974
78.3167			-0.017973
78.35			-0.017972
78.3833			-0.017971
78.4167			-0.01797
78.45			-0.017969
78.4833			-0.017968
78.5167			-0.017967
78.55			-0.017966
78.5833			-0.017965
78.6167			-0.017964
78.65			-0.017963
78.6833			-0.017962
78.7167			-0.017961
78.75			-0.0179601
78.7833			-0.0179591
78.8167			-0.0179581
78.85			-0.0179571
78.8833			-0.0179561
78.9167			-0.0179551
78.95			-0.0179541
78.9833			-0.0179531
79.0167			-0.0179522
79.05			-0.0179512
79.0833			-0.0179502
79.1167			-0.0179492
79.15			-0.0179482
79.1833			-0.0179472
79.2167			-0.0179463
79.25			-0.0179453
79.2833			-0.0179443
79.3167			-0.0179433
79.35			-0.0179423
79.3833			-0.0179414
79.4167			-0.0179404
79.45			-0.0179394
79.4833			-0.0179384
79.5167			-0.0179375
79.55			-0.0179365
79.5833			-0.0179355
79.6167			-0.0179346
79.65			-0.0179336
79.6833			-0.0179326
79.7167			-0.0179317
79.75			-0.0179307
79.7833			-0.0179297
79.8167			-0.0179288
79.85			-0.0179278
79.8833			-0.0179268
79.9167			-0.0179259
79.95			-0.0179249
79.9833			-0.0179239
80.0167			-0.017923
80.05			-0.017922
80.0833			-0.0179211
80.1167			-0.0179201
80.15			-0.0179191
80.1833			-0.0179182
80.2167			-0.0179172
80.25			-0.0179163
80.2833			-0.0179153
80.3167			-0.0179144
80.35			-0.0179134
80.3833			-0.0179125
80.4167			-0.0179115
80.45			-0.0179106
80.4833			-0.0179096
80.5167			-0.0179087
80.55			-0.0179077
80.5833			-0.0179068
80.6167			-0.0179058
80.65			-0.0179049
80.6833			-0.0179039
80.7167			-0.017903
80.75			-0.0179021
80.7833			-0.0179011
80.8167			-0.0179002
80.85			-0.0178992
80.8833			-0.0178983
80.9167			-0.0178974
80.95			-0.0178964
80.9833			-0.0178955
81.0167			-0.0178945
81.05			-0.0178936
81.0833			-0.0178927
81.1167			-0.0178917
81.15			-0.0178908
81.1833			-0.0178899
81.2167			-0.0178889
81.25			-0.017888
81.2833			-0.0178871
81.3167			-0.0178861
81.35			-0.0178852
81.3833			-0.0178843
81.4167			-0.0178834
81.45			-0.0178824
81.4833			-0.0178815
81.5167			-0.0178806
81.55			-0.0178797
81.5833			-0.0178787
81.6167			-0.0178778
81.65			-0.0178769
81.6833			-0.017876
81.7167			-0.017875
81.75			-0.0178741
81.7833			-0.0178732
81.8167			-0.0178723
81.85			-0.0178714
81.8833			-0.0178704
81.9167			-0.0178695
81.95			-0.0178686
81.9833			-0.0178677
82.0167			-0.0178668
82.05			-0.0178659
82.0833			-0.017865
82.1167			-0.017864
82.15			-0.0178631
82.1833			-0.0178622
82.2167			-0.0178613
82.25			-0.0178604
82.2833			-0.0178595
82.3167			-0.0178586
82.35			-0.0178577
82.3833			-0.0178568
82.4167			-0.0178559
82.45			-0.017855
82.4833			-0.0178541
82.5167			-0.0178532
82.55			-0.0178523
82.5833			-0.0178514
82.6167			-0.0178505
82.65			-0.0178496
82.6833			-0.0178487
82.7167			-0.0178478
82.75			-0.0178469
82.7833			-0.017846
82.8167			-0.0178451
82.85			-0.0178442
82.8833			-0.0178433
82.9167			-0.0178424
82.95			-0.0178415
82.9833			-0.0178406
83.0167			-0.0178397
83.05			-0.0178388
83.0833			-0.0178379
83.1167			-0.017837
83.15			-0.0178361
83.1833			-0.0178353
83.2167			-0.0178344
83.25			-0.0178335
83.2833			-0.0178326
83.3167			-0.0178317
83.35			-0.0178308
83.3833			-0.0178299
83.4167			-0.0178291
83.45			-0.0178282
83.4833			-0.0178273
83.5167			-0.0178264
83.55			-0.0178255
83.5833			-0.0178246
83.6167			-0.0178238
83.65			-0.0178229
83.6833			-0.017822
83.7167			-0.0178211
83.75			-0.0178203
83.7833			-0.0178194
83.8167			-0.0178185
83.85			-0.0178176
83.8833			-0.0178168
83.9167			-0.0178159
83.95			-0.017815
83.9833			-0.0178141
84.0167			-0.0178133
84.05			-0.0178124
84.0833			-0.0178115
84.1167			-0.0178107
84.15			-0.0178098
84.1833			-0.0178089
84.2167			-0.0178081
84.25			-0.0178072
84.2833			-0.0178063
84.3167			-0.0178055
84.35			-0.0178046
84.3833			-0.0178037
84.4167			-0.0178029
84.45			-0.017802
84.4833			-0.0178012
84.5167			-0.0178003
84.55			-0.0177994
84.5833			-0.0177986
84.6167			-0.0177977
84.65			-0.0177969
84.6833			-0.017796
84.7167			-0.0177951
84.75			-0.0177943
84.7833			-0.0177934
84.8167			-0.0177926
84.85			-0.0177917
84.8833			-0.0177909
84.9167			-0.01779
84.95			-0.0177892
84.9833			-0.0177883
85.0167			-0.0177875
85.05			-0.0177866
85.0833			-0.0177858
85.1167			-0.0177849
85.15			-0.0177841
85.1833			-0.0177832
85.2167			-0.0177824
85.25			-0.0177815
85.2833			-0.0177807
85.3167			-0.0177798
85.35			-0.017779
85.3833			-0.0177781
85.4167			-0.0177773
85.45			-0.0177765
85.4833			-0.0177756
85.5167			-0.0177748
85.55			-0.0177739
85.5833			-0.0177731
85.6167			-0.0177723
85.65			-0.0177714
85.6833			-0.0177706
85.7167			-0.0177698
85.75			-0.0177689
85.7833			-0.0177681
85.8167			-0.0177672
85.85			-0.0177664
85.8833			-0.0177656
85.9167			-0.0177647
85.95			-0.0177639
85.9833			-0.0177631
86.0167			-0.0177623
86.05			-0.0177614
86.0833			-0.0177606
86.1167			-0.0177598
86.15			-0.0177589
86.1833			-0.0177581
86.2167			-0.0177573
86.25			-0.0177565
86.2833			-0.0177556
86.3167			-0.0177548
86.35			-0.017754
86.3833			-0.0177532
86.4167			-0.0177523
86.45			-0.0177515
86.4833			-0.0177507
86.5167			-0.0177499
86.55			-0.017749
86.5833			-0.0177482
86.6167			-0.0177474
86.65			-0.0177466
86.6833			-0.0177458
86.7167			-0.017745
86.75			-0.0177441
86.7833			-0.0177433
86.8167			-0.0177425
86.85			-0.0177417
86.8833			-0.0177409
86.9167			-0.0177401
86.95			-0.0177392
86.9833			-0.0177384
87.0167			-0.0177376
87.05			-0.0177368
87.0833			-0.017736
87.1167			-0.0177352
87.15			-0.0177344
87.1833			-0.0177336
87.2167			-0.0177328
87.25			-0.017732
87.2833			-0.0177312
87.3167			-0.0177303
87.35			-0.0177295
87.3833			-0.0177287
87.4167			-0.0177279
87.45			-0.0177271
87.4833			-0.0177263
87.5167			-0.0177255
87.55			-0.0177247
87.5833			-0.0177239
87.6167			-0.0177231
87.65			-0.0177223
87.6833			-0.0177215
87.7167			-0.0177207
87.75			-0.0177199
87.7833			-0.0177191
87.8167			-0.0177183
87.85			-0.0177175
87.8833			-0.0177167
87.9167			-0.0177159
87.95			-0.0177151
87.9833			-0.0177144
88.0167			-0.0177136
88.05			-0.0177128
88.0833			-0.017712
88.1167			-0.0177112
88.15			-0.0177104
88.1833			-0.0177096
88.2167			-0.0177088
88.25			-0.017708
88.2833			-0.0177072
88.3167			-0.0177064
88.35			-0.0177057
88.3833			-0.0177049
88.4167			-0.0177041
88.45			-0.0177033
88.4833			-0.0177025
88.5167			-0.0177017
88.55			-0.0177009
88.5833			-0.0177002
88.6167			-0.0176994
88.65			-0.0176986
88.6833			-0.0176978
88.7167			-0.017697
88.75			-0.0176963
88.7833			-0.0176955
88.8167			-0.0176947
88.85			-0.0176939
88.8833			-0.0176931
88.9167			-0.0176924
88.95			-0.0176916
88.9833			-0.0176908
89.0167			-0.01769
89.05			-0.0176893
89.0833			-0.0176885
89.1167			-0.0176877
89.15			-0.0176869
89.1833			-0.0176862
89.2167			-0.0176854
89.25			-0.0176846
89.2833			-0.0176838
89.3167			-0.0176831
89.35			-0.0176823
89.3833			-0.0176815
89.4167			-0.0176808
89.45			-0.01768
89.4833			-0.0176792
89.5167			-0.0176785
89.55			-0.0176777
89.5833			-0.0176769
89.6167			-0.0176762
89.65			-0.0176754
89.6833			-0.0176746
89.7167			-0.0176739
89.75			-0.0176731
89.7833			-0.0176724
89.8167			-0.0176716
89.85			-0.0176708
89.8833			-0.0176701
89.9167			-0.0176693
89.95			-0.0176685
89.9833			-0.0176678
90.0167			-0.017667
90.05			-0.0176663
90.0833			-0.0176655
90.1167			-0.0176648
90.15			-0.017664
90.1833			-0.0176632
90.2167			-0.0176625
90.25			-0.0176617
90.2833			-0.017661
90.3167			-0.0176602
90.35			-0.0176595
90.3833			-0.0176587
90.4167			-0.017658
90.45			-0.0176572
90.4833			-0.0176565
90.5167			-0.0176557
90.55			-0.017655
90.5833			-0.0176542
90.6167			-0.0176535
90.65			-0.0176527
90.6833			-0.017652
90.7167			-0.0176512
90.75			-0.0176505
90.7833			-0.0176497
90.8167			-0.017649
90.85			-0.0176483
90.8833			-0.0176475
90.9167			-0.0176468
90.95			-0.017646
90.9833			-0.0176453
91.0167			-0.0176445
91.05			-0.0176438
91.0833			-0.0176431
91.1167			-0.0176423
91.15			-0.0176416
91.1833			-0.0176408
91.2167			-0.0176401
91.25			-0.0176394
91.2833			-0.0176386
91.3167			-0.0176379
91.35			-0.0176371
91.3833			-0.0176364
91.4167			-0.0176357
91.45			-0.0176349
91.4833			-0.0176342
91.5167			-0.0176335
91.55			-0.0176327
91.5833			-0.017632
91.6167			-0.0176313
91.65			-0.0176305
91.6833			-0.0176298
91.7167			-0.0176291
91.75			-0.0176284
91.7833			-0.0176276
91.8167			-0.0176269
91.85			-0.0176262
91.8833			-0.0176254
91.9167			-0.0176247
91.95			-0.017624
91.9833			-0.0176233
92.0167			-0.0176225
92.05			-0.0176218
92.0833			-0.0176211
92.1167			-0.0176204
92.15			-0.0176196
92.1833			-0.0176189
92.2167			-0.0176182
92.25			-0.0176175
92.2833			-0.0176167
92.3167			-0.017616
92.35			-0.0176153
92.3833			-0.0176146
92.4167			-0.0176139
92.45			-0.0176131
92.4833			-0.0176124
92.5167			-0.0176117
92.55			-0.017611
92.5833			-0.0176103
92.6167			-0.0176096
92.65			-0.0176088
92.6833			-0.0176081
92.7167			-0.0176074
92.75			-0.0176067
92.7833			-0.017606
92.8167			-0.0176053
92.85			-0.0176046
92.8833			-0.0176038
92.9167			-0.0176031
92.95			-0.0176024
92.9833			-0.0176017
93.0167			-0.017601
93.05			-0.0176003
93.0833			-0.0175996
93.1167			-0.0175989
93.15			-0.0175982
93.1833			-0.0175975
93.2167			-0.0175968
93.25			-0.017596
93.2833			-0.0175953
93.3167			-0.0175946
93.35			-0.0175939
93.3833			-0.0175932
93.4167			-0.0175925
93.45			-0.0175918
93.4833			-0.0175911
93.5167			-0.0175904
93.55			-0.0175897
93.5833			-0.017589
93.6167			-0.0175883
93.65			-0.0175876
93.6833			-0.0175869
93.7167			-0.0175862
93.75			-0.0175855
93.7833			-0.0175848
93.8167			-0.0175841
93.85			-0.0175834
93.8833			-0.0175827
93.9167			-0.017582
93.95			-0.0175813
93.9833			-0.0175806
94.0167			-0.0175799
94.05			-0.0175792
94.0833			-0.0175785
94.1167			-0.0175779
94.15			-0.0175772
94.1833			-0.0175765
94.2167			-0.0175758
94.25			-0.0175751
94.2833			-0.0175744
94.3167			-0.0175737
94.35			-0.017573
94.3833			-0.0175723
94.4167			-0.0175716
94.45			-0.0175709
94.4833			-0.0175703
94.5167			-0.0175696
94.55			-0.0175689
94.5833			-0.0175682
94.6167			-0.0175675
94.65			-0.0175668
94.6833			-0.0175661
94.7167			-0.0175655
94.75			-0.0175648
94.7833			-0.0175641
94.8167			-0.0175634
94.85			-0.0175627
94.8833			-0.017562
94.9167			-0.0175614
94.95			-0.0175607
94.9833			-0.01756
95.0167			-0.0175593
95.05			-0.0175586
95.0833			-0.0175579
95.1167			-0.0175573
95.15			-0.0175566
95.1833			-0.0175559
95.2167			-0.0175552
95.25			-0.0175546
95.2833			-0.0175539
95.3167			-0.0175532
95.35			-0.0175525
95.3833			-0.0175519
95.4167			-0.0175512
95.45			-0.0175505
95.4833			-0.0175498
95.5167			-0.0175492
95.55			-0.0175485
95.5833			-0.0175478
95.6167			-0.0175471
95.65			-0.0175465
95.6833			-0.0175458
95.7167			-0.0175451
95.75			-0.0175445
95.7833			-0.0175438
95.8167			-0.0175431
95.85			-0.0175425
95.8833			-0.0175418
95.9167			-0.0175411
95.95			-0.0175404
95.9833			-0.0175398
96.0167			-0.0175391
96.05			-0.0175384
96.0833			-0.0175378
96.1167			-0.0175371
96.15			-0.0175365
96.1833			-0.0175358
96.2167			-0.0175351
96.25			-0.0175345
96.2833			-0.0175338
96.3167			-0.0175331
96.35			-0.0175325
96.3833			-0.0175318
96.4167			-0.0175312
96.45			-0.0175305
96.4833			-0.0175298
96.5167			-0.0175292
96.55			-0.0175285
96.5833			-0.0175279
96.6167			-0.0175272
96.65			-0.0175265
96.6833			-0.0175259
96.7167			-0.0175252
96.75			-0.0175246
96.7833			-0.0175239
96.8167			-0.0175233
96.85			-0.0175226
96.8833			-0.0175219
96.9167			-0.0175213
96.95			-0.0175206
96.9833			-0.01752
97.0167			-0.0175193
97.05			-0.0175187
97.0833			-0.017518
97.1167			-0.0175174
97.15			-0.0175167
97.1833			-0.0175161
97.2167			-0.0175154
97.25			-0.0175148
97.2833			-0.0175141
97.3167			-0.0175135
97.35			-0.0175128
97.3833			-0.0175122
97.4167			-0.0175115
97.45			-0.0175109
97.4833			-0.0175102
97.5167			-0.0175096
97.55			-0.017509
97.5833			-0.0175083
97.6167			-0.0175077
97.65			-0.017507
97.6833			-0.0175064
97.7167			-0.0175057
97.75			-0.0175051
97.7833			-0.0175044
97.8167			-0.0175038
97.85			-0.0175032
97.8833			-0.0175025
97.9167			-0.0175019
97.95			-0.0175012
97.9833			-0.0175006
98.0167			-0.0175
98.05			-0.0174993
98.0833			-0.0174987
98.1167			-0.017498
98.15			-0.0174974
98.1833			-0.0174968
98.2167			-0.0174961
98.25			-0.0174955
98.2833			-0.0174949
98.3167			-0.0174942
98.35			-0.0174936
98.3833			-0.017493
98.4167			-0.0174923
98.45			-0.0174917
98.4833			-0.0174911
98.5167			-0.0174904
98.55			-0.0174898
98.5833			-0.0174892
98.6167			-0.0174885
98.65			-0.0174879
98.6833			-0.0174873
98.7167			-0.0174866
98.75			-0.017486
98.7833			-0.0174854
98.8167			-0.0174847
98.85			-0.0174841
98.8833			-0.0174835
98.9167			-0.0174829
98.95			-0.0174822
98.9833			-0.0174816
99.0167			-0.017481
99.05			-0.0174804
99.0833			-0.0174797
99.1167			-0.0174791
99.15			-0.0174785
99.1833			-0.0174779
99.2167			-0.0174772
99.25			-0.0174766
99.2833			-0.017476
99.3167			-0.0174754
99.35			-0.0174747
99.3833			-0.0174741
99.4167			-0.0174735
99.45			-0.0174729
99.4833			-0.0174723
99.5167			-0.0174716
99.55			-0.017471
99.5833			-0.0174704
99.6167			-0.0174698
99.65			-0.0174692
99.6833			-0.0174685
99.7167			-0.0174679
99.75			-0.0174673
99.7833			-0.0174667
99.8167			-0.0174661
99.85			-0.0174655
99.8833			-0.0174648
99.9167			-0.0174642
99.95			-0.0174636
99.9833			-0.017463
