0.05			-0.593659
0.0833333			-0.592955
0.116667			-0.592305
0.15			-0.591358
0.183333			-0.58989
0.216667			-0.587746
0.25			-0.584801
0.283333			-0.580965
0.316667			-0.576181
0.35			-0.570437
0.383333			-0.56376
0.416667			-0.556213
0.45			-0.547887
0.483333			-0.538888
0.516667			-0.529332
0.55			-0.519337
0.583333			-0.509014
0.616667			-0.498471
0.65			-0.487801
0.683333			-0.477089
0.716667			-0.466407
0.75			-0.455816
0.783333			-0.445366
0.816667			-0.435098
0.85			-0.425043
0.883333			-0.415227
0.916667			-0.405668
0.95			-0.396378
0.983333			-0.387365
1.01667			-0.378634
1.05			-0.370185
1.08333			-0.362017
1.11667			-0.354127
1.15			-0.34651
1.18333			-0.339159
1.21667			-0.332068
1.25			-0.325229
1.28333			-0.318634
1.31667			-0.312274
1.35			-0.306142
1.38333			-0.300227
1.41667			-0.294523
1.45			-0.289021
1.48333			-0.283711
1.51667			-0.278588
1.55			-0.273642
1.58333			-0.268866
1.61667			-0.264254
1.65			-0.259797
1.68333			-0.255491
1.71667			-0.251327
1.75			-0.2473
1.78333			-0.243404
1.81667			-0.239634
1.85			-0.235985
1.88333			-0.23245
1.91667			-0.229026
1.95			-0.225708
1.98333			-0.222491
2.01667			-0.219371
2.05			-0.216345
2.08333			-0.213408
2.11667			-0.210556
2.15			-0.207788
2.18333			-0.205098
2.21667			-0.202484
2.25			-0.199944
2.28333			-0.197474
2.31667			-0.195071
2.35			-0.192733
2.38333			-0.190457
2.41667			-0.188242
2.45			-0.186085
2.48333			-0.183983
2.51667			-0.181936
2.55			-0.17994
2.58333			-0.177994
2.61667			-0.176096
2.65			-0.174245
2.68333			-0.172439
2.71667			-0.170676
2.75			-0.168955
2.78333			-0.167274
2.81667			-0.165633
2.85			-0.164029
2.88333			-0.162462
2.91667			-0.160931
2.95			-0.159433
2.98333			-0.157969
3.01667			-0.156536
3.05			-0.155135
3.08333			-0.153764
3.11667			-0.152422
3.15			-0.151108
3.18333			-0.149822
3.21667			-0.148562
3.25			-0.147328
3.28333			-0.14612
3.31667			-0.144935
3.35			-0.143774
3.38333			-0.142636
3.41667			-0.14152
3.45			-0.140426
3.48333			-0.139353
3.51667			-0.1383
3.55			-0.137267
3.58333			-0.136254
3.61667			-0.135259
3.65			-0.134282
3.68333			-0.133324
3.71667			-0.132382
3.75			-0.131458
3.78333			-0.13055
3.81667			-0.129658
3.85			-0.128781
3.88333			-0.12792
3.91667			-0.127074
3.95			-0.126242
3.98333			-0.125424
4.01667			-0.12462
4.05			-0.123829
4.08333			-0.123051
4.11667			-0.122286
4.15			-0.121534
4.18333			-0.120793
4.21667			-0.120065
4.25			-0.119348
4.28333			-0.118642
4.31667			-0.117948
4.35			-0.117264
4.38333			-0.116591
4.41667			-0.115928
4.45			-0.115275
4.48333			-0.114632
4.51667			-0.113998
4.55			-0.113375
4.58333			-0.11276
4.61667			-0.112154
4.65			-0.111557
4.68333			-0.110969
4.71667			-0.110389
4.75			-0.109818
4.78333			-0.109254
4.81667			-0.108699
4.85			-0.108151
4.88333			-0.107611
4.91667			-0.107079
4.95			-0.106553
4.98333			-0.106035
5.01667			-0.105524
5.05			-0.10502
5.08333			-0.104522
5.11667			-0.104031
5.15			-0.103546
5.18333			-0.103068
5.21667			-0.102596
5.25			-0.102131
5.28333			-0.101671
5.31667			-0.101217
5.35			-0.100768
5.38333			-0.100326
5.41667			-0.0998889
5.45			-0.0994573
5.48333			-0.0990311
5.51667			-0.0986101
5.55			-0.0981943
5.58333			-0.0977835
5.61667			-0.0973777
5.65			-0.0969768
5.68333			-0.0965806
5.71667			-0.0961892
5.75			-0.0958024
5.78333			-0.0954202
5.81667			-0.0950424
5.85			-0.094669
5.88333			-0.0942999
5.91667			-0.093935
5.95			-0.0935743
5.98333			-0.0932178
6.01667			-0.0928652
6.05			-0.0925166
6.08333			-0.0921719
6.11667			-0.091831
6.15			-0.0914939
6.18333			-0.0911605
6.21667			-0.0908308
6.25			-0.0905046
6.28333			-0.0901819
6.31667			-0.0898628
6.35			-0.089547
6.38333			-0.0892346
6.41667			-0.0889255
6.45			-0.0886197
6.48333			-0.0883171
6.51667			-0.0880176
6.55			-0.0877213
6.58333			-0.087428
6.61667			-0.0871377
6.65			-0.0868503
6.68333			-0.0865659
6.71667			-0.0862844
6.75			-0.0860057
6.78333			-0.0857298
6.81667			-0.0854567
6.85			-0.0851863
6.88333			-0.0849185
6.91667			-0.0846534
6.95			-0.0843908
6.98333			-0.0841308
7.01667			-0.0838734
7.05			-0.0836184
7.08333			-0.0833659
7.11667			-0.0831157
7.15			-0.082868
7.18333			-0.0826226
7.21667			-0.0823795
7.25			-0.0821387
7.28333			-0.0819001
7.31667			-0.0816637
7.35			-0.0814296
7.38333			-0.0811975
7.41667			-0.0809677
7.45			-0.0807399
7.48333			-0.0805141
7.51667			-0.0802904
7.55			-0.0800688
7.58333			-0.0798491
7.61667			-0.0796314
7.65			-0.0794156
7.68333			-0.0792017
7.71667			-0.0789897
7.75			-0.0787795
7.78333			-0.0785712
7.81667			-0.0783647
7.85			-0.07816
7.88333			-0.0779571
7.91667			-0.0777558
7.95			-0.0775564
7.98333			-0.0773586
8.01667			-0.0771624
8.05			-0.076968
8.08333			-0.0767752
8.11667			-0.0765839
8.15			-0.0763943
8.18333			-0.0762063
8.21667			-0.0760198
8.25			-0.0758348
8.28333			-0.0756514
8.31667			-0.0754694
8.35			-0.075289
8.38333			-0.07511
8.41667			-0.0749324
8.45			-0.0747563
8.48333			-0.0745815
8.51667			-0.0744082
8.55			-0.0742362
8.58333			-0.0740657
8.61667			-0.0738964
8.65			-0.0737285
8.68333			-0.0735619
8.71667			-0.0733966
8.75			-0.0732325
8.78333			-0.0730698
8.81667			-0.0729082
8.85			-0.072748
8.88333			-0.0725889
8.91667			-0.0724311
8.95			-0.0722744
8.98333			-0.072119
9.01667			-0.0719647
9.05			-0.0718116
9.08333			-0.0716596
9.11667			-0.0715087
9.15			-0.071359
9.18333			-0.0712104
9.21667			-0.0710628
9.25			-0.0709164
9.28333			-0.070771
9.31667			-0.0706267
9.35			-0.0704834
9.38333			-0.0703411
9.41667			-0.0701999
9.45			-0.0700597
9.48333			-0.0699205
9.51667			-0.0697823
9.55			-0.0696451
9.58333			-0.0695088
9.61667			-0.0693735
9.65			-0.0692392
9.68333			-0.0691058
9.71667			-0.0689733
9.75			-0.0688418
9.78333			-0.0687111
9.81667			-0.0685814
9.85			-0.0684525
9.88333			-0.0683246
9.91667			-0.0681975
9.95			-0.0680713
9.98333			-0.0679459
10.0167			-0.0678214
10.05			-0.0676977
10.0833			-0.0675749
10.1167			-0.0674529
10.15			-0.0673317
10.1833			-0.0672113
10.2167			-0.0670917
10.25			-0.0669729
10.2833			-0.0668548
10.3167			-0.0667376
10.35			-0.0666211
10.3833			-0.0665054
10.4167			-0.0663904
10.45			-0.0662762
10.4833			-0.0661627
10.5167			-0.06605
10.55			-0.0659379
10.5833			-0.0658266
10.6167			-0.065716
10.65			-0.0656061
10.6833			-0.0654969
10.7167			-0.0653884
10.75			-0.0652806
10.7833			-0.0651735
10.8167			-0.065067
10.85			-0.0649612
10.8833			-0.064856
10.9167			-0.0647515
10.95			-0.0646477
10.9833			-0.0645444
11.0167			-0.0644419
11.05			-0.0643399
11.0833			-0.0642386
11.1167			-0.0641379
11.15			-0.0640378
11.1833			-0.0639383
11.2167			-0.0638394
11.25			-0.0637411
11.2833			-0.0636434
11.3167			-0.0635463
11.35			-0.0634497
11.3833			-0.0633538
11.4167			-0.0632584
11.45			-0.0631635
11.4833			-0.0630693
11.5167			-0.0629755
11.55			-0.0628824
11.5833			-0.0627897
11.6167			-0.0626977
11.65			-0.0626061
11.6833			-0.0625151
11.7167			-0.0624246
11.75			-0.0623346
11.7833			-0.0622452
11.8167			-0.0621562
11.85			-0.0620678
11.8833			-0.0619798
11.9167			-0.0618924
11.95			-0.0618055
11.9833			-0.061719
12.0167			-0.0616331
12.05			-0.0615476
12.0833			-0.0614626
12.1167			-0.0613781
12.15			-0.061294
12.1833			-0.0612104
12.2167			-0.0611273
12.25			-0.0610446
12.2833			-0.0609624
12.3167			-0.0608807
12.35			-0.0607994
12.3833			-0.0607185
12.4167			-0.0606381
12.45			-0.0605581
12.4833			-0.0604785
12.5167			-0.0603994
12.55			-0.0603207
12.5833			-0.0602424
12.6167			-0.0601646
12.65			-0.0600871
12.6833			-0.0600101
12.7167			-0.0599335
12.75			-0.0598573
12.7833			-0.0597815
12.8167			-0.0597061
12.85			-0.0596311
12.8833			-0.0595565
12.9167			-0.0594822
12.95			-0.0594084
12.9833			-0.059335
13.0167			-0.0592619
13.05			-0.0591892
13.0833			-0.0591169
13.1167			-0.0590449
13.15			-0.0589734
13.1833			-0.0589022
13.2167			-0.0588313
13.25			-0.0587608
13.2833			-0.0586907
13.3167			-0.0586209
13.35			-0.0585515
13.3833			-0.0584825
13.4167			-0.0584138
13.45			-0.0583454
13.4833			-0.0582774
13.5167			-0.0582097
13.55			-0.0581423
13.5833			-0.0580753
13.6167			-0.0580086
13.65			-0.0579423
13.6833			-0.0578763
13.7167			-0.0578106
13.75			-0.0577452
13.7833			-0.0576802
13.8167			-0.0576154
13.85			-0.057551
13.8833			-0.0574869
13.9167			-0.0574231
13.95			-0.0573596
13.9833			-0.0572964
14.0167			-0.0572336
14.05			-0.057171
14.0833			-0.0571087
14.1167			-0.0570468
14.15			-0.0569851
14.1833			-0.0569237
14.2167			-0.0568626
14.25			-0.0568018
14.2833			-0.0567413
14.3167			-0.0566811
14.35			-0.0566211
14.3833			-0.0565615
14.4167			-0.0565021
14.45			-0.056443
14.4833			-0.0563841
14.5167			-0.0563256
14.55			-0.0562673
14.5833			-0.0562093
14.6167			-0.0561515
14.65			-0.0560941
14.6833			-0.0560368
14.7167			-0.0559799
14.75			-0.0559232
14.7833			-0.0558668
14.8167			-0.0558106
14.85			-0.0557547
14.8833			-0.055699
14.9167			-0.0556436
14.95			-0.0555884
14.9833			-0.0555335
15.0167			-0.0554788
15.05			-0.0554244
15.0833			-0.0553702
15.1167			-0.0553163
15.15			-0.0552626
15.1833			-0.0552091
15.2167			-0.0551559
15.25			-0.0551029
15.2833			-0.0550502
15.3167			-0.0549977
15.35			-0.0549454
15.3833			-0.0548933
15.4167			-0.0548415
15.45			-0.0547899
15.4833			-0.0547385
15.5167			-0.0546874
15.55			-0.0546364
15.5833			-0.0545857
15.6167			-0.0545352
15.65			-0.0544849
15.6833			-0.0544349
15.7167			-0.054385
15.75			-0.0543354
15.7833			-0.054286
15.8167			-0.0542368
15.85			-0.0541878
15.8833			-0.054139
15.9167			-0.0540904
15.95			-0.054042
15.9833			-0.0539939
16.0167			-0.0539459
16.05			-0.0538981
16.0833			-0.0538506
16.1167			-0.0538032
16.15			-0.053756
16.1833			-0.0537091
16.2167			-0.0536623
16.25			-0.0536157
16.2833			-0.0535693
16.3167			-0.0535231
16.35			-0.0534771
16.3833			-0.0534313
16.4167			-0.0533856
16.45			-0.0533402
16.4833			-0.0532949
16.5167			-0.0532499
16.55			-0.053205
16.5833			-0.0531603
16.6167			-0.0531158
16.65			-0.0530714
16.6833			-0.0530272
16.7167			-0.0529833
16.75			-0.0529395
16.7833			-0.0528958
16.8167			-0.0528524
16.85			-0.0528091
16.8833			-0.052766
16.9167			-0.052723
16.95			-0.0526803
16.9833			-0.0526377
17.0167			-0.0525952
17.05			-0.052553
17.0833			-0.0525109
17.1167			-0.0524689
17.15			-0.0524272
17.1833			-0.0523856
17.2167			-0.0523441
17.25			-0.0523029
17.2833			-0.0522618
17.3167			-0.0522208
17.35			-0.05218
17.3833			-0.0521394
17.4167			-0.0520989
17.45			-0.0520586
17.4833			-0.0520184
17.5167			-0.0519784
17.55			-0.0519385
17.5833			-0.0518988
17.6167			-0.0518593
17.65			-0.0518199
17.6833			-0.0517806
17.7167			-0.0517415
17.75			-0.0517026
17.7833			-0.0516638
17.8167			-0.0516251
17.85			-0.0515866
17.8833			-0.0515482
17.9167			-0.05151
17.95			-0.0514719
17.9833			-0.051434
18.0167			-0.0513962
18.05			-0.0513585
18.0833			-0.051321
18.1167			-0.0512836
18.15			-0.0512464
18.1833			-0.0512093
18.2167			-0.0511723
18.25			-0.0511355
18.2833			-0.0510988
18.3167			-0.0510623
18.35			-0.0510258
18.3833			-0.0509896
18.4167			-0.0509534
18.45			-0.0509174
18.4833			-0.0508815
18.5167			-0.0508457
18.55			-0.0508101
18.5833			-0.0507746
18.6167			-0.0507392
18.65			-0.050704
18.6833			-0.0506689
18.7167			-0.0506339
18.75			-0.050599
18.7833			-0.0505643
18.8167			-0.0505297
18.85			-0.0504952
18.8833			-0.0504608
18.9167			-0.0504266
18.95			-0.0503925
18.9833			-0.0503585
19.0167			-0.0503246
19.05			-0.0502908
19.0833			-0.0502572
19.1167			-0.0502236
19.15			-0.0501902
19.1833			-0.0501569
19.2167			-0.0501238
19.25			-0.0500907
19.2833			-0.0500578
19.3167			-0.050025
19.35			-0.0499922
19.3833			-0.0499596
19.4167			-0.0499272
19.45			-0.0498948
19.4833			-0.0498625
19.5167			-0.0498304
19.55			-0.0497983
19.5833			-0.0497664
19.6167			-0.0497346
19.65			-0.0497029
19.6833			-0.0496713
19.7167			-0.0496398
19.75			-0.0496084
19.7833			-0.0495771
19.8167			-0.049546
19.85			-0.0495149
19.8833			-0.0494839
19.9167			-0.0494531
19.95			-0.0494223
19.9833			-0.0493917
20.0167			-0.0493611
20.05			-0.0493307
20.0833			-0.0493004
20.1167			-0.0492701
20.15			-0.04924
20.1833			-0.0492099
20.2167			-0.04918
20.25			-0.0491502
20.2833			-0.0491204
20.3167			-0.0490908
20.35			-0.0490613
20.3833			-0.0490318
20.4167			-0.0490025
20.45			-0.0489732
20.4833			-0.0489441
20.5167			-0.048915
20.55			-0.048886
20.5833			-0.0488572
20.6167			-0.0488284
20.65			-0.0487997
20.6833			-0.0487711
20.7167			-0.0487426
20.75			-0.0487142
20.7833			-0.0486859
20.8167			-0.0486577
20.85			-0.0486296
20.8833			-0.0486015
20.9167			-0.0485736
20.95			-0.0485457
20.9833			-0.048518
21.0167			-0.0484903
21.05			-0.0484627
21.0833			-0.0484352
21.1167			-0.0484078
21.15			-0.0483805
21.1833			-0.0483532
21.2167			-0.0483261
21.25			-0.048299
21.2833			-0.048272
21.3167			-0.0482451
21.35			-0.0482183
21.3833			-0.0481916
21.4167			-0.048165
21.45			-0.0481384
21.4833			-0.0481119
21.5167			-0.0480855
21.55			-0.0480592
21.5833			-0.048033
21.6167			-0.0480068
21.65			-0.0479808
21.6833			-0.0479548
21.7167			-0.0479289
21.75			-0.0479031
21.7833			-0.0478773
21.8167			-0.0478517
21.85			-0.0478261
21.8833			-0.0478006
21.9167			-0.0477751
21.95			-0.0477498
21.9833			-0.0477245
22.0167			-0.0476993
22.05			-0.0476742
22.0833			-0.0476492
22.1167			-0.0476242
22.15			-0.0475993
22.1833			-0.0475745
22.2167			-0.0475498
22.25			-0.0475251
22.2833			-0.0475005
22.3167			-0.047476
22.35			-0.0474515
22.3833			-0.0474272
22.4167			-0.0474029
22.45			-0.0473787
22.4833			-0.0473545
22.5167			-0.0473304
22.55			-0.0473064
22.5833			-0.0472825
22.6167			-0.0472586
22.65			-0.0472348
22.6833			-0.0472111
22.7167			-0.0471875
22.75			-0.0471639
22.7833			-0.0471404
22.8167			-0.0471169
22.85			-0.0470936
22.8833			-0.0470702
22.9167			-0.047047
22.95			-0.0470238
22.9833			-0.0470007
23.0167			-0.0469777
23.05			-0.0469547
23.0833			-0.0469318
23.1167			-0.046909
23.15			-0.0468862
23.1833			-0.0468635
23.2167			-0.0468409
23.25			-0.0468183
23.2833			-0.0467958
23.3167			-0.0467734
23.35			-0.046751
23.3833			-0.0467287
23.4167			-0.0467065
23.45			-0.0466843
23.4833			-0.0466622
23.5167			-0.0466401
23.55			-0.0466181
23.5833			-0.0465962
23.6167			-0.0465743
23.65			-0.0465525
23.6833			-0.0465308
23.7167			-0.0465091
23.75			-0.0464875
23.7833			-0.0464659
23.8167			-0.0464444
23.85			-0.046423
23.8833			-0.0464016
23.9167			-0.0463803
23.95			-0.0463591
23.9833			-0.0463379
24.0167			-0.0463167
24.05			-0.0462956
24.0833			-0.0462746
24.1167			-0.0462537
24.15			-0.0462328
24.1833			-0.0462119
24.2167			-0.0461911
24.25			-0.0461704
24.2833			-0.0461497
24.3167			-0.0461291
24.35			-0.0461086
24.3833			-0.0460881
24.4167			-0.0460676
24.45			-0.0460472
24.4833			-0.0460269
24.5167			-0.0460066
24.55			-0.0459864
24.5833			-0.0459662
24.6167			-0.0459461
24.65			-0.0459261
24.6833			-0.0459061
24.7167			-0.0458861
24.75			-0.0458662
24.7833			-0.0458464
24.8167			-0.0458266
24.85			-0.0458069
24.8833			-0.0457872
24.9167			-0.0457676
24.95			-0.045748
24.9833			-0.0457285
25.0167			-0.045709
25.05			-0.0456896
25.0833			-0.0456703
25.1167			-0.0456509
25.15			-0.0456317
25.1833			-0.0456125
25.2167			-0.0455933
25.25			-0.0455742
25.2833			-0.0455552
25.3167			-0.0455362
25.35			-0.0455172
25.3833			-0.0454983
25.4167			-0.0454795
25.45			-0.0454606
25.4833			-0.0454419
25.5167			-0.0454232
25.55			-0.0454045
25.5833			-0.0453859
25.6167			-0.0453674
25.65			-0.0453489
25.6833			-0.0453304
25.7167			-0.045312
25.75			-0.0452936
25.7833			-0.0452753
25.8167			-0.045257
25.85			-0.0452388
25.8833			-0.0452207
25.9167			-0.0452025
25.95			-0.0451845
25.9833			-0.0451664
26.0167			-0.0451484
26.05			-0.0451305
26.0833			-0.0451126
26.1167			-0.0450948
26.15			-0.045077
26.1833			-0.0450592
26.2167			-0.0450415
26.25			-0.0450238
26.2833			-0.0450062
26.3167			-0.0449886
26.35			-0.0449711
26.3833			-0.0449536
26.4167			-0.0449362
26.45			-0.0449188
26.4833			-0.0449014
26.5167			-0.0448841
26.55			-0.0448669
26.5833			-0.0448496
26.6167			-0.0448325
26.65			-0.0448153
26.6833			-0.0447982
26.7167			-0.0447812
26.75			-0.0447642
26.7833			-0.0447472
26.8167			-0.0447303
26.85			-0.0447134
26.8833			-0.0446966
26.9167			-0.0446798
26.95			-0.0446631
26.9833			-0.0446463
27.0167			-0.0446297
27.05			-0.044613
27.0833			-0.0445965
27.1167			-0.0445799
27.15			-0.0445634
27.1833			-0.044547
27.2167			-0.0445305
27.25			-0.0445142
27.2833			-0.0444978
27.3167			-0.0444815
27.35			-0.0444653
27.3833			-0.044449
27.4167			-0.0444329
27.45			-0.0444167
27.4833			-0.0444006
27.5167			-0.0443845
27.55			-0.0443685
27.5833			-0.0443525
27.6167			-0.0443366
27.65			-0.0443207
27.6833			-0.0443048
27.7167			-0.044289
27.75			-0.0442732
27.7833			-0.0442574
27.8167			-0.0442417
27.85			-0.0442261
27.8833			-0.0442104
27.9167			-0.0441948
27.95			-0.0441793
27.9833			-0.0441637
28.0167			-0.0441482
28.05			-0.0441328
28.0833			-0.0441174
28.1167			-0.044102
28.15			-0.0440866
28.1833			-0.0440713
28.2167			-0.0440561
28.25			-0.0440408
28.2833			-0.0440256
28.3167			-0.0440105
28.35			-0.0439954
28.3833			-0.0439803
28.4167			-0.0439652
28.45			-0.0439502
28.4833			-0.0439352
28.5167			-0.0439203
28.55			-0.0439054
28.5833			-0.0438905
28.6167			-0.0438756
28.65			-0.0438608
28.6833			-0.0438461
28.7167			-0.0438313
28.75			-0.0438166
28.7833			-0.043802
28.8167			-0.0437873
28.85			-0.0437727
28.8833			-0.0437582
28.9167			-0.0437436
28.95			-0.0437291
28.9833			-0.0437147
29.0167			-0.0437002
29.05			-0.0436858
29.0833			-0.0436715
29.1167			-0.0436571
29.15			-0.0436428
29.1833			-0.0436286
29.2167			-0.0436143
29.25			-0.0436001
29.2833			-0.043586
29.3167			-0.0435718
29.35			-0.0435577
29.3833			-0.0435437
29.4167			-0.0435296
29.45			-0.0435156
29.4833			-0.0435016
29.5167			-0.0434877
29.55			-0.0434738
29.5833			-0.0434599
29.6167			-0.0434461
29.65			-0.0434322
29.6833			-0.0434185
29.7167			-0.0434047
29.75			-0.043391
29.7833			-0.0433773
29.8167			-0.0433636
29.85			-0.04335
29.8833			-0.0433364
29.9167			-0.0433228
29.95			-0.0433093
29.9833			-0.0432958
30.0167			-0.0432823
30.05			-0.0432688
30.0833			-0.0432554
30.1167			-0.043242
30.15			-0.0432287
30.1833			-0.0432153
30.2167			-0.043202
30.25			-0.0431888
30.2833			-0.0431755
30.3167			-0.0431623
30.35			-0.0431491
30.3833			-0.043136
30.4167			-0.0431229
30.45			-0.0431098
30.4833			-0.0430967
30.5167			-0.0430837
30.55			-0.0430707
30.5833			-0.0430577
30.6167			-0.0430447
30.65			-0.0430318
30.6833			-0.0430189
30.7167			-0.043006
30.75			-0.0429932
30.7833			-0.0429804
30.8167			-0.0429676
30.85			-0.0429549
30.8833			-0.0429421
30.9167			-0.0429294
30.95			-0.0429168
30.9833			-0.0429041
31.0167			-0.0428915
31.05			-0.0428789
31.0833			-0.0428663
31.1167			-0.0428538
31.15			-0.0428413
31.1833			-0.0428288
31.2167			-0.0428164
31.25			-0.0428039
31.2833			-0.0427915
31.3167			-0.0427792
31.35			-0.0427668
31.3833			-0.0427545
31.4167			-0.0427422
31.45			-0.0427299
31.4833			-0.0427177
31.5167			-0.0427055
31.55			-0.0426933
31.5833			-0.0426811
31.6167			-0.042669
31.65			-0.0426569
31.6833			-0.0426448
31.7167			-0.0426327
31.75			-0.0426207
31.7833			-0.0426087
31.8167			-0.0425967
31.85			-0.0425847
31.8833			-0.0425728
31.9167			-0.0425609
31.95			-0.042549
31.9833			-0.0425371
32.0167			-0.0425253
32.05			-0.0425135
32.0833			-0.0425017
32.1167			-0.0424899
32.15			-0.0424782
32.1833			-0.0424665
32.2167			-0.0424548
32.25			-0.0424431
32.2833			-0.0424315
32.3167			-0.0424199
32.35			-0.0424083
32.3833			-0.0423967
32.4167			-0.0423852
32.45			-0.0423736
32.4833			-0.0423621
32.5167			-0.0423507
32.55			-0.0423392
32.5833			-0.0423278
32.6167			-0.0423164
32.65			-0.042305
32.6833			-0.0422937
32.7167			-0.0422823
32.75			-0.042271
32.7833			-0.0422597
32.8167			-0.0422485
32.85			-0.0422372
32.8833			-0.042226
32.9167			-0.0422148
32.95			-0.0422037
32.9833			-0.0421925
33.0167			-0.0421814
33.05			-0.0421703
33.0833			-0.0421592
33.1167			-0.0421482
33.15			-0.0421371
33.1833			-0.0421261
33.2167			-0.0421151
33.25			-0.0421042
33.2833			-0.0420932
33.3167			-0.0420823
33.35			-0.0420714
33.3833			-0.0420605
33.4167			-0.0420496
33.45			-0.0420388
33.4833			-0.042028
33.5167			-0.0420172
33.55			-0.0420064
33.5833			-0.0419957
33.6167			-0.041985
33.65			-0.0419742
33.6833			-0.0419636
33.7167			-0.0419529
33.75			-0.0419423
33.7833			-0.0419316
33.8167			-0.041921
33.85			-0.0419105
33.8833			-0.0418999
33.9167			-0.0418894
33.95			-0.0418788
33.9833			-0.0418683
34.0167			-0.0418579
34.05			-0.0418474
34.0833			-0.041837
34.1167			-0.0418266
34.15			-0.0418162
34.1833			-0.0418058
34.2167			-0.0417954
34.25			-0.0417851
34.2833			-0.0417748
34.3167			-0.0417645
34.35			-0.0417542
34.3833			-0.041744
34.4167			-0.0417338
34.45			-0.0417235
34.4833			-0.0417133
34.5167			-0.0417032
34.55			-0.041693
34.5833			-0.0416829
34.6167			-0.0416728
34.65			-0.0416627
34.6833			-0.0416526
34.7167			-0.0416426
34.75			-0.0416325
34.7833			-0.0416225
34.8167			-0.0416125
34.85			-0.0416025
34.8833			-0.0415926
34.9167			-0.0415826
34.95			-0.0415727
34.9833			-0.0415628
35.0167			-0.0415529
35.05			-0.0415431
35.0833			-0.0415332
35.1167			-0.0415234
35.15			-0.0415136
35.1833			-0.0415038
35.2167			-0.041494
35.25			-0.0414843
35.2833			-0.0414746
35.3167			-0.0414648
35.35			-0.0414551
35.3833			-0.0414455
35.4167			-0.0414358
35.45			-0.0414262
35.4833			-0.0414165
35.5167			-0.0414069
35.55			-0.0413974
35.5833			-0.0413878
35.6167			-0.0413782
35.65			-0.0413687
35.6833			-0.0413592
35.7167			-0.0413497
35.75			-0.0413402
35.7833			-0.0413308
35.8167			-0.0413213
35.85			-0.0413119
35.8833			-0.0413025
35.9167			-0.0412931
35.95			-0.0412837
35.9833			-0.0412744
36.0167			-0.041265
36.05			-0.0412557
36.0833			-0.0412464
36.1167			-0.0412371
36.15			-0.0412279
36.1833			-0.0412186
36.2167			-0.0412094
36.25			-0.0412002
36.2833			-0.041191
36.3167			-0.0411818
36.35			-0.0411726
36.3833			-0.0411635
36.4167			-0.0411543
36.45			-0.0411452
36.4833			-0.0411361
36.5167			-0.041127
36.55			-0.041118
36.5833			-0.0411089
36.6167			-0.0410999
36.65			-0.0410909
36.6833			-0.0410819
36.7167			-0.0410729
36.75			-0.0410639
36.7833			-0.041055
36.8167			-0.041046
36.85			-0.0410371
36.8833			-0.0410282
36.9167			-0.0410193
36.95			-0.0410105
36.9833			-0.0410016
37.0167			-0.0409928
37.05			-0.040984
37.0833			-0.0409752
37.1167			-0.0409664
37.15			-0.0409576
37.1833			-0.0409488
37.2167			-0.0409401
37.25			-0.0409314
37.2833			-0.0409227
37.3167			-0.040914
37.35			-0.0409053
37.3833			-0.0408966
37.4167			-0.040888
37.45			-0.0408794
37.4833			-0.0408707
37.5167			-0.0408621
37.55			-0.0408536
37.5833			-0.040845
37.6167			-0.0408364
37.65			-0.0408279
37.6833			-0.0408194
37.7167			-0.0408109
37.75			-0.0408024
37.7833			-0.0407939
37.8167			-0.0407854
37.85			-0.040777
37.8833			-0.0407685
37.9167			-0.0407601
37.95			-0.0407517
37.9833			-0.0407433
38.0167			-0.0407349
38.05			-0.0407266
38.0833			-0.0407182
38.1167			-0.0407099
38.15			-0.0407016
38.1833			-0.0406933
38.2167			-0.040685
38.25			-0.0406767
38.2833			-0.0406685
38.3167			-0.0406602
38.35			-0.040652
38.3833			-0.0406438
38.4167			-0.0406356
38.45			-0.0406274
38.4833			-0.0406192
38.5167			-0.0406111
38.55			-0.0406029
38.5833			-0.0405948
38.6167			-0.0405867
38.65			-0.0405786
38.6833			-0.0405705
38.7167			-0.0405624
38.75			-0.0405544
38.7833			-0.0405463
38.8167			-0.0405383
38.85			-0.0405303
38.8833			-0.0405223
38.9167			-0.0405143
38.95			-0.0405063
38.9833			-0.0404983
39.0167			-0.0404904
39.05			-0.0404825
39.0833			-0.0404745
39.1167			-0.0404666
39.15			-0.0404587
39.1833			-0.0404509
39.2167			-0.040443
39.25			-0.0404351
39.2833			-0.0404273
39.3167			-0.0404195
39.35			-0.0404117
39.3833			-0.0404039
39.4167			-0.0403961
39.45			-0.0403883
39.4833			-0.0403805
39.5167			-0.0403728
39.55			-0.0403651
39.5833			-0.0403573
39.6167			-0.0403496
39.65			-0.0403419
39.6833			-0.0403343
39.7167			-0.0403266
39.75			-0.0403189
39.7833			-0.0403113
39.8167			-0.0403037
39.85			-0.040296
39.8833			-0.0402884
39.9167			-0.0402808
39.95			-0.0402733
39.9833			-0.0402657
40.0167			-0.0402581
40.05			-0.0402506
40.0833			-0.0402431
40.1167			-0.0402356
40.15			-0.0402281
40.1833			-0.0402206
40.2167			-0.0402131
40.25			-0.0402056
40.2833			-0.0401982
40.3167			-0.0401907
40.35			-0.0401833
40.3833			-0.0401759
40.4167			-0.0401685
40.45			-0.0401611
40.4833			-0.0401537
40.5167			-0.0401463
40.55			-0.040139
40.5833			-0.0401316
40.6167			-0.0401243
40.65			-0.040117
40.6833			-0.0401097
40.7167			-0.0401024
40.75			-0.0400951
40.7833			-0.0400878
40.8167			-0.0400806
40.85			-0.0400733
40.8833			-0.0400661
40.9167			-0.0400589
40.95			-0.0400517
40.9833			-0.0400445
41.0167			-0.0400373
41.05			-0.0400301
41.0833			-0.0400229
41.1167			-0.0400158
41.15			-0.0400086
41.1833			-0.0400015
41.2167			-0.0399944
41.25			-0.0399873
41.2833			-0.0399802
41.3167			-0.0399731
41.35			-0.039966
41.3833			-0.039959
41.4167			-0.0399519
41.45			-0.0399449
41.4833			-0.0399379
41.5167			-0.0399308
41.55			-0.0399238
41.5833			-0.0399169
41.6167			-0.0399099
41.65			-0.0399029
41.6833			-0.0398959
41.7167			-0.039889
41.75			-0.0398821
41.7833			-0.0398751
41.8167			-0.0398682
41.85			-0.0398613
41.8833			-0.0398544
41.9167			-0.0398475
41.95			-0.0398407
41.9833			-0.0398338
42.0167			-0.039827
42.05			-0.0398201
42.0833			-0.0398133
42.1167			-0.0398065
42.15			-0.0397997
42.1833			-0.0397929
42.2167			-0.0397861
42.25			-0.0397793
42.2833			-0.0397726
42.3167			-0.0397658
42.35			-0.0397591
42.3833			-0.0397524
42.4167			-0.0397456
42.45			-0.0397389
42.4833			-0.0397322
42.5167			-0.0397256
42.55			-0.0397189
42.5833			-0.0397122
42.6167			-0.0397056
42.65			-0.0396989
42.6833			-0.0396923
42.7167			-0.0396857
42.75			-0.039679
42.7833			-0.0396724
42.8167			-0.0396658
42.85			-0.0396593
42.8833			-0.0396527
42.9167			-0.0396461
42.95			-0.0396396
42.9833			-0.039633
43.0167			-0.0396265
43.05			-0.03962
43.0833			-0.0396135
43.1167			-0.039607
43.15			-0.0396005
43.1833			-0.039594
43.2167			-0.0395875
43.25			-0.0395811
43.2833			-0.0395746
43.3167			-0.0395682
43.35			-0.0395617
43.3833			-0.0395553
43.4167			-0.0395489
43.45			-0.0395425
43.4833			-0.0395361
43.5167			-0.0395297
43.55			-0.0395234
43.5833			-0.039517
43.6167			-0.0395107
43.65			-0.0395043
43.6833			-0.039498
43.7167			-0.0394917
43.75			-0.0394853
43.7833			-0.039479
43.8167			-0.0394727
43.85			-0.0394665
43.8833			-0.0394602
43.9167			-0.0394539
43.95			-0.0394477
43.9833			-0.0394414
44.0167			-0.0394352
44.05			-0.039429
44.0833			-0.0394227
44.1167			-0.0394165
44.15			-0.0394103
44.1833			-0.0394042
44.2167			-0.039398
44.25			-0.0393918
44.2833			-0.0393856
44.3167			-0.0393795
44.35			-0.0393733
44.3833			-0.0393672
44.4167			-0.0393611
44.45			-0.039355
44.4833			-0.0393489
44.5167			-0.0393428
44.55			-0.0393367
44.5833			-0.0393306
44.6167			-0.0393245
44.65			-0.0393185
44.6833			-0.0393124
44.7167			-0.0393064
44.75			-0.0393004
44.7833			-0.0392943
44.8167			-0.0392883
44.85			-0.0392823
44.8833			-0.0392763
44.9167			-0.0392703
44.95			-0.0392643
44.9833			-0.0392584
45.0167			-0.0392524
45.05			-0.0392465
45.0833			-0.0392405
45.1167			-0.0392346
45.15			-0.0392287
45.1833			-0.0392227
45.2167			-0.0392168
45.25			-0.0392109
45.2833			-0.039205
45.3167			-0.0391992
45.35			-0.0391933
45.3833			-0.0391874
45.4167			-0.0391816
45.45			-0.0391757
45.4833			-0.0391699
45.5167			-0.0391641
45.55			-0.0391582
45.5833			-0.0391524
45.6167			-0.0391466
45.65			-0.0391408
45.6833			-0.039135
45.7167			-0.0391293
45.75			-0.0391235
45.7833			-0.0391177
45.8167			-0.039112
45.85			-0.0391062
45.8833			-0.0391005
45.9167			-0.0390948
45.95			-0.039089
45.9833			-0.0390833
46.0167			-0.0390776
46.05			-0.0390719
46.0833			-0.0390662
46.1167			-0.0390606
46.15			-0.0390549
46.1833			-0.0390492
46.2167			-0.0390436
46.25			-0.0390379
46.2833			-0.0390323
46.3167			-0.0390267
46.35			-0.0390211
46.3833			-0.0390154
46.4167			-0.0390098
46.45			-0.0390042
46.4833			-0.0389986
46.5167			-0.0389931
46.55			-0.0389875
46.5833			-0.0389819
46.6167			-0.0389764
46.65			-0.0389708
46.6833			-0.0389653
46.7167			-0.0389598
46.75			-0.0389542
46.7833			-0.0389487
46.8167			-0.0389432
46.85			-0.0389377
46.8833			-0.0389322
46.9167			-0.0389267
46.95			-0.0389212
46.9833			-0.0389158
47.0167			-0.0389103
47.05			-0.0389049
47.0833			-0.0388994
47.1167			-0.038894
47.15			-0.0388885
47.1833			-0.0388831
47.2167			-0.0388777
47.25			-0.0388723
47.2833			-0.0388669
47.3167			-0.0388615
47.35			-0.0388561
47.3833			-0.0388507
47.4167			-0.0388454
47.45			-0.03884
47.4833			-0.0388347
47.5167			-0.0388293
47.55			-0.038824
47.5833			-0.0388186
47.6167			-0.0388133
47.65			-0.038808
47.6833			-0.0388027
47.7167			-0.0387974
47.75			-0.0387921
47.7833			-0.0387868
47.8167			-0.0387815
47.85			-0.0387763
47.8833			-0.038771
47.9167			-0.0387657
47.95			-0.0387605
47.9833			-0.0387552
48.0167			-0.03875
48.05			-0.0387448
48.0833			-0.0387396
48.1167			-0.0387343
48.15			-0.0387291
48.1833			-0.0387239
48.2167			-0.0387187
48.25			-0.0387136
48.2833			-0.0387084
48.3167			-0.0387032
48.35			-0.038698
48.3833			-0.0386929
48.4167			-0.0386877
48.45			-0.0386826
48.4833			-0.0386775
48.5167			-0.0386723
48.55			-0.0386672
48.5833			-0.0386621
48.6167			-0.038657
48.65			-0.0386519
48.6833			-0.0386468
48.7167			-0.0386417
48.75			-0.0386366
48.7833			-0.0386316
48.8167			-0.0386265
48.85			-0.0386214
48.8833			-0.0386164
48.9167			-0.0386113
48.95			-0.0386063
48.9833			-0.0386013
49.0167			-0.0385963
49.05			-0.0385912
49.0833			-0.0385862
49.1167			-0.0385812
49.15			-0.0385762
49.1833			-0.0385712
49.2167			-0.0385663
49.25			-0.0385613
49.2833			-0.0385563
49.3167			-0.0385514
49.35			-0.0385464
49.3833			-0.0385415
49.4167			-0.0385365
49.45			-0.0385316
49.4833			-0.0385266
49.5167			-0.0385217
49.55			-0.0385168
49.5833			-0.0385119
49.6167			-0.038507
49.65			-0.0385021
49.6833			-0.0384972
49.7167			-0.0384923
49.75			-0.0384875
49.7833			-0.0384826
49.8167			-0.0384777
49.85			-0.0384729
49.8833			-0.038468
49.9167			-0.0384632
49.95			-0.0384583
49.9833			-0.0384535
50.0167			-0.0384487
50.05			-0.0384439
50.0833			-0.0384391
50.1167			-0.0384343
50.15			-0.0384295
50.1833			-0.0384247
50.2167			-0.0384199
50.25			-0.0384151
50.2833			-0.0384103
50.3167			-0.0384056
50.35			-0.0384008
50.3833			-0.0383961
50.4167			-0.0383913
50.45			-0.0383866
50.4833			-0.0383818
50.5167			-0.0383771
50.55			-0.0383724
50.5833			-0.0383677
50.6167			-0.038363
50.65			-0.0383583
50.6833			-0.0383536
50.7167			-0.0383489
50.75			-0.0383442
50.7833			-0.0383395
50.8167			-0.0383348
50.85			-0.0383302
50.8833			-0.0383255
50.9167			-0.0383209
50.95			-0.0383162
50.9833			-0.0383116
51.0167			-0.0383069
51.05			-0.0383023
51.0833			-0.0382977
51.1167			-0.0382931
51.15			-0.0382885
51.1833			-0.0382839
51.2167			-0.0382793
51.25			-0.0382747
51.2833			-0.0382701
51.3167			-0.0382655
51.35			-0.0382609
51.3833			-0.0382563
51.4167			-0.0382518
51.45			-0.0382472
51.4833			-0.0382427
51.5167			-0.0382381
51.55			-0.0382336
51.5833			-0.0382291
51.6167			-0.0382245
51.65			-0.03822
51.6833			-0.0382155
51.7167			-0.038211
51.75			-0.0382065
51.7833			-0.038202
51.8167			-0.0381975
51.85			-0.038193
51.8833			-0.0381885
51.9167			-0.038184
51.95			-0.0381796
51.9833			-0.0381751
52.0167			-0.0381707
52.05			-0.0381662
52.0833			-0.0381618
52.1167			-0.0381573
52.15			-0.0381529
52.1833			-0.0381485
52.2167			-0.038144
52.25			-0.0381396
52.2833			-0.0381352
52.3167			-0.0381308
52.35			-0.0381264
52.3833			-0.038122
52.4167			-0.0381176
52.45			-0.0381132
52.4833			-0.0381088
52.5167			-0.0381045
52.55			-0.0381001
52.5833			-0.0380957
52.6167			-0.0380914
52.65			-0.038087
52.6833			-0.0380827
52.7167			-0.0380783
52.75			-0.038074
52.7833			-0.0380697
52.8167			-0.0380654
52.85			-0.038061
52.8833			-0.0380567
52.9167			-0.0380524
52.95			-0.0380481
52.9833			-0.0380438
53.0167			-0.0380395
53.05			-0.0380353
53.0833			-0.038031
53.1167			-0.0380267
53.15			-0.0380224
53.1833			-0.0380182
53.2167			-0.0380139
53.25			-0.0380097
53.2833			-0.0380054
53.3167			-0.0380012
53.35			-0.0379969
53.3833			-0.0379927
53.4167			-0.0379885
53.45			-0.0379843
53.4833			-0.03798
53.5167			-0.0379758
53.55			-0.0379716
53.5833			-0.0379674
53.6167			-0.0379632
53.65			-0.037959
53.6833			-0.0379549
53.7167			-0.0379507
53.75			-0.0379465
53.7833			-0.0379423
53.8167			-0.0379382
53.85			-0.037934
53.8833			-0.0379299
53.9167			-0.0379257
53.95			-0.0379216
53.9833			-0.0379174
54.0167			-0.0379133
54.05			-0.0379092
54.0833			-0.037905
54.1167			-0.0379009
54.15			-0.0378968
54.1833			-0.0378927
54.2167			-0.0378886
54.25			-0.0378845
54.2833			-0.0378804
54.3167			-0.0378763
54.35			-0.0378723
54.3833			-0.0378682
54.4167			-0.0378641
54.45			-0.03786
54.4833			-0.037856
54.5167			-0.0378519
54.55			-0.0378479
54.5833			-0.0378438
54.6167			-0.0378398
54.65			-0.0378357
54.6833			-0.0378317
54.7167			-0.0378277
54.75			-0.0378237
54.7833			-0.0378196
54.8167			-0.0378156
54.85			-0.0378116
54.8833			-0.0378076
54.9167			-0.0378036
54.95			-0.0377996
54.9833			-0.0377956
55.0167			-0.0377917
55.05			-0.0377877
55.0833			-0.0377837
55.1167			-0.0377797
55.15			-0.0377758
55.1833			-0.0377718
55.2167			-0.0377679
55.25			-0.0377639
55.2833			-0.03776
55.3167			-0.037756
55.35			-0.0377521
55.3833			-0.0377482
55.4167			-0.0377442
55.45			-0.0377403
55.4833			-0.0377364
55.5167			-0.0377325
55.55			-0.0377286
55.5833			-0.0377247
55.6167			-0.0377208
55.65			-0.0377169
55.6833			-0.037713
55.7167			-0.0377091
55.75			-0.0377053
55.7833			-0.0377014
55.8167			-0.0376975
55.85			-0.0376936
55.8833			-0.0376898
55.9167			-0.0376859
55.95			-0.0376821
55.9833			-0.0376782
56.0167			-0.0376744
56.05			-0.0376706
56.0833			-0.0376667
56.1167			-0.0376629
56.15			-0.0376591
56.1833			-0.0376553
56.2167			-0.0376514
56.25			-0.0376476
56.2833			-0.0376438
56.3167			-0.03764
56.35			-0.0376362
56.3833			-0.0376324
56.4167			-0.0376287
56.45			-0.0376249
56.4833			-0.0376211
56.5167			-0.0376173
56.55			-0.0376135
56.5833			-0.0376098
56.6167			-0.037606
56.65			-0.0376023
56.6833			-0.0375985
56.7167			-0.0375948
56.75			-0.037591
56.7833			-0.0375873
56.8167			-0.0375836
56.85			-0.0375798
56.8833			-0.0375761
56.9167			-0.0375724
56.95			-0.0375687
56.9833			-0.037565
57.0167			-0.0375612
57.05			-0.0375575
57.0833			-0.0375538
57.1167			-0.0375502
57.15			-0.0375465
57.1833			-0.0375428
57.2167			-0.0375391
57.25			-0.0375354
57.2833			-0.0375317
57.3167			-0.0375281
57.35			-0.0375244
57.3833			-0.0375208
57.4167			-0.0375171
57.45			-0.0375134
57.4833			-0.0375098
57.5167			-0.0375062
57.55			-0.0375025
57.5833			-0.0374989
57.6167			-0.0374953
57.65			-0.0374916
57.6833			-0.037488
57.7167			-0.0374844
57.75			-0.0374808
57.7833			-0.0374772
57.8167			-0.0374736
57.85			-0.03747
57.8833			-0.0374664
57.9167			-0.0374628
57.95			-0.0374592
57.9833			-0.0374556
58.0167			-0.037452
58.05			-0.0374484
58.0833			-0.0374449
58.1167			-0.0374413
58.15			-0.0374377
58.1833			-0.0374342
58.2167			-0.0374306
58.25			-0.0374271
58.2833			-0.0374235
58.3167			-0.03742
58.35			-0.0374164
58.3833			-0.0374129
58.4167			-0.0374094
58.45			-0.0374059
58.4833			-0.0374023
58.5167			-0.0373988
58.55			-0.0373953
58.5833			-0.0373918
58.6167			-0.0373883
58.65			-0.0373848
58.6833			-0.0373813
58.7167			-0.0373778
58.75			-0.0373743
58.7833			-0.0373708
58.8167			-0.0373673
58.85			-0.0373638
58.8833			-0.0373604
58.9167			-0.0373569
58.95			-0.0373534
58.9833			-0.03735
59.0167			-0.0373465
59.05			-0.0373431
59.0833			-0.0373396
59.1167			-0.0373362
59.15			-0.0373327
59.1833			-0.0373293
59.2167			-0.0373258
59.25			-0.0373224
59.2833			-0.037319
59.3167			-0.0373156
59.35			-0.0373121
59.3833			-0.0373087
59.4167			-0.0373053
59.45			-0.0373019
59.4833			-0.0372985
59.5167			-0.0372951
59.55			-0.0372917
59.5833			-0.0372883
59.6167			-0.0372849
59.65			-0.0372815
59.6833			-0.0372781
59.7167			-0.0372748
59.75			-0.0372714
59.7833			-0.037268
59.8167			-0.0372647
59.85			-0.0372613
59.8833			-0.0372579
59.9167			-0.0372546
59.95			-0.0372512
59.9833			-0.0372479
60.0167			-0.0372445
60.05			-0.0372412
60.0833			-0.0372379
60.1167			-0.0372345
60.15			-0.0372312
60.1833			-0.0372279
60.2167			-0.0372245
60.25			-0.0372212
60.2833			-0.0372179
60.3167			-0.0372146
60.35			-0.0372113
60.3833			-0.037208
60.4167			-0.0372047
60.45			-0.0372014
60.4833			-0.0371981
60.5167			-0.0371948
60.55			-0.0371915
60.5833			-0.0371882
60.6167			-0.037185
60.65			-0.0371817
60.6833			-0.0371784
60.7167			-0.0371752
60.75			-0.0371719
60.7833			-0.0371686
60.8167			-0.0371654
60.85			-0.0371621
60.8833			-0.0371589
60.9167			-0.0371556
60.95			-0.0371524
60.9833			-0.0371491
61.0167			-0.0371459
61.05			-0.0371427
61.0833			-0.0371394
61.1167			-0.0371362
61.15			-0.037133
61.1833			-0.0371298
61.2167			-0.0371266
61.25			-0.0371234
61.2833			-0.0371202
61.3167			-0.0371169
61.35			-0.0371137
61.3833			-0.0371106
61.4167			-0.0371074
61.45			-0.0371042
61.4833			-0.037101
61.5167			-0.0370978
61.55			-0.0370946
61.5833			-0.0370914
61.6167			-0.0370883
61.65			-0.0370851
61.6833			-0.0370819
61.7167			-0.0370788
61.75			-0.0370756
61.7833			-0.0370725
61.8167			-0.0370693
61.85			-0.0370662
61.8833			-0.037063
61.9167			-0.0370599
61.95			-0.0370567
61.9833			-0.0370536
62.0167			-0.0370505
62.05			-0.0370473
62.0833			-0.0370442
62.1167			-0.0370411
62.15			-0.037038
62.1833			-0.0370349
62.2167			-0.0370318
62.25			-0.0370286
62.2833			-0.0370255
62.3167			-0.0370224
62.35			-0.0370193
62.3833			-0.0370162
62.4167			-0.0370132
62.45			-0.0370101
62.4833			-0.037007
62.5167			-0.0370039
62.55			-0.0370008
62.5833			-0.0369978
62.6167			-0.0369947
62.65			-0.0369916
62.6833			-0.0369885
62.7167			-0.0369855
62.75			-0.0369824
62.7833			-0.0369794
62.8167			-0.0369763
62.85			-0.0369733
62.8833			-0.0369702
62.9167			-0.0369672
62.95			-0.0369641
62.9833			-0.0369611
63.0167			-0.0369581
63.05			-0.0369551
63.0833			-0.036952
63.1167			-0.036949
63.15			-0.036946
63.1833			-0.036943
63.2167			-0.03694
63.25			-0.0369369
63.2833			-0.0369339
63.3167			-0.0369309
63.35			-0.0369279
63.3833			-0.0369249
63.4167			-0.0369219
63.45			-0.036919
63.4833			-0.036916
63.5167			-0.036913
63.55			-0.03691
63.5833			-0.036907
63.6167			-0.036904
63.65			-0.0369011
63.6833			-0.0368981
63.7167			-0.0368951
63.75			-0.0368922
63.7833			-0.0368892
63.8167			-0.0368863
63.85			-0.0368833
63.8833			-0.0368804
63.9167			-0.0368774
63.95			-0.0368745
63.9833			-0.0368715
64.0167			-0.0368686
64.05			-0.0368656
64.0833			-0.0368627
64.1167			-0.0368598
64.15			-0.0368569
64.1833			-0.0368539
64.2167			-0.036851
64.25			-0.0368481
64.2833			-0.0368452
64.3167			-0.0368423
64.35			-0.0368394
64.3833			-0.0368365
64.4167			-0.0368336
64.45			-0.0368307
64.4833			-0.0368278
64.5167			-0.0368249
64.55			-0.036822
64.5833			-0.0368191
64.6167			-0.0368162
64.65			-0.0368133
64.6833			-0.0368105
64.7167			-0.0368076
64.75			-0.0368047
64.7833			-0.0368018
64.8167			-0.036799
64.85			-0.0367961
64.8833			-0.0367933
64.9167			-0.0367904
64.95			-0.0367875
64.9833			-0.0367847
65.0167			-0.0367819
65.05			-0.036779
65.0833			-0.0367762
65.1167			-0.0367733
65.15			-0.0367705
65.1833			-0.0367677
65.2167			-0.0367648
65.25			-0.036762
65.2833			-0.0367592
65.3167			-0.0367564
65.35			-0.0367535
65.3833			-0.0367507
65.4167			-0.0367479
65.45			-0.0367451
65.4833			-0.0367423
65.5167			-0.0367395
65.55			-0.0367367
65.5833			-0.0367339
65.6167			-0.0367311
65.65			-0.0367283
65.6833			-0.0367255
65.7167			-0.0367227
65.75			-0.0367199
65.7833			-0.0367171
65.8167			-0.0367144
65.85			-0.0367116
65.8833			-0.0367088
65.9167			-0.036706
65.95			-0.0367033
65.9833			-0.0367005
66.0167			-0.0366978
66.05			-0.036695
66.0833			-0.0366922
66.1167			-0.0366895
66.15			-0.0366867
66.1833			-0.036684
66.2167			-0.0366812
66.25			-0.0366785
66.2833			-0.0366758
66.3167			-0.036673
66.35			-0.0366703
66.3833			-0.0366676
66.4167			-0.0366648
66.45			-0.0366621
66.4833			-0.0366594
66.5167			-0.0366567
66.55			-0.0366539
66.5833			-0.0366512
66.6167			-0.0366485
66.65			-0.0366458
66.6833			-0.0366431
66.7167			-0.0366404
66.75			-0.0366377
66.7833			-0.036635
66.8167			-0.0366323
66.85			-0.0366296
66.8833			-0.0366269
66.9167			-0.0366242
66.95			-0.0366215
66.9833			-0.0366189
67.0167			-0.0366162
67.05			-0.0366135
67.0833			-0.0366108
67.1167			-0.0366082
67.15			-0.0366055
67.1833			-0.0366028
67.2167			-0.0366002
67.25			-0.0365975
67.2833			-0.0365948
67.3167			-0.0365922
67.35			-0.0365895
67.3833			-0.0365869
67.4167			-0.0365842
67.45			-0.0365816
67.4833			-0.0365789
67.5167			-0.0365763
67.55			-0.0365737
67.5833			-0.036571
67.6167			-0.0365684
67.65			-0.0365658
67.6833			-0.0365631
67.7167			-0.0365605
67.75			-0.0365579
67.7833			-0.0365553
67.8167			-0.0365527
67.85			-0.03655
67.8833			-0.0365474
67.9167			-0.0365448
67.95			-0.0365422
67.9833			-0.0365396
68.0167			-0.036537
68.05			-0.0365344
68.0833			-0.0365318
68.1167			-0.0365292
68.15			-0.0365266
68.1833			-0.036524
68.2167			-0.0365215
68.25			-0.0365189
68.2833			-0.0365163
68.3167			-0.0365137
68.35			-0.0365111
68.3833			-0.0365086
68.4167			-0.036506
68.45			-0.0365034
68.4833			-0.0365009
68.5167			-0.0364983
68.55			-0.0364957
68.5833			-0.0364932
68.6167			-0.0364906
68.65			-0.0364881
68.6833			-0.0364855
68.7167			-0.036483
68.75			-0.0364804
68.7833			-0.0364779
68.8167			-0.0364753
68.85			-0.0364728
68.8833			-0.0364703
68.9167			-0.0364677
68.95			-0.0364652
68.9833			-0.0364627
69.0167			-0.0364601
69.05			-0.0364576
69.0833			-0.0364551
69.1167			-0.0364526
69.15			-0.0364501
69.1833			-0.0364475
69.2167			-0.036445
69.25			-0.0364425
69.2833			-0.03644
69.3167			-0.0364375
69.35			-0.036435
69.3833			-0.0364325
69.4167			-0.03643
69.45			-0.0364275
69.4833			-0.036425
69.5167			-0.0364225
69.55			-0.03642
69.5833			-0.0364176
69.6167			-0.0364151
69.65			-0.0364126
69.6833			-0.0364101
69.7167			-0.0364076
69.75			-0.0364052
69.7833			-0.0364027
69.8167			-0.0364002
69.85			-0.0363978
69.8833			-0.0363953
69.9167			-0.0363928
69.95			-0.0363904
69.9833			-0.0363879
70.0167			-0.0363855
70.05			-0.036383
70.0833			-0.0363806
70.1167			-0.0363781
70.15			-0.0363757
70.1833			-0.0363732
70.2167			-0.0363708
70.25			-0.0363684
70.2833			-0.0363659
70.3167			-0.0363635
70.35			-0.0363611
70.3833			-0.0363586
70.4167			-0.0363562
70.45			-0.0363538
70.4833			-0.0363514
70.5167			-0.0363489
70.55			-0.0363465
70.5833			-0.0363441
70.6167			-0.0363417
70.65			-0.0363393
70.6833			-0.0363369
70.7167			-0.0363345
70.75			-0.0363321
70.7833			-0.0363297
70.8167			-0.0363273
70.85			-0.0363249
70.8833			-0.0363225
70.9167			-0.0363201
70.95			-0.0363177
70.9833			-0.0363153
71.0167			-0.0363129
71.05			-0.0363105
71.0833			-0.0363082
71.1167			-0.0363058
71.15			-0.0363034
71.1833			-0.036301
71.2167			-0.0362987
71.25			-0.0362963
71.2833			-0.0362939
71.3167			-0.0362915
71.35			-0.0362892
71.3833			-0.0362868
71.4167			-0.0362845
71.45			-0.0362821
71.4833			-0.0362798
71.5167			-0.0362774
71.55			-0.0362751
71.5833			-0.0362727
71.6167			-0.0362704
71.65			-0.036268
71.6833			-0.0362657
71.7167			-0.0362633
71.75			-0.036261
71.7833			-0.0362587
71.8167			-0.0362563
71.85			-0.036254
71.8833			-0.0362517
71.9167			-0.0362493
71.95			-0.036247
71.9833			-0.0362447
72.0167			-0.0362424
72.05			-0.0362401
72.0833			-0.0362378
72.1167			-0.0362354
72.15			-0.0362331
72.1833			-0.0362308
72.2167			-0.0362285
72.25			-0.0362262
72.2833			-0.0362239
72.3167			-0.0362216
72.35			-0.0362193
72.3833			-0.036217
72.4167			-0.0362147
72.45			-0.0362124
72.4833			-0.0362101
72.5167			-0.0362078
72.55			-0.0362056
72.5833			-0.0362033
72.6167			-0.036201
72.65			-0.0361987
72.6833			-0.0361964
72.7167			-0.0361942
72.75			-0.0361919
72.7833			-0.0361896
72.8167			-0.0361874
72.85			-0.0361851
72.8833			-0.0361828
72.9167			-0.0361806
72.95			-0.0361783
72.9833			-0.036176
73.0167			-0.0361738
73.05			-0.0361715
73.0833			-0.0361693
73.1167			-0.036167
73.15			-0.0361648
73.1833			-0.0361625
73.2167			-0.0361603
73.25			-0.0361581
73.2833			-0.0361558
73.3167			-0.0361536
73.35			-0.0361513
73.3833			-0.0361491
73.4167			-0.0361469
73.45			-0.0361446
73.4833			-0.0361424
73.5167			-0.0361402
73.55			-0.036138
73.5833			-0.0361357
73.6167			-0.0361335
73.65			-0.0361313
73.6833			-0.0361291
73.7167			-0.0361269
73.75			-0.0361247
73.7833			-0.0361225
73.8167			-0.0361203
73.85			-0.036118
73.8833			-0.0361158
73.9167			-0.0361136
73.95			-0.0361114
73.9833			-0.0361092
74.0167			-0.0361071
74.05			-0.0361049
74.0833			-0.0361027
74.1167			-0.0361005
74.15			-0.0360983
74.1833			-0.0360961
74.2167			-0.0360939
74.25			-0.0360917
74.2833			-0.0360896
74.3167			-0.0360874
74.35			-0.0360852
74.3833			-0.036083
74.4167			-0.0360809
74.45			-0.0360787
74.4833			-0.0360765
74.5167			-0.0360744
74.55			-0.0360722
74.5833			-0.03607
74.6167			-0.0360679
74.65			-0.0360657
74.6833			-0.0360636
74.7167			-0.0360614
74.75			-0.0360592
74.7833			-0.0360571
74.8167			-0.0360549
74.85			-0.0360528
74.8833			-0.0360507
74.9167			-0.0360485
74.95			-0.0360464
74.9833			-0.0360442
75.0167			-0.0360421
75.05			-0.03604
75.0833			-0.0360378
75.1167			-0.0360357
75.15			-0.0360336
75.1833			-0.0360314
75.2167			-0.0360293
75.25			-0.0360272
75.2833			-0.0360251
75.3167			-0.036023
75.35			-0.0360208
75.3833			-0.0360187
75.4167			-0.0360166
75.45			-0.0360145
75.4833			-0.0360124
75.5167			-0.0360103
75.55			-0.0360082
75.5833			-0.0360061
75.6167			-0.036004
75.65			-0.0360019
75.6833			-0.0359998
75.7167			-0.0359977
75.75			-0.0359956
75.7833			-0.0359935
75.8167			-0.0359914
75.85			-0.0359893
75.8833			-0.0359872
75.9167			-0.0359851
75.95			-0.035983
75.9833			-0.0359809
76.0167			-0.0359789
76.05			-0.0359768
76.0833			-0.0359747
76.1167			-0.0359726
76.15			-0.0359706
76.1833			-0.0359685
76.2167			-0.0359664
76.25			-0.0359643
76.2833			-0.0359623
76.3167			-0.0359602
76.35			-0.0359582
76.3833			-0.0359561
76.4167			-0.035954
76.45			-0.035952
76.4833			-0.0359499
76.5167			-0.0359479
76.55			-0.0359458
76.5833			-0.0359438
76.6167			-0.0359417
76.65			-0.0359397
76.6833			-0.0359376
76.7167			-0.0359356
76.75			-0.0359335
76.7833			-0.0359315
76.8167			-0.0359295
76.85			-0.0359274
76.8833			-0.0359254
76.9167			-0.0359234
76.95			-0.0359213
76.9833			-0.0359193
77.0167			-0.0359173
77.05			-0.0359152
77.0833			-0.0359132
77.1167			-0.0359112
77.15			-0.0359092
77.1833			-0.0359072
77.2167			-0.0359051
77.25			-0.0359031
77.2833			-0.0359011
77.3167			-0.0358991
77.35			-0.0358971
77.3833			-0.0358951
77.4167			-0.0358931
77.45			-0.0358911
77.4833			-0.0358891
77.5167			-0.0358871
77.55			-0.0358851
77.5833			-0.0358831
77.6167			-0.0358811
77.65			-0.0358791
77.6833			-0.0358771
77.7167			-0.0358751
77.75			-0.0358731
77.7833			-0.0358711
77.8167			-0.0358691
77.85			-0.0358672
77.8833			-0.0358652
77.9167			-0.0358632
77.95			-0.0358612
77.9833			-0.0358592
78.0167			-0.0358573
78.05			-0.0358553
78.0833			-0.0358533
78.1167			-0.0358513
78.15			-0.0358494
78.1833			-0.0358474
78.2167			-0.0358454
78.25			-0.0358435
78.2833			-0.0358415
78.3167			-0.0358396
78.35			-0.0358376
78.3833			-0.0358356
78.4167			-0.0358337
78.45			-0.0358317
78.4833			-0.0358298
78.5167			-0.0358278
78.55			-0.0358259
78.5833			-0.0358239
78.6167			-0.035822
78.65			-0.0358201
78.6833			-0.0358181
78.7167			-0.0358162
78.75			-0.0358142
78.7833			-0.0358123
78.8167			-0.0358104
78.85			-0.0358084
78.8833			-0.0358065
78.9167			-0.0358046
78.95			-0.0358026
78.9833			-0.0358007
79.0167			-0.0357988
79.05			-0.0357969
79.0833			-0.0357949
79.1167			-0.035793
79.15			-0.0357911
79.1833			-0.0357892
79.2167			-0.0357873
79.25			-0.0357853
79.2833			-0.0357834
79.3167			-0.0357815
79.35			-0.0357796
79.3833			-0.0357777
79.4167			-0.0357758
79.45			-0.0357739
79.4833			-0.035772
79.5167			-0.0357701
79.55			-0.0357682
79.5833			-0.0357663
79.6167			-0.0357644
79.65			-0.0357625
79.6833			-0.0357606
79.7167			-0.0357587
79.75			-0.0357568
79.7833			-0.0357549
79.8167			-0.0357531
79.85			-0.0357512
79.8833			-0.0357493
79.9167			-0.0357474
79.95			-0.0357455
79.9833			-0.0357436
80.0167			-0.0357418
80.05			-0.0357399
80.0833			-0.035738
80.1167			-0.0357361
80.15			-0.0357343
80.1833			-0.0357324
80.2167			-0.0357305
80.25			-0.0357287
80.2833			-0.0357268
80.3167			-0.0357249
80.35			-0.0357231
80.3833			-0.0357212
80.4167			-0.0357194
80.45			-0.0357175
80.4833			-0.0357156
80.5167			-0.0357138
80.55			-0.0357119
80.5833			-0.0357101
80.6167			-0.0357082
80.65			-0.0357064
80.6833			-0.0357045
80.7167			-0.0357027
80.75			-0.0357009
80.7833			-0.035699
80.8167			-0.0356972
80.85			-0.0356953
80.8833			-0.0356935
80.9167			-0.0356917
80.95			-0.0356898
80.9833			-0.035688
81.0167			-0.0356862
81.05			-0.0356843
81.0833			-0.0356825
81.1167			-0.0356807
81.15			-0.0356788
81.1833			-0.035677
81.2167			-0.0356752
81.25			-0.0356734
81.2833			-0.0356716
81.3167			-0.0356697
81.35			-0.0356679
81.3833			-0.0356661
81.4167			-0.0356643
81.45			-0.0356625
81.4833			-0.0356607
81.5167			-0.0356589
81.55			-0.0356571
81.5833			-0.0356553
81.6167			-0.0356534
81.65			-0.0356516
81.6833			-0.0356498
81.7167			-0.035648
81.75			-0.0356462
81.7833			-0.0356444
81.8167			-0.0356427
81.85			-0.0356409
81.8833			-0.0356391
81.9167			-0.0356373
81.95			-0.0356355
81.9833			-0.0356337
82.0167			-0.0356319
82.05			-0.0356301
82.0833			-0.0356283
82.1167			-0.0356266
82.15			-0.0356248
82.1833			-0.035623
82.2167			-0.0356212
82.25			-0.0356194
82.2833			-0.0356177
82.3167			-0.0356159
82.35			-0.0356141
82.3833			-0.0356124
82.4167			-0.0356106
82.45			-0.0356088
82.4833			-0.035607
82.5167			-0.0356053
82.55			-0.0356035
82.5833			-0.0356018
82.6167			-0.0356
82.65			-0.0355982
82.6833			-0.0355965
82.7167			-0.0355947
82.75			-0.035593
82.7833			-0.0355912
82.8167			-0.0355895
82.85			-0.0355877
82.8833			-0.035586
82.9167			-0.0355842
82.95			-0.0355825
82.9833			-0.0355807
83.0167			-0.035579
83.05			-0.0355772
83.0833			-0.0355755
83.1167			-0.0355738
83.15			-0.035572
83.1833			-0.0355703
83.2167			-0.0355685
83.25			-0.0355668
83.2833			-0.0355651
83.3167			-0.0355633
83.35			-0.0355616
83.3833			-0.0355599
83.4167			-0.0355582
83.45			-0.0355564
83.4833			-0.0355547
83.5167			-0.035553
83.55			-0.0355513
83.5833			-0.0355495
83.6167			-0.0355478
83.65			-0.0355461
83.6833			-0.0355444
83.7167			-0.0355427
83.75			-0.035541
83.7833			-0.0355393
83.8167			-0.0355375
83.85			-0.0355358
83.8833			-0.0355341
83.9167			-0.0355324
83.95			-0.0355307
83.9833			-0.035529
84.0167			-0.0355273
84.05			-0.0355256
84.0833			-0.0355239
84.1167			-0.0355222
84.15			-0.0355205
84.1833			-0.0355188
84.2167			-0.0355171
84.25			-0.0355154
84.2833			-0.0355137
84.3167			-0.035512
84.35			-0.0355104
84.3833			-0.0355087
84.4167			-0.035507
84.45			-0.0355053
84.4833			-0.0355036
84.5167			-0.0355019
84.55			-0.0355002
84.5833			-0.0354986
84.6167			-0.0354969
84.65			-0.0354952
84.6833			-0.0354935
84.7167			-0.0354919
84.75			-0.0354902
84.7833			-0.0354885
84.8167			-0.0354868
84.85			-0.0354852
84.8833			-0.0354835
84.9167			-0.0354818
84.95			-0.0354802
84.9833			-0.0354785
85.0167			-0.0354769
85.05			-0.0354752
85.0833			-0.0354735
85.1167			-0.0354719
85.15			-0.0354702
85.1833			-0.0354686
85.2167			-0.0354669
85.25			-0.0354653
85.2833			-0.0354636
85.3167			-0.0354619
85.35			-0.0354603
85.3833			-0.0354586
85.4167			-0.035457
85.45			-0.0354554
85.4833			-0.0354537
85.5167			-0.0354521
85.55			-0.0354504
85.5833			-0.0354488
85.6167			-0.0354471
85.65			-0.0354455
85.6833			-0.0354439
85.7167			-0.0354422
85.75			-0.0354406
85.7833			-0.035439
85.8167			-0.0354373
85.85			-0.0354357
85.8833			-0.0354341
85.9167			-0.0354325
85.95			-0.0354308
85.9833			-0.0354292
86.0167			-0.0354276
86.05			-0.035426
86.0833			-0.0354243
86.1167			-0.0354227
86.15			-0.0354211
86.1833			-0.0354195
86.2167			-0.0354179
86.25			-0.0354162
86.2833			-0.0354146
86.3167			-0.035413
86.35			-0.0354114
86.3833			-0.0354098
86.4167			-0.0354082
86.45			-0.0354066
86.4833			-0.035405
86.5167			-0.0354034
86.55			-0.0354018
86.5833			-0.0354002
86.6167			-0.0353986
86.65			-0.035397
86.6833			-0.0353954
86.7167			-0.0353938
86.75			-0.0353922
86.7833			-0.0353906
86.8167			-0.035389
86.85			-0.0353874
86.8833			-0.0353858
86.9167			-0.0353842
86.95			-0.0353826
86.9833			-0.035381
87.0167			-0.0353794
87.05			-0.0353778
87.0833			-0.0353763
87.1167			-0.0353747
87.15			-0.0353731
87.1833			-0.0353715
87.2167			-0.0353699
87.25			-0.0353684
87.2833			-0.0353668
87.3167			-0.0353652
87.35			-0.0353636
87.3833			-0.0353621
87.4167			-0.0353605
87.45			-0.0353589
87.4833			-0.0353573
87.5167			-0.0353558
87.55			-0.0353542
87.5833			-0.0353526
87.6167			-0.0353511
87.65			-0.0353495
87.6833			-0.035348
87.7167			-0.0353464
87.75			-0.0353448
87.7833			-0.0353433
87.8167			-0.0353417
87.85			-0.0353402
87.8833			-0.0353386
87.9167			-0.035337
87.95			-0.0353355
87.9833			-0.0353339
88.0167			-0.0353324
88.05			-0.0353308
88.0833			-0.0353293
88.1167			-0.0353277
88.15			-0.0353262
88.1833			-0.0353247
88.2167			-0.0353231
88.25			-0.0353216
88.2833			-0.03532
88.3167			-0.0353185
88.35			-0.0353169
88.3833			-0.0353154
88.4167			-0.0353139
88.45			-0.0353123
88.4833			-0.0353108
88.5167			-0.0353093
88.55			-0.0353077
88.5833			-0.0353062
88.6167			-0.0353047
88.65			-0.0353031
88.6833			-0.0353016
88.7167			-0.0353001
88.75			-0.0352986
88.7833			-0.035297
88.8167			-0.0352955
88.85			-0.035294
88.8833			-0.0352925
88.9167			-0.035291
88.95			-0.0352894
88.9833			-0.0352879
89.0167			-0.0352864
89.05			-0.0352849
89.0833			-0.0352834
89.1167			-0.0352819
89.15			-0.0352804
89.1833			-0.0352788
89.2167			-0.0352773
89.25			-0.0352758
89.2833			-0.0352743
89.3167			-0.0352728
89.35			-0.0352713
89.3833			-0.0352698
89.4167			-0.0352683
89.45			-0.0352668
89.4833			-0.0352653
89.5167			-0.0352638
89.55			-0.0352623
89.5833			-0.0352608
89.6167			-0.0352593
89.65			-0.0352578
89.6833			-0.0352563
89.7167			-0.0352548
89.75			-0.0352533
89.7833			-0.0352518
89.8167			-0.0352504
89.85			-0.0352489
89.8833			-0.0352474
89.9167			-0.0352459
89.95			-0.0352444
89.9833			-0.0352429
90.0167			-0.0352414
90.05			-0.03524
90.0833			-0.0352385
90.1167			-0.035237
90.15			-0.0352355
90.1833			-0.0352341
90.2167			-0.0352326
90.25			-0.0352311
90.2833			-0.0352296
90.3167			-0.0352282
90.35			-0.0352267
90.3833			-0.0352252
90.4167			-0.0352237
90.45			-0.0352223
90.4833			-0.0352208
90.5167			-0.0352193
90.55			-0.0352179
90.5833			-0.0352164
90.6167			-0.0352149
90.65			-0.0352135
90.6833			-0.035212
90.7167			-0.0352106
90.75			-0.0352091
90.7833			-0.0352077
90.8167			-0.0352062
90.85			-0.0352047
90.8833			-0.0352033
90.9167			-0.0352018
90.95			-0.0352004
90.9833			-0.0351989
91.0167			-0.0351975
91.05			-0.035196
91.0833			-0.0351946
91.1167			-0.0351931
91.15			-0.0351917
91.1833			-0.0351902
91.2167			-0.0351888
91.25			-0.0351874
91.2833			-0.0351859
91.3167			-0.0351845
91.35			-0.035183
91.3833			-0.0351816
91.4167			-0.0351802
91.45			-0.0351787
91.4833			-0.0351773
91.5167			-0.0351759
91.55			-0.0351744
91.5833			-0.035173
91.6167			-0.0351716
91.65			-0.0351701
91.6833			-0.0351687
91.7167			-0.0351673
91.75			-0.0351658
91.7833			-0.0351644
91.8167			-0.035163
91.85			-0.0351616
91.8833			-0.0351601
91.9167			-0.0351587
91.95			-0.0351573
91.9833			-0.0351559
92.0167			-0.0351545
92.05			-0.035153
92.0833			-0.0351516
92.1167			-0.0351502
92.15			-0.0351488
92.1833			-0.0351474
92.2167			-0.035146
92.25			-0.0351446
92.2833			-0.0351432
92.3167			-0.0351417
92.35			-0.0351403
92.3833			-0.0351389
92.4167			-0.0351375
92.45			-0.0351361
92.4833			-0.0351347
92.5167			-0.0351333
92.55			-0.0351319
92.5833			-0.0351305
92.6167			-0.0351291
92.65			-0.0351277
92.6833			-0.0351263
92.7167			-0.0351249
92.75			-0.0351235
92.7833			-0.0351221
92.8167			-0.0351207
92.85			-0.0351193
92.8833			-0.0351179
92.9167			-0.0351165
92.95			-0.0351152
92.9833			-0.0351138
93.0167			-0.0351124
93.05			-0.035111
93.0833			-0.0351096
93.1167			-0.0351082
93.15			-0.0351068
93.1833			-0.0351055
93.2167			-0.0351041
93.25			-0.0351027
93.2833			-0.0351013
93.3167			-0.0350999
93.35			-0.0350986
93.3833			-0.0350972
93.4167			-0.0350958
93.45			-0.0350944
93.4833			-0.0350931
93.5167			-0.0350917
93.55			-0.0350903
93.5833			-0.0350889
93.6167			-0.0350876
93.65			-0.0350862
93.6833			-0.0350848
93.7167			-0.0350835
93.75			-0.0350821
93.7833			-0.0350807
93.8167			-0.0350794
93.85			-0.035078
93.8833			-0.0350766
93.9167			-0.0350753
93.95			-0.0350739
93.9833			-0.0350726
94.0167			-0.0350712
94.05			-0.0350698
94.0833			-0.0350685
94.1167			-0.0350671
94.15			-0.0350658
94.1833			-0.0350644
94.2167			-0.0350631
94.25			-0.0350617
94.2833			-0.0350604
94.3167			-0.035059
94.35			-0.0350577
94.3833			-0.0350563
94.4167			-0.035055
94.45			-0.0350536
94.4833			-0.0350523
94.5167			-0.0350509
94.55			-0.0350496
94.5833			-0.0350482
94.6167			-0.0350469
94.65			-0.0350456
94.6833			-0.0350442
94.7167			-0.0350429
94.75			-0.0350415
94.7833			-0.0350402
94.8167			-0.0350389
94.85			-0.0350375
94.8833			-0.0350362
94.9167			-0.0350349
94.95			-0.0350335
94.9833			-0.0350322
95.0167			-0.0350309
95.05			-0.0350295
95.0833			-0.0350282
95.1167			-0.0350269
95.15			-0.0350256
95.1833			-0.0350242
95.2167			-0.0350229
95.25			-0.0350216
95.2833			-0.0350203
95.3167			-0.0350189
95.35			-0.0350176
95.3833			-0.0350163
95.4167			-0.035015
95.45			-0.0350137
95.4833			-0.0350124
95.5167			-0.035011
95.55			-0.0350097
95.5833			-0.0350084
95.6167			-0.0350071
95.65			-0.0350058
95.6833			-0.0350045
95.7167			-0.0350032
95.75			-0.0350018
95.7833			-0.0350005
95.8167			-0.0349992
95.85			-0.0349979
95.8833			-0.0349966
95.9167			-0.0349953
95.95			-0.034994
95.9833			-0.0349927
96.0167			-0.0349914
96.05			-0.0349901
96.0833			-0.0349888
96.1167			-0.0349875
96.15			-0.0349862
96.1833			-0.0349849
96.2167			-0.0349836
96.25			-0.0349823
96.2833			-0.034981
96.3167			-0.0349797
96.35			-0.0349784
96.3833			-0.0349771
96.4167			-0.0349758
96.45			-0.0349746
96.4833			-0.0349733
96.5167			-0.034972
96.55			-0.0349707
96.5833			-0.0349694
96.6167			-0.0349681
96.65			-0.0349668
96.6833			-0.0349655
96.7167			-0.0349643
96.75			-0.034963
96.7833			-0.0349617
96.8167			-0.0349604
96.85			-0.0349591
96.8833			-0.0349579
96.9167			-0.0349566
96.95			-0.0349553
96.9833			-0.034954
97.0167			-0.0349527
97.05			-0.0349515
97.0833			-0.0349502
97.1167			-0.0349489
97.15			-0.0349476
97.1833			-0.0349464
97.2167			-0.0349451
97.25			-0.0349438
97.2833			-0.0349426
97.3167			-0.0349413
97.35			-0.03494
97.3833			-0.0349388
97.4167			-0.0349375
97.45			-0.0349362
97.4833			-0.034935
97.5167			-0.0349337
97.55			-0.0349324
97.5833			-0.0349312
97.6167			-0.0349299
97.65			-0.0349287
97.6833			-0.0349274
97.7167			-0.0349262
97.75			-0.0349249
97.7833			-0.0349236
97.8167			-0.0349224
97.85			-0.0349211
97.8833			-0.0349199
97.9167			-0.0349186
97.95			-0.0349174
97.9833			-0.0349161
98.0167			-0.0349149
98.05			-0.0349136
98.0833			-0.0349124
98.1167			-0.0349111
98.15			-0.0349099
98.1833			-0.0349086
98.2167			-0.0349074
98.25			-0.0349061
98.2833			-0.0349049
98.3167			-0.0349037
98.35			-0.0349024
98.3833			-0.0349012
98.4167			-0.0348999
98.45			-0.0348987
98.4833			-0.0348975
98.5167			-0.0348962
98.55			-0.034895
98.5833			-0.0348938
98.6167			-0.0348925
98.65			-0.0348913
98.6833			-0.0348901
98.7167			-0.0348888
98.75			-0.0348876
98.7833			-0.0348864
98.8167			-0.0348851
98.85			-0.0348839
98.8833			-0.0348827
98.9167			-0.0348814
98.95			-0.0348802
98.9833			-0.034879
99.0167			-0.0348778
99.05			-0.0348765
99.0833			-0.0348753
99.1167			-0.0348741
99.15			-0.0348729
99.1833			-0.0348717
99.2167			-0.0348704
99.25			-0.0348692
99.2833			-0.034868
99.3167			-0.0348668
99.35			-0.0348656
99.3833			-0.0348644
99.4167			-0.0348631
99.45			-0.0348619
99.4833			-0.0348607
99.5167			-0.0348595
99.55			-0.0348583
99.5833			-0.0348571
99.6167			-0.0348559
99.65			-0.0348547
99.6833			-0.0348535
99.7167			-0.0348522
99.75			-0.034851
99.7833			-0.0348498
99.8167			-0.0348486
99.85			-0.0348474
99.8833			-0.0348462
99.9167			-0.034845
99.95			-0.0348438
99.9833			-0.0348426
