0.05			-0.25
0.0833333			-0.249997
0.116667			-0.249905
0.15			-0.249364
0.183333			-0.247871
0.216667			-0.245099
0.25			-0.241007
0.283333			-0.235757
0.316667			-0.229609
0.35			-0.222843
0.383333			-0.21571
0.416667			-0.208414
0.45			-0.201114
0.483333			-0.193925
0.516667			-0.186928
0.55			-0.180174
0.583333			-0.173696
0.616667			-0.167509
0.65			-0.16162
0.683333			-0.156027
0.716667			-0.150722
0.75			-0.145696
0.783333			-0.140935
0.816667			-0.136426
0.85			-0.132156
0.883333			-0.128111
0.916667			-0.124276
0.95			-0.12064
0.983333			-0.117189
1.01667			-0.113912
1.05			-0.110797
1.08333			-0.107834
1.11667			-0.105014
1.15			-0.102328
1.18333			-0.099766
1.21667			-0.0973216
1.25			-0.0949872
1.28333			-0.0927561
1.31667			-0.0906219
1.35			-0.0885789
1.38333			-0.0866217
1.41667			-0.0847453
1.45			-0.0829451
1.48333			-0.0812167
1.51667			-0.0795561
1.55			-0.0779596
1.58333			-0.0764237
1.61667			-0.0749451
1.65			-0.0735208
1.68333			-0.072148
1.71667			-0.070824
1.75			-0.0695464
1.78333			-0.0683128
1.81667			-0.067121
1.85			-0.0659691
1.88333			-0.0648551
1.91667			-0.0637772
1.95			-0.0627337
1.98333			-0.0617231
2.01667			-0.0607439
2.05			-0.0597946
2.08333			-0.0588739
2.11667			-0.0579807
2.15			-0.0571136
2.18333			-0.0562716
2.21667			-0.0554537
2.25			-0.0546588
2.28333			-0.053886
2.31667			-0.0531344
2.35			-0.0524031
2.38333			-0.0516914
2.41667			-0.0509985
2.45			-0.0503237
2.48333			-0.0496662
2.51667			-0.0490255
2.55			-0.0484009
2.58333			-0.0477918
2.61667			-0.0471977
2.65			-0.0466179
2.68333			-0.0460521
2.71667			-0.0454997
2.75			-0.0449602
2.78333			-0.0444332
2.81667			-0.0439184
2.85			-0.0434151
2.88333			-0.0429232
2.91667			-0.0424422
2.95			-0.0419717
2.98333			-0.0415115
3.01667			-0.0410611
3.05			-0.0406204
3.08333			-0.0401889
3.11667			-0.0397664
3.15			-0.0393526
3.18333			-0.0389473
3.21667			-0.0385501
3.25			-0.0381609
3.28333			-0.0377795
3.31667			-0.0374055
3.35			-0.0370388
3.38333			-0.0366792
3.41667			-0.0363264
3.45			-0.0359803
3.48333			-0.0356407
3.51667			-0.0353074
3.55			-0.0349803
3.58333			-0.0346591
3.61667			-0.0343437
3.65			-0.034034
3.68333			-0.0337297
3.71667			-0.0334309
3.75			-0.0331372
3.78333			-0.0328486
3.81667			-0.032565
3.85			-0.0322862
3.88333			-0.0320121
3.91667			-0.0317426
3.95			-0.0314776
3.98333			-0.031217
4.01667			-0.0309606
4.05			-0.0307083
4.08333			-0.0304602
4.11667			-0.0302159
4.15			-0.0299756
4.18333			-0.029739
4.21667			-0.0295061
4.25			-0.0292768
4.28333			-0.029051
4.31667			-0.0288287
4.35			-0.0286097
4.38333			-0.0283941
4.41667			-0.0281816
4.45			-0.0279723
4.48333			-0.027766
4.51667			-0.0275628
4.55			-0.0273625
4.58333			-0.0271651
4.61667			-0.0269704
4.65			-0.0267786
4.68333			-0.0265894
4.71667			-0.0264029
4.75			-0.026219
4.78333			-0.0260376
4.81667			-0.0258587
4.85			-0.0256823
4.88333			-0.0255082
4.91667			-0.0253364
4.95			-0.025167
4.98333			-0.0249998
5.01667			-0.0248348
5.05			-0.0246719
5.08333			-0.0245112
5.11667			-0.0243525
5.15			-0.0241959
5.18333			-0.0240412
5.21667			-0.0238886
5.25			-0.0237378
5.28333			-0.0235889
5.31667			-0.0234419
5.35			-0.0232967
5.38333			-0.0231533
5.41667			-0.0230116
5.45			-0.0228716
5.48333			-0.0227334
5.51667			-0.0225968
5.55			-0.0224618
5.58333			-0.0223284
5.61667			-0.0221966
5.65			-0.0220663
5.68333			-0.0219376
5.71667			-0.0218103
5.75			-0.0216845
5.78333			-0.0215601
5.81667			-0.0214372
5.85			-0.0213156
5.88333			-0.0211955
5.91667			-0.0210766
5.95			-0.0209591
5.98333			-0.0208429
6.01667			-0.0207279
6.05			-0.0206142
6.08333			-0.0205018
6.11667			-0.0203906
6.15			-0.0202805
6.18333			-0.0201717
6.21667			-0.020064
6.25			-0.0199574
6.28333			-0.019852
6.31667			-0.0197477
6.35			-0.0196445
6.38333			-0.0195423
6.41667			-0.0194412
6.45			-0.0193411
6.48333			-0.0192421
6.51667			-0.019144
6.55			-0.019047
6.58333			-0.0189509
6.61667			-0.0188558
6.65			-0.0187617
6.68333			-0.0186684
6.71667			-0.0185761
6.75			-0.0184847
6.78333			-0.0183942
6.81667			-0.0183046
6.85			-0.0182158
6.88333			-0.0181279
6.91667			-0.0180409
6.95			-0.0179546
6.98333			-0.0178692
7.01667			-0.0177846
7.05			-0.0177008
7.08333			-0.0176178
7.11667			-0.0175356
7.15			-0.0174541
7.18333			-0.0173733
7.21667			-0.0172934
7.25			-0.0172141
7.28333			-0.0171356
7.31667			-0.0170577
7.35			-0.0169806
7.38333			-0.0169042
7.41667			-0.0168284
7.45			-0.0167534
7.48333			-0.016679
7.51667			-0.0166052
7.55			-0.0165321
7.58333			-0.0164597
7.61667			-0.0163878
7.65			-0.0163166
7.68333			-0.0162461
7.71667			-0.0161761
7.75			-0.0161067
7.78333			-0.0160379
7.81667			-0.0159697
7.85			-0.0159021
7.88333			-0.015835
7.91667			-0.0157685
7.95			-0.0157026
7.98333			-0.0156372
8.01667			-0.0155723
8.05			-0.015508
8.08333			-0.0154442
8.11667			-0.015381
8.15			-0.0153182
8.18333			-0.015256
8.21667			-0.0151942
8.25			-0.015133
8.28333			-0.0150722
8.31667			-0.015012
8.35			-0.0149522
8.38333			-0.0148929
8.41667			-0.014834
8.45			-0.0147757
8.48333			-0.0147177
8.51667			-0.0146603
8.55			-0.0146032
8.58333			-0.0145467
8.61667			-0.0144905
8.65			-0.0144348
8.68333			-0.0143795
8.71667			-0.0143246
8.75			-0.0142702
8.78333			-0.0142161
8.81667			-0.0141625
8.85			-0.0141093
8.88333			-0.0140565
8.91667			-0.014004
8.95			-0.013952
8.98333			-0.0139003
9.01667			-0.013849
9.05			-0.0137981
9.08333			-0.0137476
9.11667			-0.0136974
9.15			-0.0136476
9.18333			-0.0135982
9.21667			-0.0135491
9.25			-0.0135004
9.28333			-0.013452
9.31667			-0.0134039
9.35			-0.0133563
9.38333			-0.0133089
9.41667			-0.0132619
9.45			-0.0132152
9.48333			-0.0131688
9.51667			-0.0131228
9.55			-0.0130771
9.58333			-0.0130317
9.61667			-0.0129866
9.65			-0.0129418
9.68333			-0.0128973
9.71667			-0.0128532
9.75			-0.0128093
9.78333			-0.0127657
9.81667			-0.0127224
9.85			-0.0126795
9.88333			-0.0126368
9.91667			-0.0125944
9.95			-0.0125523
9.98333			-0.0125104
10.0167			-0.0124688
10.05			-0.0124276
10.0833			-0.0123865
10.1167			-0.0123458
10.15			-0.0123053
10.1833			-0.0122651
10.2167			-0.0122252
10.25			-0.0121855
10.2833			-0.012146
10.3167			-0.0121068
10.35			-0.0120679
10.3833			-0.0120292
10.4167			-0.0119908
10.45			-0.0119526
10.4833			-0.0119147
10.5167			-0.0118769
10.55			-0.0118395
10.5833			-0.0118022
10.6167			-0.0117652
10.65			-0.0117285
10.6833			-0.0116919
10.7167			-0.0116556
10.75			-0.0116195
10.7833			-0.0115837
10.8167			-0.011548
10.85			-0.0115126
10.8833			-0.0114774
10.9167			-0.0114424
10.95			-0.0114076
10.9833			-0.011373
11.0167			-0.0113387
11.05			-0.0113045
11.0833			-0.0112706
11.1167			-0.0112368
11.15			-0.0112033
11.1833			-0.0111699
11.2167			-0.0111368
11.25			-0.0111038
11.2833			-0.011071
11.3167			-0.0110385
11.35			-0.0110061
11.3833			-0.0109739
11.4167			-0.0109419
11.45			-0.0109101
11.4833			-0.0108785
11.5167			-0.010847
11.55			-0.0108158
11.5833			-0.0107847
11.6167			-0.0107538
11.65			-0.010723
11.6833			-0.0106925
11.7167			-0.0106621
11.75			-0.0106319
11.7833			-0.0106018
11.8167			-0.010572
11.85			-0.0105423
11.8833			-0.0105127
11.9167			-0.0104834
11.95			-0.0104542
11.9833			-0.0104251
12.0167			-0.0103962
12.05			-0.0103675
12.0833			-0.0103389
12.1167			-0.0103105
12.15			-0.0102823
12.1833			-0.0102542
12.2167			-0.0102262
12.25			-0.0101984
12.2833			-0.0101708
12.3167			-0.0101433
12.35			-0.0101159
12.3833			-0.0100887
12.4167			-0.0100617
12.45			-0.0100348
12.4833			-0.010008
12.5167			-0.00998138
12.55			-0.00995489
12.5833			-0.00992855
12.6167			-0.00990235
12.65			-0.00987628
12.6833			-0.00985035
12.7167			-0.00982456
12.75			-0.0097989
12.7833			-0.00977337
12.8167			-0.00974798
12.85			-0.00972272
12.8833			-0.00969759
12.9167			-0.00967259
12.95			-0.00964772
12.9833			-0.00962297
13.0167			-0.00959835
13.05			-0.00957386
13.0833			-0.00954949
13.1167			-0.00952525
13.15			-0.00950113
13.1833			-0.00947713
13.2167			-0.00945325
13.25			-0.00942949
13.2833			-0.00940585
13.3167			-0.00938232
13.35			-0.00935892
13.3833			-0.00933563
13.4167			-0.00931246
13.45			-0.0092894
13.4833			-0.00926646
13.5167			-0.00924363
13.55			-0.00922091
13.5833			-0.0091983
13.6167			-0.0091758
13.65			-0.00915342
13.6833			-0.00913114
13.7167			-0.00910897
13.75			-0.0090869
13.7833			-0.00906495
13.8167			-0.0090431
13.85			-0.00902135
13.8833			-0.00899971
13.9167			-0.00897817
13.95			-0.00895674
13.9833			-0.00893541
14.0167			-0.00891417
14.05			-0.00889304
14.0833			-0.00887201
14.1167			-0.00885108
14.15			-0.00883025
14.1833			-0.00880951
14.2167			-0.00878887
14.25			-0.00876833
14.2833			-0.00874789
14.3167			-0.00872753
14.35			-0.00870728
14.3833			-0.00868712
14.4167			-0.00866705
14.45			-0.00864707
14.4833			-0.00862718
14.5167			-0.00860739
14.55			-0.00858769
14.5833			-0.00856807
14.6167			-0.00854855
14.65			-0.00852911
14.6833			-0.00850976
14.7167			-0.0084905
14.75			-0.00847133
14.7833			-0.00845225
14.8167			-0.00843324
14.85			-0.00841433
14.8833			-0.0083955
14.9167			-0.00837675
14.95			-0.00835809
14.9833			-0.00833951
15.0167			-0.00832101
15.05			-0.00830259
15.0833			-0.00828426
15.1167			-0.008266
15.15			-0.00824783
15.1833			-0.00822974
15.2167			-0.00821172
15.25			-0.00819379
15.2833			-0.00817593
15.3167			-0.00815815
15.35			-0.00814044
15.3833			-0.00812282
15.4167			-0.00810527
15.45			-0.00808779
15.4833			-0.00807039
15.5167			-0.00805307
15.55			-0.00803582
15.5833			-0.00801864
15.6167			-0.00800154
15.65			-0.0079845
15.6833			-0.00796755
15.7167			-0.00795066
15.75			-0.00793384
15.7833			-0.0079171
15.8167			-0.00790042
15.85			-0.00788382
15.8833			-0.00786729
15.9167			-0.00785082
15.95			-0.00783442
15.9833			-0.0078181
16.0167			-0.00780184
16.05			-0.00778564
16.0833			-0.00776952
16.1167			-0.00775346
16.15			-0.00773747
16.1833			-0.00772154
16.2167			-0.00770568
16.25			-0.00768988
16.2833			-0.00767415
16.3167			-0.00765848
16.35			-0.00764288
16.3833			-0.00762734
16.4167			-0.00761186
16.45			-0.00759644
16.4833			-0.00758109
16.5167			-0.0075658
16.55			-0.00755057
16.5833			-0.00753541
16.6167			-0.0075203
16.65			-0.00750525
16.6833			-0.00749027
16.7167			-0.00747534
16.75			-0.00746047
16.7833			-0.00744566
16.8167			-0.00743091
16.85			-0.00741622
16.8833			-0.00740159
16.9167			-0.00738701
16.95			-0.00737249
16.9833			-0.00735803
17.0167			-0.00734363
17.05			-0.00732928
17.0833			-0.00731498
17.1167			-0.00730075
17.15			-0.00728657
17.1833			-0.00727244
17.2167			-0.00725837
17.25			-0.00724435
17.2833			-0.00723038
17.3167			-0.00721647
17.35			-0.00720262
17.3833			-0.00718881
17.4167			-0.00717506
17.45			-0.00716136
17.4833			-0.00714772
17.5167			-0.00713412
17.55			-0.00712058
17.5833			-0.00710709
17.6167			-0.00709365
17.65			-0.00708026
17.6833			-0.00706692
17.7167			-0.00705363
17.75			-0.00704039
17.7833			-0.0070272
17.8167			-0.00701406
17.85			-0.00700097
17.8833			-0.00698793
17.9167			-0.00697493
17.95			-0.00696199
17.9833			-0.00694909
18.0167			-0.00693624
18.05			-0.00692344
18.0833			-0.00691068
18.1167			-0.00689797
18.15			-0.00688531
18.1833			-0.0068727
18.2167			-0.00686013
18.25			-0.0068476
18.2833			-0.00683512
18.3167			-0.00682269
18.35			-0.0068103
18.3833			-0.00679796
18.4167			-0.00678566
18.45			-0.00677341
18.4833			-0.0067612
18.5167			-0.00674903
18.55			-0.00673691
18.5833			-0.00672483
18.6167			-0.0067128
18.65			-0.00670081
18.6833			-0.00668886
18.7167			-0.00667695
18.75			-0.00666509
18.7833			-0.00665326
18.8167			-0.00664148
18.85			-0.00662974
18.8833			-0.00661805
18.9167			-0.00660639
18.95			-0.00659478
18.9833			-0.0065832
19.0167			-0.00657167
19.05			-0.00656017
19.0833			-0.00654872
19.1167			-0.00653731
19.15			-0.00652593
19.1833			-0.0065146
19.2167			-0.0065033
19.25			-0.00649205
19.2833			-0.00648083
19.3167			-0.00646965
19.35			-0.00645851
19.3833			-0.00644741
19.4167			-0.00643635
19.45			-0.00642532
19.4833			-0.00641433
19.5167			-0.00640338
19.55			-0.00639247
19.5833			-0.00638159
19.6167			-0.00637075
19.65			-0.00635995
19.6833			-0.00634918
19.7167			-0.00633846
19.75			-0.00632776
19.7833			-0.0063171
19.8167			-0.00630648
19.85			-0.0062959
19.8833			-0.00628535
19.9167			-0.00627483
19.95			-0.00626435
19.9833			-0.00625391
20.0167			-0.0062435
20.05			-0.00623312
20.0833			-0.00622278
20.1167			-0.00621247
20.15			-0.0062022
20.1833			-0.00619196
20.2167			-0.00618176
20.25			-0.00617159
20.2833			-0.00616145
20.3167			-0.00615134
20.35			-0.00614127
20.3833			-0.00613123
20.4167			-0.00612123
20.45			-0.00611125
20.4833			-0.00610131
20.5167			-0.0060914
20.55			-0.00608153
20.5833			-0.00607168
20.6167			-0.00606187
20.65			-0.00605209
20.6833			-0.00604234
20.7167			-0.00603262
20.75			-0.00602293
20.7833			-0.00601327
20.8167			-0.00600365
20.85			-0.00599405
20.8833			-0.00598449
20.9167			-0.00597496
20.95			-0.00596545
20.9833			-0.00595598
21.0167			-0.00594654
21.05			-0.00593713
21.0833			-0.00592774
21.1167			-0.00591839
21.15			-0.00590906
21.1833			-0.00589977
21.2167			-0.0058905
21.25			-0.00588127
21.2833			-0.00587206
21.3167			-0.00586288
21.35			-0.00585373
21.3833			-0.00584461
21.4167			-0.00583552
21.45			-0.00582645
21.4833			-0.00581741
21.5167			-0.0058084
21.55			-0.00579942
21.5833			-0.00579047
21.6167			-0.00578154
21.65			-0.00577265
21.6833			-0.00576377
21.7167			-0.00575493
21.75			-0.00574611
21.7833			-0.00573732
21.8167			-0.00572856
21.85			-0.00571983
21.8833			-0.00571112
21.9167			-0.00570243
21.95			-0.00569378
21.9833			-0.00568515
22.0167			-0.00567654
22.05			-0.00566796
22.0833			-0.00565941
22.1167			-0.00565088
22.15			-0.00564238
22.1833			-0.00563391
22.2167			-0.00562546
22.25			-0.00561703
22.2833			-0.00560863
22.3167			-0.00560026
22.35			-0.00559191
22.3833			-0.00558358
22.4167			-0.00557528
22.45			-0.00556701
22.4833			-0.00555876
22.5167			-0.00555053
22.55			-0.00554233
22.5833			-0.00553415
22.6167			-0.005526
22.65			-0.00551787
22.6833			-0.00550976
22.7167			-0.00550168
22.75			-0.00549362
22.7833			-0.00548559
22.8167			-0.00547757
22.85			-0.00546959
22.8833			-0.00546162
22.9167			-0.00545368
22.95			-0.00544576
22.9833			-0.00543787
23.0167			-0.00542999
23.05			-0.00542214
23.0833			-0.00541432
23.1167			-0.00540651
23.15			-0.00539873
23.1833			-0.00539097
23.2167			-0.00538323
23.25			-0.00537552
23.2833			-0.00536782
23.3167			-0.00536015
23.35			-0.0053525
23.3833			-0.00534487
23.4167			-0.00533727
23.45			-0.00532968
23.4833			-0.00532212
23.5167			-0.00531458
23.55			-0.00530706
23.5833			-0.00529956
23.6167			-0.00529208
23.65			-0.00528462
23.6833			-0.00527719
23.7167			-0.00526977
23.75			-0.00526238
23.7833			-0.00525501
23.8167			-0.00524765
23.85			-0.00524032
23.8833			-0.00523301
23.9167			-0.00522572
23.95			-0.00521845
23.9833			-0.0052112
24.0167			-0.00520397
24.05			-0.00519676
24.0833			-0.00518957
24.1167			-0.0051824
24.15			-0.00517524
24.1833			-0.00516811
24.2167			-0.005161
24.25			-0.00515391
24.2833			-0.00514684
24.3167			-0.00513978
24.35			-0.00513275
24.3833			-0.00512573
24.4167			-0.00511874
24.45			-0.00511176
24.4833			-0.0051048
24.5167			-0.00509787
24.55			-0.00509095
24.5833			-0.00508404
24.6167			-0.00507716
24.65			-0.0050703
24.6833			-0.00506345
24.7167			-0.00505663
24.75			-0.00504982
24.7833			-0.00504303
24.8167			-0.00503626
24.85			-0.0050295
24.8833			-0.00502277
24.9167			-0.00501605
24.95			-0.00500935
24.9833			-0.00500267
25.0167			-0.004996
25.05			-0.00498936
25.0833			-0.00498273
25.1167			-0.00497612
25.15			-0.00496952
25.1833			-0.00496295
25.2167			-0.00495639
25.25			-0.00494985
25.2833			-0.00494332
25.3167			-0.00493682
25.35			-0.00493033
25.3833			-0.00492385
25.4167			-0.0049174
25.45			-0.00491096
25.4833			-0.00490454
25.5167			-0.00489813
25.55			-0.00489174
25.5833			-0.00488537
25.6167			-0.00487902
25.65			-0.00487268
25.6833			-0.00486635
25.7167			-0.00486005
25.75			-0.00485376
25.7833			-0.00484749
25.8167			-0.00484123
25.85			-0.00483499
25.8833			-0.00482876
25.9167			-0.00482255
25.95			-0.00481636
25.9833			-0.00481018
26.0167			-0.00480402
26.05			-0.00479788
26.0833			-0.00479175
26.1167			-0.00478563
26.15			-0.00477953
26.1833			-0.00477345
26.2167			-0.00476738
26.25			-0.00476133
26.2833			-0.00475529
26.3167			-0.00474927
26.35			-0.00474326
26.3833			-0.00473727
26.4167			-0.0047313
26.45			-0.00472534
26.4833			-0.00471939
26.5167			-0.00471346
26.55			-0.00470754
26.5833			-0.00470164
26.6167			-0.00469575
26.65			-0.00468988
26.6833			-0.00468402
26.7167			-0.00467818
26.75			-0.00467235
26.7833			-0.00466654
26.8167			-0.00466074
26.85			-0.00465496
26.8833			-0.00464918
26.9167			-0.00464343
26.95			-0.00463769
26.9833			-0.00463196
27.0167			-0.00462625
27.05			-0.00462055
27.0833			-0.00461486
27.1167			-0.00460919
27.15			-0.00460353
27.1833			-0.00459789
27.2167			-0.00459226
27.25			-0.00458664
27.2833			-0.00458104
27.3167			-0.00457545
27.35			-0.00456987
27.3833			-0.00456431
27.4167			-0.00455877
27.45			-0.00455323
27.4833			-0.00454771
27.5167			-0.0045422
27.55			-0.00453671
27.5833			-0.00453123
27.6167			-0.00452576
27.65			-0.0045203
27.6833			-0.00451486
27.7167			-0.00450943
27.75			-0.00450402
27.7833			-0.00449861
27.8167			-0.00449322
27.85			-0.00448785
27.8833			-0.00448248
27.9167			-0.00447713
27.95			-0.00447179
27.9833			-0.00446647
28.0167			-0.00446116
28.05			-0.00445586
28.0833			-0.00445057
28.1167			-0.00444529
28.15			-0.00444003
28.1833			-0.00443478
28.2167			-0.00442954
28.25			-0.00442432
28.2833			-0.0044191
28.3167			-0.0044139
28.35			-0.00440871
28.3833			-0.00440354
28.4167			-0.00439837
28.45			-0.00439322
28.4833			-0.00438808
28.5167			-0.00438295
28.55			-0.00437784
28.5833			-0.00437273
28.6167			-0.00436764
28.65			-0.00436256
28.6833			-0.00435749
28.7167			-0.00435243
28.75			-0.00434739
28.7833			-0.00434235
28.8167			-0.00433733
28.85			-0.00433232
28.8833			-0.00432732
28.9167			-0.00432234
28.95			-0.00431736
28.9833			-0.0043124
29.0167			-0.00430744
29.05			-0.0043025
29.0833			-0.00429757
29.1167			-0.00429265
29.15			-0.00428774
29.1833			-0.00428285
29.2167			-0.00427796
29.25			-0.00427309
29.2833			-0.00426822
29.3167			-0.00426337
29.35			-0.00425853
29.3833			-0.0042537
29.4167			-0.00424888
29.45			-0.00424407
29.4833			-0.00423928
29.5167			-0.00423449
29.55			-0.00422971
29.5833			-0.00422495
29.6167			-0.0042202
29.65			-0.00421545
29.6833			-0.00421072
29.7167			-0.004206
29.75			-0.00420129
29.7833			-0.00419658
29.8167			-0.00419189
29.85			-0.00418721
29.8833			-0.00418254
29.9167			-0.00417788
29.95			-0.00417324
29.9833			-0.0041686
30.0167			-0.00416397
30.05			-0.00415935
30.0833			-0.00415474
30.1167			-0.00415014
30.15			-0.00414556
30.1833			-0.00414098
30.2167			-0.00413641
30.25			-0.00413186
30.2833			-0.00412731
30.3167			-0.00412277
30.35			-0.00411824
30.3833			-0.00411373
30.4167			-0.00410922
30.45			-0.00410472
30.4833			-0.00410023
30.5167			-0.00409576
30.55			-0.00409129
30.5833			-0.00408683
30.6167			-0.00408238
30.65			-0.00407794
30.6833			-0.00407351
30.7167			-0.00406909
30.75			-0.00406468
30.7833			-0.00406028
30.8167			-0.00405589
30.85			-0.00405151
30.8833			-0.00404714
30.9167			-0.00404277
30.95			-0.00403842
30.9833			-0.00403408
31.0167			-0.00402974
31.05			-0.00402542
31.0833			-0.0040211
31.1167			-0.00401679
31.15			-0.0040125
31.1833			-0.00400821
31.2167			-0.00400393
31.25			-0.00399966
31.2833			-0.0039954
31.3167			-0.00399115
31.35			-0.0039869
31.3833			-0.00398267
31.4167			-0.00397844
31.45			-0.00397423
31.4833			-0.00397002
31.5167			-0.00396582
31.55			-0.00396163
31.5833			-0.00395745
31.6167			-0.00395328
31.65			-0.00394912
31.6833			-0.00394496
31.7167			-0.00394082
31.75			-0.00393668
31.7833			-0.00393255
31.8167			-0.00392844
31.85			-0.00392432
31.8833			-0.00392022
31.9167			-0.00391613
31.95			-0.00391204
31.9833			-0.00390797
32.0167			-0.0039039
32.05			-0.00389984
32.0833			-0.00389579
32.1167			-0.00389175
32.15			-0.00388771
32.1833			-0.00388369
32.2167			-0.00387967
32.25			-0.00387566
32.2833			-0.00387166
32.3167			-0.00386766
32.35			-0.00386368
32.3833			-0.0038597
32.4167			-0.00385574
32.45			-0.00385178
32.4833			-0.00384782
32.5167			-0.00384388
32.55			-0.00383994
32.5833			-0.00383602
32.6167			-0.0038321
32.65			-0.00382818
32.6833			-0.00382428
32.7167			-0.00382039
32.75			-0.0038165
32.7833			-0.00381262
32.8167			-0.00380875
32.85			-0.00380488
32.8833			-0.00380102
32.9167			-0.00379718
32.95			-0.00379334
32.9833			-0.0037895
33.0167			-0.00378568
33.05			-0.00378186
33.0833			-0.00377805
33.1167			-0.00377425
33.15			-0.00377045
33.1833			-0.00376667
33.2167			-0.00376289
33.25			-0.00375912
33.2833			-0.00375535
33.3167			-0.00375159
33.35			-0.00374785
33.3833			-0.0037441
33.4167			-0.00374037
33.45			-0.00373664
33.4833			-0.00373292
33.5167			-0.00372921
33.55			-0.00372551
33.5833			-0.00372181
33.6167			-0.00371812
33.65			-0.00371444
33.6833			-0.00371076
33.7167			-0.00370709
33.75			-0.00370343
33.7833			-0.00369978
33.8167			-0.00369613
33.85			-0.00369249
33.8833			-0.00368886
33.9167			-0.00368524
33.95			-0.00368162
33.9833			-0.00367801
34.0167			-0.0036744
34.05			-0.00367081
34.0833			-0.00366722
34.1167			-0.00366364
34.15			-0.00366006
34.1833			-0.00365649
34.2167			-0.00365293
34.25			-0.00364938
34.2833			-0.00364583
34.3167			-0.00364229
34.35			-0.00363875
34.3833			-0.00363523
34.4167			-0.00363171
34.45			-0.00362819
34.4833			-0.00362469
34.5167			-0.00362119
34.55			-0.00361769
34.5833			-0.00361421
34.6167			-0.00361073
34.65			-0.00360725
34.6833			-0.00360379
34.7167			-0.00360033
34.75			-0.00359687
34.7833			-0.00359343
34.8167			-0.00358999
34.85			-0.00358655
34.8833			-0.00358313
34.9167			-0.00357971
34.95			-0.00357629
34.9833			-0.00357289
35.0167			-0.00356949
35.05			-0.00356609
35.0833			-0.0035627
35.1167			-0.00355932
35.15			-0.00355595
35.1833			-0.00355258
35.2167			-0.00354922
35.25			-0.00354586
35.2833			-0.00354251
35.3167			-0.00353917
35.35			-0.00353583
35.3833			-0.0035325
35.4167			-0.00352918
35.45			-0.00352586
35.4833			-0.00352255
35.5167			-0.00351924
35.55			-0.00351594
35.5833			-0.00351265
35.6167			-0.00350936
35.65			-0.00350608
35.6833			-0.00350281
35.7167			-0.00349954
35.75			-0.00349628
35.7833			-0.00349302
35.8167			-0.00348977
35.85			-0.00348652
35.8833			-0.00348329
35.9167			-0.00348005
35.95			-0.00347683
35.9833			-0.00347361
36.0167			-0.00347039
36.05			-0.00346718
36.0833			-0.00346398
36.1167			-0.00346078
36.15			-0.00345759
36.1833			-0.00345441
36.2167			-0.00345123
36.25			-0.00344806
36.2833			-0.00344489
36.3167			-0.00344173
36.35			-0.00343857
36.3833			-0.00343542
36.4167			-0.00343228
36.45			-0.00342914
36.4833			-0.00342601
36.5167			-0.00342288
36.55			-0.00341976
36.5833			-0.00341664
36.6167			-0.00341353
36.65			-0.00341043
36.6833			-0.00340733
36.7167			-0.00340424
36.75			-0.00340115
36.7833			-0.00339807
36.8167			-0.00339499
36.85			-0.00339192
36.8833			-0.00338886
36.9167			-0.0033858
36.95			-0.00338274
36.9833			-0.00337969
37.0167			-0.00337665
37.05			-0.00337361
37.0833			-0.00337058
37.1167			-0.00336756
37.15			-0.00336453
37.1833			-0.00336152
37.2167			-0.00335851
37.25			-0.0033555
37.2833			-0.0033525
37.3167			-0.00334951
37.35			-0.00334652
37.3833			-0.00334354
37.4167			-0.00334056
37.45			-0.00333759
37.4833			-0.00333462
37.5167			-0.00333166
37.55			-0.0033287
37.5833			-0.00332575
37.6167			-0.0033228
37.65			-0.00331986
37.6833			-0.00331692
37.7167			-0.00331399
37.75			-0.00331106
37.7833			-0.00330814
37.8167			-0.00330523
37.85			-0.00330232
37.8833			-0.00329941
37.9167			-0.00329651
37.95			-0.00329362
37.9833			-0.00329073
38.0167			-0.00328784
38.05			-0.00328496
38.0833			-0.00328209
38.1167			-0.00327922
38.15			-0.00327635
38.1833			-0.00327349
38.2167			-0.00327064
38.25			-0.00326779
38.2833			-0.00326494
38.3167			-0.0032621
38.35			-0.00325927
38.3833			-0.00325644
38.4167			-0.00325361
38.45			-0.00325079
38.4833			-0.00324798
38.5167			-0.00324517
38.55			-0.00324236
38.5833			-0.00323956
38.6167			-0.00323676
38.65			-0.00323397
38.6833			-0.00323119
38.7167			-0.0032284
38.75			-0.00322563
38.7833			-0.00322286
38.8167			-0.00322009
38.85			-0.00321733
38.8833			-0.00321457
38.9167			-0.00321181
38.95			-0.00320907
38.9833			-0.00320632
39.0167			-0.00320358
39.05			-0.00320085
39.0833			-0.00319812
39.1167			-0.00319539
39.15			-0.00319267
39.1833			-0.00318996
39.2167			-0.00318725
39.25			-0.00318454
39.2833			-0.00318184
39.3167			-0.00317914
39.35			-0.00317645
39.3833			-0.00317376
39.4167			-0.00317108
39.45			-0.0031684
39.4833			-0.00316572
39.5167			-0.00316305
39.55			-0.00316039
39.5833			-0.00315773
39.6167			-0.00315507
39.65			-0.00315242
39.6833			-0.00314977
39.7167			-0.00314713
39.75			-0.00314449
39.7833			-0.00314185
39.8167			-0.00313922
39.85			-0.0031366
39.8833			-0.00313398
39.9167			-0.00313136
39.95			-0.00312875
39.9833			-0.00312614
40.0167			-0.00312354
40.05			-0.00312094
40.0833			-0.00311834
40.1167			-0.00311575
40.15			-0.00311316
40.1833			-0.00311058
40.2167			-0.003108
40.25			-0.00310543
40.2833			-0.00310286
40.3167			-0.0031003
40.35			-0.00309773
40.3833			-0.00309518
40.4167			-0.00309263
40.45			-0.00309008
40.4833			-0.00308753
40.5167			-0.00308499
40.55			-0.00308246
40.5833			-0.00307993
40.6167			-0.0030774
40.65			-0.00307488
40.6833			-0.00307236
40.7167			-0.00306984
40.75			-0.00306733
40.7833			-0.00306482
40.8167			-0.00306232
40.85			-0.00305982
40.8833			-0.00305733
40.9167			-0.00305484
40.95			-0.00305235
40.9833			-0.00304987
41.0167			-0.00304739
41.05			-0.00304492
41.0833			-0.00304245
41.1167			-0.00303998
41.15			-0.00303752
41.1833			-0.00303506
41.2167			-0.0030326
41.25			-0.00303015
41.2833			-0.00302771
41.3167			-0.00302527
41.35			-0.00302283
41.3833			-0.00302039
41.4167			-0.00301796
41.45			-0.00301554
41.4833			-0.00301311
41.5167			-0.00301069
41.55			-0.00300828
41.5833			-0.00300587
41.6167			-0.00300346
41.65			-0.00300106
41.6833			-0.00299866
41.7167			-0.00299626
41.75			-0.00299387
41.7833			-0.00299148
41.8167			-0.0029891
41.85			-0.00298672
41.8833			-0.00298434
41.9167			-0.00298197
41.95			-0.0029796
41.9833			-0.00297723
42.0167			-0.00297487
42.05			-0.00297251
42.0833			-0.00297016
42.1167			-0.00296781
42.15			-0.00296546
42.1833			-0.00296312
42.2167			-0.00296078
42.25			-0.00295844
42.2833			-0.00295611
42.3167			-0.00295378
42.35			-0.00295146
42.3833			-0.00294914
42.4167			-0.00294682
42.45			-0.0029445
42.4833			-0.00294219
42.5167			-0.00293989
42.55			-0.00293759
42.5833			-0.00293529
42.6167			-0.00293299
42.65			-0.0029307
42.6833			-0.00292841
42.7167			-0.00292612
42.75			-0.00292384
42.7833			-0.00292157
42.8167			-0.00291929
42.85			-0.00291702
42.8833			-0.00291475
42.9167			-0.00291249
42.95			-0.00291023
42.9833			-0.00290797
43.0167			-0.00290572
43.05			-0.00290347
43.0833			-0.00290122
43.1167			-0.00289898
43.15			-0.00289674
43.1833			-0.00289451
43.2167			-0.00289227
43.25			-0.00289004
43.2833			-0.00288782
43.3167			-0.0028856
43.35			-0.00288338
43.3833			-0.00288116
43.4167			-0.00287895
43.45			-0.00287674
43.4833			-0.00287454
43.5167			-0.00287234
43.55			-0.00287014
43.5833			-0.00286794
43.6167			-0.00286575
43.65			-0.00286356
43.6833			-0.00286138
43.7167			-0.0028592
43.75			-0.00285702
43.7833			-0.00285484
43.8167			-0.00285267
43.85			-0.0028505
43.8833			-0.00284834
43.9167			-0.00284618
43.95			-0.00284402
43.9833			-0.00284186
44.0167			-0.00283971
44.05			-0.00283756
44.0833			-0.00283542
44.1167			-0.00283327
44.15			-0.00283114
44.1833			-0.002829
44.2167			-0.00282687
44.25			-0.00282474
44.2833			-0.00282261
44.3167			-0.00282049
44.35			-0.00281837
44.3833			-0.00281625
44.4167			-0.00281414
44.45			-0.00281203
44.4833			-0.00280992
44.5167			-0.00280782
44.55			-0.00280572
44.5833			-0.00280362
44.6167			-0.00280153
44.65			-0.00279944
44.6833			-0.00279735
44.7167			-0.00279526
44.75			-0.00279318
44.7833			-0.0027911
44.8167			-0.00278903
44.85			-0.00278695
44.8833			-0.00278488
44.9167			-0.00278282
44.95			-0.00278075
44.9833			-0.00277869
45.0167			-0.00277664
45.05			-0.00277458
45.0833			-0.00277253
45.1167			-0.00277048
45.15			-0.00276844
45.1833			-0.00276639
45.2167			-0.00276435
45.25			-0.00276232
45.2833			-0.00276029
45.3167			-0.00275826
45.35			-0.00275623
45.3833			-0.0027542
45.4167			-0.00275218
45.45			-0.00275016
45.4833			-0.00274815
45.5167			-0.00274614
45.55			-0.00274413
45.5833			-0.00274212
45.6167			-0.00274012
45.65			-0.00273812
45.6833			-0.00273612
45.7167			-0.00273412
45.75			-0.00273213
45.7833			-0.00273014
45.8167			-0.00272816
45.85			-0.00272617
45.8833			-0.00272419
45.9167			-0.00272222
45.95			-0.00272024
45.9833			-0.00271827
46.0167			-0.0027163
46.05			-0.00271433
46.0833			-0.00271237
46.1167			-0.00271041
46.15			-0.00270845
46.1833			-0.0027065
46.2167			-0.00270455
46.25			-0.0027026
46.2833			-0.00270065
46.3167			-0.00269871
46.35			-0.00269677
46.3833			-0.00269483
46.4167			-0.00269289
46.45			-0.00269096
46.4833			-0.00268903
46.5167			-0.00268711
46.55			-0.00268518
46.5833			-0.00268326
46.6167			-0.00268134
46.65			-0.00267943
46.6833			-0.00267751
46.7167			-0.0026756
46.75			-0.00267369
46.7833			-0.00267179
46.8167			-0.00266989
46.85			-0.00266799
46.8833			-0.00266609
46.9167			-0.0026642
46.95			-0.00266231
46.9833			-0.00266042
47.0167			-0.00265853
47.05			-0.00265665
47.0833			-0.00265477
47.1167			-0.00265289
47.15			-0.00265101
47.1833			-0.00264914
47.2167			-0.00264727
47.25			-0.0026454
47.2833			-0.00264354
47.3167			-0.00264168
47.35			-0.00263982
47.3833			-0.00263796
47.4167			-0.00263611
47.45			-0.00263425
47.4833			-0.00263241
47.5167			-0.00263056
47.55			-0.00262871
47.5833			-0.00262687
47.6167			-0.00262503
47.65			-0.0026232
47.6833			-0.00262136
47.7167			-0.00261953
47.75			-0.00261771
47.7833			-0.00261588
47.8167			-0.00261406
47.85			-0.00261224
47.8833			-0.00261042
47.9167			-0.0026086
47.95			-0.00260679
47.9833			-0.00260498
48.0167			-0.00260317
48.05			-0.00260136
48.0833			-0.00259956
48.1167			-0.00259776
48.15			-0.00259596
48.1833			-0.00259416
48.2167			-0.00259237
48.25			-0.00259058
48.2833			-0.00258879
48.3167			-0.00258701
48.35			-0.00258522
48.3833			-0.00258344
48.4167			-0.00258166
48.45			-0.00257989
48.4833			-0.00257811
48.5167			-0.00257634
48.55			-0.00257457
48.5833			-0.00257281
48.6167			-0.00257104
48.65			-0.00256928
48.6833			-0.00256752
48.7167			-0.00256577
48.75			-0.00256401
48.7833			-0.00256226
48.8167			-0.00256051
48.85			-0.00255876
48.8833			-0.00255702
48.9167			-0.00255528
48.95			-0.00255354
48.9833			-0.0025518
49.0167			-0.00255006
49.05			-0.00254833
49.0833			-0.0025466
49.1167			-0.00254487
49.15			-0.00254315
49.1833			-0.00254142
49.2167			-0.0025397
49.25			-0.00253798
49.2833			-0.00253627
49.3167			-0.00253455
49.35			-0.00253284
49.3833			-0.00253113
49.4167			-0.00252942
49.45			-0.00252772
49.4833			-0.00252602
49.5167			-0.00252432
49.55			-0.00252262
49.5833			-0.00252092
49.6167			-0.00251923
49.65			-0.00251754
49.6833			-0.00251585
49.7167			-0.00251416
49.75			-0.00251248
49.7833			-0.0025108
49.8167			-0.00250912
49.85			-0.00250744
49.8833			-0.00250576
49.9167			-0.00250409
49.95			-0.00250242
49.9833			-0.00250075
50.0167			-0.00249908
50.05			-0.00249742
50.0833			-0.00249576
50.1167			-0.0024941
50.15			-0.00249244
50.1833			-0.00249078
50.2167			-0.00248913
50.25			-0.00248748
50.2833			-0.00248583
50.3167			-0.00248418
50.35			-0.00248254
50.3833			-0.0024809
50.4167			-0.00247926
50.45			-0.00247762
50.4833			-0.00247598
50.5167			-0.00247435
50.55			-0.00247272
50.5833			-0.00247109
50.6167			-0.00246946
50.65			-0.00246784
50.6833			-0.00246621
50.7167			-0.00246459
50.75			-0.00246297
50.7833			-0.00246136
50.8167			-0.00245974
50.85			-0.00245813
50.8833			-0.00245652
50.9167			-0.00245491
50.95			-0.00245331
50.9833			-0.0024517
51.0167			-0.0024501
51.05			-0.0024485
51.0833			-0.0024469
51.1167			-0.00244531
51.15			-0.00244371
51.1833			-0.00244212
51.2167			-0.00244053
51.25			-0.00243895
51.2833			-0.00243736
51.3167			-0.00243578
51.35			-0.0024342
51.3833			-0.00243262
51.4167			-0.00243104
51.45			-0.00242947
51.4833			-0.00242789
51.5167			-0.00242632
51.55			-0.00242475
51.5833			-0.00242319
51.6167			-0.00242162
51.65			-0.00242006
51.6833			-0.0024185
51.7167			-0.00241694
51.75			-0.00241538
51.7833			-0.00241383
51.8167			-0.00241228
51.85			-0.00241073
51.8833			-0.00240918
51.9167			-0.00240763
51.95			-0.00240609
51.9833			-0.00240454
52.0167			-0.002403
52.05			-0.00240146
52.0833			-0.00239993
52.1167			-0.00239839
52.15			-0.00239686
52.1833			-0.00239533
52.2167			-0.0023938
52.25			-0.00239227
52.2833			-0.00239075
52.3167			-0.00238922
52.35			-0.0023877
52.3833			-0.00238618
52.4167			-0.00238467
52.45			-0.00238315
52.4833			-0.00238164
52.5167			-0.00238012
52.55			-0.00237862
52.5833			-0.00237711
52.6167			-0.0023756
52.65			-0.0023741
52.6833			-0.0023726
52.7167			-0.0023711
52.75			-0.0023696
52.7833			-0.0023681
52.8167			-0.00236661
52.85			-0.00236511
52.8833			-0.00236362
52.9167			-0.00236213
52.95			-0.00236065
52.9833			-0.00235916
53.0167			-0.00235768
53.05			-0.0023562
53.0833			-0.00235472
53.1167			-0.00235324
53.15			-0.00235177
53.1833			-0.00235029
53.2167			-0.00234882
53.25			-0.00234735
53.2833			-0.00234588
53.3167			-0.00234441
53.35			-0.00234295
53.3833			-0.00234149
53.4167			-0.00234003
53.45			-0.00233857
53.4833			-0.00233711
53.5167			-0.00233565
53.55			-0.0023342
53.5833			-0.00233275
53.6167			-0.0023313
53.65			-0.00232985
53.6833			-0.0023284
53.7167			-0.00232696
53.75			-0.00232551
53.7833			-0.00232407
53.8167			-0.00232263
53.85			-0.0023212
53.8833			-0.00231976
53.9167			-0.00231833
53.95			-0.00231689
53.9833			-0.00231546
54.0167			-0.00231403
54.05			-0.00231261
54.0833			-0.00231118
54.1167			-0.00230976
54.15			-0.00230834
54.1833			-0.00230692
54.2167			-0.0023055
54.25			-0.00230408
54.2833			-0.00230267
54.3167			-0.00230125
54.35			-0.00229984
54.3833			-0.00229843
54.4167			-0.00229703
54.45			-0.00229562
54.4833			-0.00229422
54.5167			-0.00229281
54.55			-0.00229141
54.5833			-0.00229001
54.6167			-0.00228861
54.65			-0.00228722
54.6833			-0.00228582
54.7167			-0.00228443
54.75			-0.00228304
54.7833			-0.00228165
54.8167			-0.00228027
54.85			-0.00227888
54.8833			-0.0022775
54.9167			-0.00227611
54.95			-0.00227473
54.9833			-0.00227335
55.0167			-0.00227198
55.05			-0.0022706
55.0833			-0.00226923
55.1167			-0.00226785
55.15			-0.00226648
55.1833			-0.00226511
55.2167			-0.00226375
55.25			-0.00226238
55.2833			-0.00226102
55.3167			-0.00225966
55.35			-0.00225829
55.3833			-0.00225694
55.4167			-0.00225558
55.45			-0.00225422
55.4833			-0.00225287
55.5167			-0.00225152
55.55			-0.00225016
55.5833			-0.00224881
55.6167			-0.00224747
55.65			-0.00224612
55.6833			-0.00224478
55.7167			-0.00224343
55.75			-0.00224209
55.7833			-0.00224075
55.8167			-0.00223941
55.85			-0.00223808
55.8833			-0.00223674
55.9167			-0.00223541
55.95			-0.00223408
55.9833			-0.00223275
56.0167			-0.00223142
56.05			-0.00223009
56.0833			-0.00222877
56.1167			-0.00222744
56.15			-0.00222612
56.1833			-0.0022248
56.2167			-0.00222348
56.25			-0.00222216
56.2833			-0.00222085
56.3167			-0.00221953
56.35			-0.00221822
56.3833			-0.00221691
56.4167			-0.0022156
56.45			-0.00221429
56.4833			-0.00221298
56.5167			-0.00221168
56.55			-0.00221038
56.5833			-0.00220907
56.6167			-0.00220777
56.65			-0.00220647
56.6833			-0.00220518
56.7167			-0.00220388
56.75			-0.00220259
56.7833			-0.00220129
56.8167			-0.0022
56.85			-0.00219871
56.8833			-0.00219742
56.9167			-0.00219614
56.95			-0.00219485
56.9833			-0.00219357
57.0167			-0.00219229
57.05			-0.002191
57.0833			-0.00218973
57.1167			-0.00218845
57.15			-0.00218717
57.1833			-0.0021859
57.2167			-0.00218462
57.25			-0.00218335
57.2833			-0.00218208
57.3167			-0.00218081
57.35			-0.00217954
57.3833			-0.00217828
57.4167			-0.00217701
57.45			-0.00217575
57.4833			-0.00217449
57.5167			-0.00217323
57.55			-0.00217197
57.5833			-0.00217071
57.6167			-0.00216946
57.65			-0.0021682
57.6833			-0.00216695
57.7167			-0.0021657
57.75			-0.00216445
57.7833			-0.0021632
57.8167			-0.00216195
57.85			-0.00216071
57.8833			-0.00215946
57.9167			-0.00215822
57.95			-0.00215698
57.9833			-0.00215574
58.0167			-0.0021545
58.05			-0.00215326
58.0833			-0.00215203
58.1167			-0.00215079
58.15			-0.00214956
58.1833			-0.00214833
58.2167			-0.0021471
58.25			-0.00214587
58.2833			-0.00214464
58.3167			-0.00214342
58.35			-0.00214219
58.3833			-0.00214097
58.4167			-0.00213975
58.45			-0.00213853
58.4833			-0.00213731
58.5167			-0.00213609
58.55			-0.00213488
58.5833			-0.00213366
58.6167			-0.00213245
58.65			-0.00213124
58.6833			-0.00213003
58.7167			-0.00212882
58.75			-0.00212761
58.7833			-0.0021264
58.8167			-0.0021252
58.85			-0.00212399
58.8833			-0.00212279
58.9167			-0.00212159
58.95			-0.00212039
58.9833			-0.00211919
59.0167			-0.002118
59.05			-0.0021168
59.0833			-0.00211561
59.1167			-0.00211441
59.15			-0.00211322
59.1833			-0.00211203
59.2167			-0.00211084
59.25			-0.00210965
59.2833			-0.00210847
59.3167			-0.00210728
59.35			-0.0021061
59.3833			-0.00210492
59.4167			-0.00210374
59.45			-0.00210256
59.4833			-0.00210138
59.5167			-0.0021002
59.55			-0.00209903
59.5833			-0.00209785
59.6167			-0.00209668
59.65			-0.00209551
59.6833			-0.00209434
59.7167			-0.00209317
59.75			-0.002092
59.7833			-0.00209083
59.8167			-0.00208967
59.85			-0.00208851
59.8833			-0.00208734
59.9167			-0.00208618
59.95			-0.00208502
59.9833			-0.00208386
60.0167			-0.00208271
60.05			-0.00208155
60.0833			-0.0020804
60.1167			-0.00207924
60.15			-0.00207809
60.1833			-0.00207694
60.2167			-0.00207579
60.25			-0.00207464
60.2833			-0.00207349
60.3167			-0.00207235
60.35			-0.0020712
60.3833			-0.00207006
60.4167			-0.00206892
60.45			-0.00206778
60.4833			-0.00206664
60.5167			-0.0020655
60.55			-0.00206436
60.5833			-0.00206323
60.6167			-0.00206209
60.65			-0.00206096
60.6833			-0.00205983
60.7167			-0.0020587
60.75			-0.00205757
60.7833			-0.00205644
60.8167			-0.00205531
60.85			-0.00205419
60.8833			-0.00205306
60.9167			-0.00205194
60.95			-0.00205082
60.9833			-0.00204969
61.0167			-0.00204857
61.05			-0.00204746
61.0833			-0.00204634
61.1167			-0.00204522
61.15			-0.00204411
61.1833			-0.00204299
61.2167			-0.00204188
61.25			-0.00204077
61.2833			-0.00203966
61.3167			-0.00203855
61.35			-0.00203744
61.3833			-0.00203634
61.4167			-0.00203523
61.45			-0.00203413
61.4833			-0.00203303
61.5167			-0.00203192
61.55			-0.00203082
61.5833			-0.00202973
61.6167			-0.00202863
61.65			-0.00202753
61.6833			-0.00202643
61.7167			-0.00202534
61.75			-0.00202425
61.7833			-0.00202316
61.8167			-0.00202206
61.85			-0.00202097
61.8833			-0.00201989
61.9167			-0.0020188
61.95			-0.00201771
61.9833			-0.00201663
62.0167			-0.00201554
62.05			-0.00201446
62.0833			-0.00201338
62.1167			-0.0020123
62.15			-0.00201122
62.1833			-0.00201014
62.2167			-0.00200906
62.25			-0.00200799
62.2833			-0.00200691
62.3167			-0.00200584
62.35			-0.00200477
62.3833			-0.0020037
62.4167			-0.00200263
62.45			-0.00200156
62.4833			-0.00200049
62.5167			-0.00199942
62.55			-0.00199836
62.5833			-0.00199729
62.6167			-0.00199623
62.65			-0.00199517
62.6833			-0.00199411
62.7167			-0.00199305
62.75			-0.00199199
62.7833			-0.00199093
62.8167			-0.00198988
62.85			-0.00198882
62.8833			-0.00198777
62.9167			-0.00198671
62.95			-0.00198566
62.9833			-0.00198461
63.0167			-0.00198356
63.05			-0.00198251
63.0833			-0.00198146
63.1167			-0.00198042
63.15			-0.00197937
63.1833			-0.00197833
63.2167			-0.00197729
63.25			-0.00197624
63.2833			-0.0019752
63.3167			-0.00197416
63.35			-0.00197312
63.3833			-0.00197209
63.4167			-0.00197105
63.45			-0.00197001
63.4833			-0.00196898
63.5167			-0.00196795
63.55			-0.00196691
63.5833			-0.00196588
63.6167			-0.00196485
63.65			-0.00196382
63.6833			-0.0019628
63.7167			-0.00196177
63.75			-0.00196074
63.7833			-0.00195972
63.8167			-0.0019587
63.85			-0.00195767
63.8833			-0.00195665
63.9167			-0.00195563
63.95			-0.00195461
63.9833			-0.00195359
64.0167			-0.00195258
64.05			-0.00195156
64.0833			-0.00195055
64.1167			-0.00194953
64.15			-0.00194852
64.1833			-0.00194751
64.2167			-0.0019465
64.25			-0.00194549
64.2833			-0.00194448
64.3167			-0.00194347
64.35			-0.00194246
64.3833			-0.00194146
64.4167			-0.00194045
64.45			-0.00193945
64.4833			-0.00193845
64.5167			-0.00193745
64.55			-0.00193644
64.5833			-0.00193545
64.6167			-0.00193445
64.65			-0.00193345
64.6833			-0.00193245
64.7167			-0.00193146
64.75			-0.00193046
64.7833			-0.00192947
64.8167			-0.00192848
64.85			-0.00192749
64.8833			-0.0019265
64.9167			-0.00192551
64.95			-0.00192452
64.9833			-0.00192353
65.0167			-0.00192255
65.05			-0.00192156
65.0833			-0.00192058
65.1167			-0.00191959
65.15			-0.00191861
65.1833			-0.00191763
65.2167			-0.00191665
65.25			-0.00191567
65.2833			-0.00191469
65.3167			-0.00191372
65.35			-0.00191274
65.3833			-0.00191176
65.4167			-0.00191079
65.45			-0.00190982
65.4833			-0.00190885
65.5167			-0.00190787
65.55			-0.0019069
65.5833			-0.00190594
65.6167			-0.00190497
65.65			-0.001904
65.6833			-0.00190303
65.7167			-0.00190207
65.75			-0.0019011
65.7833			-0.00190014
65.8167			-0.00189918
65.85			-0.00189822
65.8833			-0.00189726
65.9167			-0.0018963
65.95			-0.00189534
65.9833			-0.00189438
66.0167			-0.00189343
66.05			-0.00189247
66.0833			-0.00189151
66.1167			-0.00189056
66.15			-0.00188961
66.1833			-0.00188866
66.2167			-0.00188771
66.25			-0.00188676
66.2833			-0.00188581
66.3167			-0.00188486
66.35			-0.00188391
66.3833			-0.00188297
66.4167			-0.00188202
66.45			-0.00188108
66.4833			-0.00188014
66.5167			-0.00187919
66.55			-0.00187825
66.5833			-0.00187731
66.6167			-0.00187637
66.65			-0.00187543
66.6833			-0.0018745
66.7167			-0.00187356
66.75			-0.00187262
66.7833			-0.00187169
66.8167			-0.00187076
66.85			-0.00186982
66.8833			-0.00186889
66.9167			-0.00186796
66.95			-0.00186703
66.9833			-0.0018661
67.0167			-0.00186517
67.05			-0.00186425
67.0833			-0.00186332
67.1167			-0.00186239
67.15			-0.00186147
67.1833			-0.00186055
67.2167			-0.00185962
67.25			-0.0018587
67.2833			-0.00185778
67.3167			-0.00185686
67.35			-0.00185594
67.3833			-0.00185502
67.4167			-0.00185411
67.45			-0.00185319
67.4833			-0.00185228
67.5167			-0.00185136
67.55			-0.00185045
67.5833			-0.00184953
67.6167			-0.00184862
67.65			-0.00184771
67.6833			-0.0018468
67.7167			-0.00184589
67.75			-0.00184498
67.7833			-0.00184408
67.8167			-0.00184317
67.85			-0.00184227
67.8833			-0.00184136
67.9167			-0.00184046
67.95			-0.00183955
67.9833			-0.00183865
68.0167			-0.00183775
68.05			-0.00183685
68.0833			-0.00183595
68.1167			-0.00183505
68.15			-0.00183416
68.1833			-0.00183326
68.2167			-0.00183236
68.25			-0.00183147
68.2833			-0.00183058
68.3167			-0.00182968
68.35			-0.00182879
68.3833			-0.0018279
68.4167			-0.00182701
68.45			-0.00182612
68.4833			-0.00182523
68.5167			-0.00182434
68.55			-0.00182345
68.5833			-0.00182257
68.6167			-0.00182168
68.65			-0.0018208
68.6833			-0.00181991
68.7167			-0.00181903
68.75			-0.00181815
68.7833			-0.00181727
68.8167			-0.00181639
68.85			-0.00181551
68.8833			-0.00181463
68.9167			-0.00181375
68.95			-0.00181288
68.9833			-0.001812
69.0167			-0.00181113
69.05			-0.00181025
69.0833			-0.00180938
69.1167			-0.0018085
69.15			-0.00180763
69.1833			-0.00180676
69.2167			-0.00180589
69.25			-0.00180502
69.2833			-0.00180415
69.3167			-0.00180329
69.35			-0.00180242
69.3833			-0.00180155
69.4167			-0.00180069
69.45			-0.00179982
69.4833			-0.00179896
69.5167			-0.0017981
69.55			-0.00179724
69.5833			-0.00179638
69.6167			-0.00179552
69.65			-0.00179466
69.6833			-0.0017938
69.7167			-0.00179294
69.75			-0.00179208
69.7833			-0.00179123
69.8167			-0.00179037
69.85			-0.00178952
69.8833			-0.00178866
69.9167			-0.00178781
69.95			-0.00178696
69.9833			-0.00178611
70.0167			-0.00178526
70.05			-0.00178441
70.0833			-0.00178356
70.1167			-0.00178271
70.15			-0.00178187
70.1833			-0.00178102
70.2167			-0.00178017
70.25			-0.00177933
70.2833			-0.00177849
70.3167			-0.00177764
70.35			-0.0017768
70.3833			-0.00177596
70.4167			-0.00177512
70.45			-0.00177428
70.4833			-0.00177344
70.5167			-0.0017726
70.55			-0.00177176
70.5833			-0.00177093
70.6167			-0.00177009
70.65			-0.00176926
70.6833			-0.00176842
70.7167			-0.00176759
70.75			-0.00176676
70.7833			-0.00176592
70.8167			-0.00176509
70.85			-0.00176426
70.8833			-0.00176343
70.9167			-0.0017626
70.95			-0.00176177
70.9833			-0.00176095
71.0167			-0.00176012
71.05			-0.0017593
71.0833			-0.00175847
71.1167			-0.00175765
71.15			-0.00175682
71.1833			-0.001756
71.2167			-0.00175518
71.25			-0.00175436
71.2833			-0.00175354
71.3167			-0.00175272
71.35			-0.0017519
71.3833			-0.00175108
71.4167			-0.00175026
71.45			-0.00174945
71.4833			-0.00174863
71.5167			-0.00174782
71.55			-0.001747
71.5833			-0.00174619
71.6167			-0.00174538
71.65			-0.00174456
71.6833			-0.00174375
71.7167			-0.00174294
71.75			-0.00174213
71.7833			-0.00174132
71.8167			-0.00174051
71.85			-0.00173971
71.8833			-0.0017389
71.9167			-0.00173809
71.95			-0.00173729
71.9833			-0.00173649
72.0167			-0.00173568
72.05			-0.00173488
72.0833			-0.00173408
72.1167			-0.00173327
72.15			-0.00173247
72.1833			-0.00173167
72.2167			-0.00173087
72.25			-0.00173008
72.2833			-0.00172928
72.3167			-0.00172848
72.35			-0.00172769
72.3833			-0.00172689
72.4167			-0.00172609
72.45			-0.0017253
72.4833			-0.00172451
72.5167			-0.00172371
72.55			-0.00172292
72.5833			-0.00172213
72.6167			-0.00172134
72.65			-0.00172055
72.6833			-0.00171976
72.7167			-0.00171897
72.75			-0.00171819
72.7833			-0.0017174
72.8167			-0.00171661
72.85			-0.00171583
72.8833			-0.00171504
72.9167			-0.00171426
72.95			-0.00171348
72.9833			-0.00171269
73.0167			-0.00171191
73.05			-0.00171113
73.0833			-0.00171035
73.1167			-0.00170957
73.15			-0.00170879
73.1833			-0.00170801
73.2167			-0.00170724
73.25			-0.00170646
73.2833			-0.00170568
73.3167			-0.00170491
73.35			-0.00170413
73.3833			-0.00170336
73.4167			-0.00170258
73.45			-0.00170181
73.4833			-0.00170104
73.5167			-0.00170027
73.55			-0.0016995
73.5833			-0.00169873
73.6167			-0.00169796
73.65			-0.00169719
73.6833			-0.00169642
73.7167			-0.00169566
73.75			-0.00169489
73.7833			-0.00169412
73.8167			-0.00169336
73.85			-0.00169259
73.8833			-0.00169183
73.9167			-0.00169107
73.95			-0.00169031
73.9833			-0.00168954
74.0167			-0.00168878
74.05			-0.00168802
74.0833			-0.00168726
74.1167			-0.0016865
74.15			-0.00168575
74.1833			-0.00168499
74.2167			-0.00168423
74.25			-0.00168348
74.2833			-0.00168272
74.3167			-0.00168197
74.35			-0.00168121
74.3833			-0.00168046
74.4167			-0.00167971
74.45			-0.00167895
74.4833			-0.0016782
74.5167			-0.00167745
74.55			-0.0016767
74.5833			-0.00167595
74.6167			-0.0016752
74.65			-0.00167446
74.6833			-0.00167371
74.7167			-0.00167296
74.75			-0.00167222
74.7833			-0.00167147
74.8167			-0.00167073
74.85			-0.00166998
74.8833			-0.00166924
74.9167			-0.0016685
74.95			-0.00166775
74.9833			-0.00166701
75.0167			-0.00166627
75.05			-0.00166553
75.0833			-0.00166479
75.1167			-0.00166405
75.15			-0.00166332
75.1833			-0.00166258
75.2167			-0.00166184
75.25			-0.00166111
75.2833			-0.00166037
75.3167			-0.00165963
75.35			-0.0016589
75.3833			-0.00165817
75.4167			-0.00165743
75.45			-0.0016567
75.4833			-0.00165597
75.5167			-0.00165524
75.55			-0.00165451
75.5833			-0.00165378
75.6167			-0.00165305
75.65			-0.00165232
75.6833			-0.00165159
75.7167			-0.00165087
75.75			-0.00165014
75.7833			-0.00164942
75.8167			-0.00164869
75.85			-0.00164797
75.8833			-0.00164724
75.9167			-0.00164652
75.95			-0.0016458
75.9833			-0.00164507
76.0167			-0.00164435
76.05			-0.00164363
76.0833			-0.00164291
76.1167			-0.00164219
76.15			-0.00164147
76.1833			-0.00164076
76.2167			-0.00164004
76.25			-0.00163932
76.2833			-0.0016386
76.3167			-0.00163789
76.35			-0.00163717
76.3833			-0.00163646
76.4167			-0.00163575
76.45			-0.00163503
76.4833			-0.00163432
76.5167			-0.00163361
76.55			-0.0016329
76.5833			-0.00163219
76.6167			-0.00163148
76.65			-0.00163077
76.6833			-0.00163006
76.7167			-0.00162935
76.75			-0.00162864
76.7833			-0.00162793
76.8167			-0.00162723
76.85			-0.00162652
76.8833			-0.00162582
76.9167			-0.00162511
76.95			-0.00162441
76.9833			-0.00162371
77.0167			-0.001623
77.05			-0.0016223
77.0833			-0.0016216
77.1167			-0.0016209
77.15			-0.0016202
77.1833			-0.0016195
77.2167			-0.0016188
77.25			-0.0016181
77.2833			-0.0016174
77.3167			-0.00161671
77.35			-0.00161601
77.3833			-0.00161531
77.4167			-0.00161462
77.45			-0.00161392
77.4833			-0.00161323
77.5167			-0.00161253
77.55			-0.00161184
77.5833			-0.00161115
77.6167			-0.00161046
77.65			-0.00160977
77.6833			-0.00160907
77.7167			-0.00160838
77.75			-0.00160769
77.7833			-0.00160701
77.8167			-0.00160632
77.85			-0.00160563
77.8833			-0.00160494
77.9167			-0.00160426
77.95			-0.00160357
77.9833			-0.00160288
78.0167			-0.0016022
78.05			-0.00160152
78.0833			-0.00160083
78.1167			-0.00160015
78.15			-0.00159947
78.1833			-0.00159878
78.2167			-0.0015981
78.25			-0.00159742
78.2833			-0.00159674
78.3167			-0.00159606
78.35			-0.00159538
78.3833			-0.00159471
78.4167			-0.00159403
78.45			-0.00159335
78.4833			-0.00159267
78.5167			-0.001592
78.55			-0.00159132
78.5833			-0.00159065
78.6167			-0.00158997
78.65			-0.0015893
78.6833			-0.00158863
78.7167			-0.00158795
78.75			-0.00158728
78.7833			-0.00158661
78.8167			-0.00158594
78.85			-0.00158527
78.8833			-0.0015846
78.9167			-0.00158393
78.95			-0.00158326
78.9833			-0.00158259
79.0167			-0.00158192
79.05			-0.00158126
79.0833			-0.00158059
79.1167			-0.00157992
79.15			-0.00157926
79.1833			-0.00157859
79.2167			-0.00157793
79.25			-0.00157727
79.2833			-0.0015766
79.3167			-0.00157594
79.35			-0.00157528
79.3833			-0.00157462
79.4167			-0.00157396
79.45			-0.0015733
79.4833			-0.00157264
79.5167			-0.00157198
79.55			-0.00157132
79.5833			-0.00157066
79.6167			-0.00157
79.65			-0.00156935
79.6833			-0.00156869
79.7167			-0.00156803
79.75			-0.00156738
79.7833			-0.00156672
79.8167			-0.00156607
79.85			-0.00156541
79.8833			-0.00156476
79.9167			-0.00156411
79.95			-0.00156346
79.9833			-0.00156281
80.0167			-0.00156215
80.05			-0.0015615
80.0833			-0.00156085
80.1167			-0.0015602
80.15			-0.00155956
80.1833			-0.00155891
80.2167			-0.00155826
80.25			-0.00155761
80.2833			-0.00155697
80.3167			-0.00155632
80.35			-0.00155567
80.3833			-0.00155503
80.4167			-0.00155438
80.45			-0.00155374
80.4833			-0.0015531
80.5167			-0.00155245
80.55			-0.00155181
80.5833			-0.00155117
80.6167			-0.00155053
80.65			-0.00154989
80.6833			-0.00154925
80.7167			-0.00154861
80.75			-0.00154797
80.7833			-0.00154733
80.8167			-0.00154669
80.85			-0.00154605
80.8833			-0.00154542
80.9167			-0.00154478
80.95			-0.00154414
80.9833			-0.00154351
81.0167			-0.00154287
81.05			-0.00154224
81.0833			-0.0015416
81.1167			-0.00154097
81.15			-0.00154034
81.1833			-0.00153971
81.2167			-0.00153907
81.25			-0.00153844
81.2833			-0.00153781
81.3167			-0.00153718
81.35			-0.00153655
81.3833			-0.00153592
81.4167			-0.00153529
81.45			-0.00153466
81.4833			-0.00153404
81.5167			-0.00153341
81.55			-0.00153278
81.5833			-0.00153216
81.6167			-0.00153153
81.65			-0.00153091
81.6833			-0.00153028
81.7167			-0.00152966
81.75			-0.00152903
81.7833			-0.00152841
81.8167			-0.00152779
81.85			-0.00152716
81.8833			-0.00152654
81.9167			-0.00152592
81.95			-0.0015253
81.9833			-0.00152468
82.0167			-0.00152406
82.05			-0.00152344
82.0833			-0.00152282
82.1167			-0.00152221
82.15			-0.00152159
82.1833			-0.00152097
82.2167			-0.00152035
82.25			-0.00151974
82.2833			-0.00151912
82.3167			-0.00151851
82.35			-0.00151789
82.3833			-0.00151728
82.4167			-0.00151666
82.45			-0.00151605
82.4833			-0.00151544
82.5167			-0.00151483
82.55			-0.00151422
82.5833			-0.0015136
82.6167			-0.00151299
82.65			-0.00151238
82.6833			-0.00151177
82.7167			-0.00151116
82.75			-0.00151056
82.7833			-0.00150995
82.8167			-0.00150934
82.85			-0.00150873
82.8833			-0.00150813
82.9167			-0.00150752
82.95			-0.00150691
82.9833			-0.00150631
83.0167			-0.0015057
83.05			-0.0015051
83.0833			-0.0015045
83.1167			-0.00150389
83.15			-0.00150329
83.1833			-0.00150269
83.2167			-0.00150208
83.25			-0.00150148
83.2833			-0.00150088
83.3167			-0.00150028
83.35			-0.00149968
83.3833			-0.00149908
83.4167			-0.00149848
83.45			-0.00149789
83.4833			-0.00149729
83.5167			-0.00149669
83.55			-0.00149609
83.5833			-0.0014955
83.6167			-0.0014949
83.65			-0.0014943
83.6833			-0.00149371
83.7167			-0.00149311
83.75			-0.00149252
83.7833			-0.00149193
83.8167			-0.00149133
83.85			-0.00149074
83.8833			-0.00149015
83.9167			-0.00148956
83.95			-0.00148896
83.9833			-0.00148837
84.0167			-0.00148778
84.05			-0.00148719
84.0833			-0.0014866
84.1167			-0.00148601
84.15			-0.00148543
84.1833			-0.00148484
84.2167			-0.00148425
84.25			-0.00148366
84.2833			-0.00148308
84.3167			-0.00148249
84.35			-0.0014819
84.3833			-0.00148132
84.4167			-0.00148073
84.45			-0.00148015
84.4833			-0.00147956
84.5167			-0.00147898
84.55			-0.0014784
84.5833			-0.00147782
84.6167			-0.00147723
84.65			-0.00147665
84.6833			-0.00147607
84.7167			-0.00147549
84.75			-0.00147491
84.7833			-0.00147433
84.8167			-0.00147375
84.85			-0.00147317
84.8833			-0.00147259
84.9167			-0.00147201
84.95			-0.00147144
84.9833			-0.00147086
85.0167			-0.00147028
85.05			-0.00146971
85.0833			-0.00146913
85.1167			-0.00146856
85.15			-0.00146798
85.1833			-0.00146741
85.2167			-0.00146683
85.25			-0.00146626
85.2833			-0.00146569
85.3167			-0.00146511
85.35			-0.00146454
85.3833			-0.00146397
85.4167			-0.0014634
85.45			-0.00146283
85.4833			-0.00146226
85.5167			-0.00146169
85.55			-0.00146112
85.5833			-0.00146055
85.6167			-0.00145998
85.65			-0.00145941
85.6833			-0.00145884
85.7167			-0.00145828
85.75			-0.00145771
85.7833			-0.00145714
85.8167			-0.00145658
85.85			-0.00145601
85.8833			-0.00145545
85.9167			-0.00145488
85.95			-0.00145432
85.9833			-0.00145375
86.0167			-0.00145319
86.05			-0.00145263
86.0833			-0.00145206
86.1167			-0.0014515
86.15			-0.00145094
86.1833			-0.00145038
86.2167			-0.00144982
86.25			-0.00144926
86.2833			-0.0014487
86.3167			-0.00144814
86.35			-0.00144758
86.3833			-0.00144702
86.4167			-0.00144646
86.45			-0.00144591
86.4833			-0.00144535
86.5167			-0.00144479
86.55			-0.00144424
86.5833			-0.00144368
86.6167			-0.00144312
86.65			-0.00144257
86.6833			-0.00144201
86.7167			-0.00144146
86.75			-0.00144091
86.7833			-0.00144035
86.8167			-0.0014398
86.85			-0.00143925
86.8833			-0.0014387
86.9167			-0.00143814
86.95			-0.00143759
86.9833			-0.00143704
87.0167			-0.00143649
87.05			-0.00143594
87.0833			-0.00143539
87.1167			-0.00143484
87.15			-0.00143429
87.1833			-0.00143374
87.2167			-0.0014332
87.25			-0.00143265
87.2833			-0.0014321
87.3167			-0.00143156
87.35			-0.00143101
87.3833			-0.00143046
87.4167			-0.00142992
87.45			-0.00142937
87.4833			-0.00142883
87.5167			-0.00142828
87.55			-0.00142774
87.5833			-0.0014272
87.6167			-0.00142665
87.65			-0.00142611
87.6833			-0.00142557
87.7167			-0.00142503
87.75			-0.00142449
87.7833			-0.00142395
87.8167			-0.0014234
87.85			-0.00142286
87.8833			-0.00142232
87.9167			-0.00142179
87.95			-0.00142125
87.9833			-0.00142071
88.0167			-0.00142017
88.05			-0.00141963
88.0833			-0.0014191
88.1167			-0.00141856
88.15			-0.00141802
88.1833			-0.00141749
88.2167			-0.00141695
88.25			-0.00141642
88.2833			-0.00141588
88.3167			-0.00141535
88.35			-0.00141481
88.3833			-0.00141428
88.4167			-0.00141375
88.45			-0.00141321
88.4833			-0.00141268
88.5167			-0.00141215
88.55			-0.00141162
88.5833			-0.00141109
88.6167			-0.00141055
88.65			-0.00141002
88.6833			-0.00140949
88.7167			-0.00140896
88.75			-0.00140844
88.7833			-0.00140791
88.8167			-0.00140738
88.85			-0.00140685
88.8833			-0.00140632
88.9167			-0.0014058
88.95			-0.00140527
88.9833			-0.00140474
89.0167			-0.00140422
89.05			-0.00140369
89.0833			-0.00140317
89.1167			-0.00140264
89.15			-0.00140212
89.1833			-0.00140159
89.2167			-0.00140107
89.25			-0.00140055
89.2833			-0.00140002
89.3167			-0.0013995
89.35			-0.00139898
89.3833			-0.00139846
89.4167			-0.00139794
89.45			-0.00139741
89.4833			-0.00139689
89.5167			-0.00139637
89.55			-0.00139585
89.5833			-0.00139533
89.6167			-0.00139482
89.65			-0.0013943
89.6833			-0.00139378
89.7167			-0.00139326
89.75			-0.00139274
89.7833			-0.00139223
89.8167			-0.00139171
89.85			-0.00139119
89.8833			-0.00139068
89.9167			-0.00139016
89.95			-0.00138965
89.9833			-0.00138913
90.0167			-0.00138862
90.05			-0.0013881
90.0833			-0.00138759
90.1167			-0.00138708
90.15			-0.00138656
90.1833			-0.00138605
90.2167			-0.00138554
90.25			-0.00138503
90.2833			-0.00138452
90.3167			-0.00138401
90.35			-0.00138349
90.3833			-0.00138298
90.4167			-0.00138247
90.45			-0.00138196
90.4833			-0.00138146
90.5167			-0.00138095
90.55			-0.00138044
90.5833			-0.00137993
90.6167			-0.00137942
90.65			-0.00137892
90.6833			-0.00137841
90.7167			-0.0013779
90.75			-0.0013774
90.7833			-0.00137689
90.8167			-0.00137639
90.85			-0.00137588
90.8833			-0.00137538
90.9167			-0.00137487
90.95			-0.00137437
90.9833			-0.00137386
91.0167			-0.00137336
91.05			-0.00137286
91.0833			-0.00137236
91.1167			-0.00137185
91.15			-0.00137135
91.1833			-0.00137085
91.2167			-0.00137035
91.25			-0.00136985
91.2833			-0.00136935
91.3167			-0.00136885
91.35			-0.00136835
91.3833			-0.00136785
91.4167			-0.00136735
91.45			-0.00136685
91.4833			-0.00136636
91.5167			-0.00136586
91.55			-0.00136536
91.5833			-0.00136486
91.6167			-0.00136437
91.65			-0.00136387
91.6833			-0.00136337
91.7167			-0.00136288
91.75			-0.00136238
91.7833			-0.00136189
91.8167			-0.0013614
91.85			-0.0013609
91.8833			-0.00136041
91.9167			-0.00135991
91.95			-0.00135942
91.9833			-0.00135893
92.0167			-0.00135844
92.05			-0.00135794
92.0833			-0.00135745
92.1167			-0.00135696
92.15			-0.00135647
92.1833			-0.00135598
92.2167			-0.00135549
92.25			-0.001355
92.2833			-0.00135451
92.3167			-0.00135402
92.35			-0.00135353
92.3833			-0.00135304
92.4167			-0.00135256
92.45			-0.00135207
92.4833			-0.00135158
92.5167			-0.00135109
92.55			-0.00135061
92.5833			-0.00135012
92.6167			-0.00134964
92.65			-0.00134915
92.6833			-0.00134867
92.7167			-0.00134818
92.75			-0.0013477
92.7833			-0.00134721
92.8167			-0.00134673
92.85			-0.00134624
92.8833			-0.00134576
92.9167			-0.00134528
92.95			-0.0013448
92.9833			-0.00134431
93.0167			-0.00134383
93.05			-0.00134335
93.0833			-0.00134287
93.1167			-0.00134239
93.15			-0.00134191
93.1833			-0.00134143
93.2167			-0.00134095
93.25			-0.00134047
93.2833			-0.00133999
93.3167			-0.00133951
93.35			-0.00133903
93.3833			-0.00133856
93.4167			-0.00133808
93.45			-0.0013376
93.4833			-0.00133712
93.5167			-0.00133665
93.55			-0.00133617
93.5833			-0.0013357
93.6167			-0.00133522
93.65			-0.00133474
93.6833			-0.00133427
93.7167			-0.00133379
93.75			-0.00133332
93.7833			-0.00133285
93.8167			-0.00133237
93.85			-0.0013319
93.8833			-0.00133143
93.9167			-0.00133095
93.95			-0.00133048
93.9833			-0.00133001
94.0167			-0.00132954
94.05			-0.00132907
94.0833			-0.0013286
94.1167			-0.00132813
94.15			-0.00132766
94.1833			-0.00132719
94.2167			-0.00132672
94.25			-0.00132625
94.2833			-0.00132578
94.3167			-0.00132531
94.35			-0.00132484
94.3833			-0.00132437
94.4167			-0.00132391
94.45			-0.00132344
94.4833			-0.00132297
94.5167			-0.00132251
94.55			-0.00132204
94.5833			-0.00132157
94.6167			-0.00132111
94.65			-0.00132064
94.6833			-0.00132018
94.7167			-0.00131971
94.75			-0.00131925
94.7833			-0.00131879
94.8167			-0.00131832
94.85			-0.00131786
94.8833			-0.0013174
94.9167			-0.00131693
94.95			-0.00131647
94.9833			-0.00131601
95.0167			-0.00131555
95.05			-0.00131509
95.0833			-0.00131462
95.1167			-0.00131416
95.15			-0.0013137
95.1833			-0.00131324
95.2167			-0.00131278
95.25			-0.00131232
95.2833			-0.00131186
95.3167			-0.00131141
95.35			-0.00131095
95.3833			-0.00131049
95.4167			-0.00131003
95.45			-0.00130957
95.4833			-0.00130912
95.5167			-0.00130866
95.55			-0.0013082
95.5833			-0.00130775
95.6167			-0.00130729
95.65			-0.00130684
95.6833			-0.00130638
95.7167			-0.00130593
95.75			-0.00130547
95.7833			-0.00130502
95.8167			-0.00130456
95.85			-0.00130411
95.8833			-0.00130366
95.9167			-0.0013032
95.95			-0.00130275
95.9833			-0.0013023
96.0167			-0.00130185
96.05			-0.00130139
96.0833			-0.00130094
96.1167			-0.00130049
96.15			-0.00130004
96.1833			-0.00129959
96.2167			-0.00129914
96.25			-0.00129869
96.2833			-0.00129824
96.3167			-0.00129779
96.35			-0.00129734
96.3833			-0.00129689
96.4167			-0.00129644
96.45			-0.001296
96.4833			-0.00129555
96.5167			-0.0012951
96.55			-0.00129465
96.5833			-0.00129421
96.6167			-0.00129376
96.65			-0.00129331
96.6833			-0.00129287
96.7167			-0.00129242
96.75			-0.00129198
96.7833			-0.00129153
96.8167			-0.00129109
96.85			-0.00129064
96.8833			-0.0012902
96.9167			-0.00128976
96.95			-0.00128931
96.9833			-0.00128887
97.0167			-0.00128843
97.05			-0.00128798
97.0833			-0.00128754
97.1167			-0.0012871
97.15			-0.00128666
97.1833			-0.00128622
97.2167			-0.00128578
97.25			-0.00128534
97.2833			-0.0012849
97.3167			-0.00128446
97.35			-0.00128402
97.3833			-0.00128358
97.4167			-0.00128314
97.45			-0.0012827
97.4833			-0.00128226
97.5167			-0.00128182
97.55			-0.00128138
97.5833			-0.00128095
97.6167			-0.00128051
97.65			-0.00128007
97.6833			-0.00127963
97.7167			-0.0012792
97.75			-0.00127876
97.7833			-0.00127833
97.8167			-0.00127789
97.85			-0.00127745
97.8833			-0.00127702
97.9167			-0.00127658
97.95			-0.00127615
97.9833			-0.00127572
98.0167			-0.00127528
98.05			-0.00127485
98.0833			-0.00127442
98.1167			-0.00127398
98.15			-0.00127355
98.1833			-0.00127312
98.2167			-0.00127269
98.25			-0.00127225
98.2833			-0.00127182
98.3167			-0.00127139
98.35			-0.00127096
98.3833			-0.00127053
98.4167			-0.0012701
98.45			-0.00126967
98.4833			-0.00126924
98.5167			-0.00126881
98.55			-0.00126838
98.5833			-0.00126795
98.6167			-0.00126752
98.65			-0.0012671
98.6833			-0.00126667
98.7167			-0.00126624
98.75			-0.00126581
98.7833			-0.00126538
98.8167			-0.00126496
98.85			-0.00126453
98.8833			-0.00126411
98.9167			-0.00126368
98.95			-0.00126325
98.9833			-0.00126283
99.0167			-0.0012624
99.05			-0.00126198
99.0833			-0.00126155
99.1167			-0.00126113
99.15			-0.00126071
99.1833			-0.00126028
99.2167			-0.00125986
99.25			-0.00125944
99.2833			-0.00125901
99.3167			-0.00125859
99.35			-0.00125817
99.3833			-0.00125775
99.4167			-0.00125732
99.45			-0.0012569
99.4833			-0.00125648
99.5167			-0.00125606
99.55			-0.00125564
99.5833			-0.00125522
99.6167			-0.0012548
99.65			-0.00125438
99.6833			-0.00125396
99.7167			-0.00125354
99.75			-0.00125312
99.7833			-0.0012527
99.8167			-0.00125229
99.85			-0.00125187
99.8833			-0.00125145
99.9167			-0.00125103
99.95			-0.00125061
99.9833			-0.0012502
