0.05			-0.375
0.0833333			-0.374997
0.116667			-0.374905
0.15			-0.374364
0.183333			-0.372871
0.216667			-0.370099
0.25			-0.366007
0.283333			-0.360757
0.316667			-0.354609
0.35			-0.347843
0.383333			-0.34071
0.416667			-0.333414
0.45			-0.326114
0.483333			-0.318925
0.516667			-0.311928
0.55			-0.305174
0.583333			-0.298696
0.616667			-0.292509
0.65			-0.28662
0.683333			-0.281027
0.716667			-0.275722
0.75			-0.270696
0.783333			-0.265935
0.816667			-0.261426
0.85			-0.257156
0.883333			-0.253111
0.916667			-0.249276
0.95			-0.24564
0.983333			-0.242189
1.01667			-0.238912
1.05			-0.235797
1.08333			-0.232834
1.11667			-0.230014
1.15			-0.227328
1.18333			-0.224766
1.21667			-0.222322
1.25			-0.219987
1.28333			-0.217756
1.31667			-0.215622
1.35			-0.213579
1.38333			-0.211622
1.41667			-0.209745
1.45			-0.207945
1.48333			-0.206217
1.51667			-0.204556
1.55			-0.20296
1.58333			-0.201424
1.61667			-0.199945
1.65			-0.198521
1.68333			-0.197148
1.71667			-0.195824
1.75			-0.194546
1.78333			-0.193313
1.81667			-0.192121
1.85			-0.190969
1.88333			-0.189855
1.91667			-0.188777
1.95			-0.187734
1.98333			-0.186723
2.01667			-0.185744
2.05			-0.184795
2.08333			-0.183874
2.11667			-0.182981
2.15			-0.182114
2.18333			-0.181272
2.21667			-0.180454
2.25			-0.179659
2.28333			-0.178886
2.31667			-0.178134
2.35			-0.177403
2.38333			-0.176691
2.41667			-0.175999
2.45			-0.175324
2.48333			-0.174666
2.51667			-0.174026
2.55			-0.173401
2.58333			-0.172792
2.61667			-0.172198
2.65			-0.171618
2.68333			-0.171052
2.71667			-0.1705
2.75			-0.16996
2.78333			-0.169433
2.81667			-0.168918
2.85			-0.168415
2.88333			-0.167923
2.91667			-0.167442
2.95			-0.166972
2.98333			-0.166511
3.01667			-0.166061
3.05			-0.16562
3.08333			-0.165189
3.11667			-0.164766
3.15			-0.164353
3.18333			-0.163947
3.21667			-0.16355
3.25			-0.163161
3.28333			-0.162779
3.31667			-0.162406
3.35			-0.162039
3.38333			-0.161679
3.41667			-0.161326
3.45			-0.16098
3.48333			-0.160641
3.51667			-0.160307
3.55			-0.15998
3.58333			-0.159659
3.61667			-0.159344
3.65			-0.159034
3.68333			-0.15873
3.71667			-0.158431
3.75			-0.158137
3.78333			-0.157849
3.81667			-0.157565
3.85			-0.157286
3.88333			-0.157012
3.91667			-0.156743
3.95			-0.156478
3.98333			-0.156217
4.01667			-0.155961
4.05			-0.155708
4.08333			-0.15546
4.11667			-0.155216
4.15			-0.154976
4.18333			-0.154739
4.21667			-0.154506
4.25			-0.154277
4.28333			-0.154051
4.31667			-0.153829
4.35			-0.15361
4.38333			-0.153394
4.41667			-0.153182
4.45			-0.152972
4.48333			-0.152766
4.51667			-0.152563
4.55			-0.152362
4.58333			-0.152165
4.61667			-0.15197
4.65			-0.151779
4.68333			-0.151589
4.71667			-0.151403
4.75			-0.151219
4.78333			-0.151038
4.81667			-0.150859
4.85			-0.150682
4.88333			-0.150508
4.91667			-0.150336
4.95			-0.150167
4.98333			-0.15
5.01667			-0.149835
5.05			-0.149672
5.08333			-0.149511
5.11667			-0.149353
5.15			-0.149196
5.18333			-0.149041
5.21667			-0.148889
5.25			-0.148738
5.28333			-0.148589
5.31667			-0.148442
5.35			-0.148297
5.38333			-0.148153
5.41667			-0.148012
5.45			-0.147872
5.48333			-0.147733
5.51667			-0.147597
5.55			-0.147462
5.58333			-0.147328
5.61667			-0.147197
5.65			-0.147066
5.68333			-0.146938
5.71667			-0.14681
5.75			-0.146685
5.78333			-0.14656
5.81667			-0.146437
5.85			-0.146316
5.88333			-0.146195
5.91667			-0.146077
5.95			-0.145959
5.98333			-0.145843
6.01667			-0.145728
6.05			-0.145614
6.08333			-0.145502
6.11667			-0.145391
6.15			-0.145281
6.18333			-0.145172
6.21667			-0.145064
6.25			-0.144957
6.28333			-0.144852
6.31667			-0.144748
6.35			-0.144644
6.38333			-0.144542
6.41667			-0.144441
6.45			-0.144341
6.48333			-0.144242
6.51667			-0.144144
6.55			-0.144047
6.58333			-0.143951
6.61667			-0.143856
6.65			-0.143762
6.68333			-0.143668
6.71667			-0.143576
6.75			-0.143485
6.78333			-0.143394
6.81667			-0.143305
6.85			-0.143216
6.88333			-0.143128
6.91667			-0.143041
6.95			-0.142955
6.98333			-0.142869
7.01667			-0.142785
7.05			-0.142701
7.08333			-0.142618
7.11667			-0.142536
7.15			-0.142454
7.18333			-0.142373
7.21667			-0.142293
7.25			-0.142214
7.28333			-0.142136
7.31667			-0.142058
7.35			-0.141981
7.38333			-0.141904
7.41667			-0.141828
7.45			-0.141753
7.48333			-0.141679
7.51667			-0.141605
7.55			-0.141532
7.58333			-0.14146
7.61667			-0.141388
7.65			-0.141317
7.68333			-0.141246
7.71667			-0.141176
7.75			-0.141107
7.78333			-0.141038
7.81667			-0.14097
7.85			-0.140902
7.88333			-0.140835
7.91667			-0.140769
7.95			-0.140703
7.98333			-0.140637
8.01667			-0.140572
8.05			-0.140508
8.08333			-0.140444
8.11667			-0.140381
8.15			-0.140318
8.18333			-0.140256
8.21667			-0.140194
8.25			-0.140133
8.28333			-0.140072
8.31667			-0.140012
8.35			-0.139952
8.38333			-0.139893
8.41667			-0.139834
8.45			-0.139776
8.48333			-0.139718
8.51667			-0.13966
8.55			-0.139603
8.58333			-0.139547
8.61667			-0.139491
8.65			-0.139435
8.68333			-0.13938
8.71667			-0.139325
8.75			-0.13927
8.78333			-0.139216
8.81667			-0.139163
8.85			-0.139109
8.88333			-0.139056
8.91667			-0.139004
8.95			-0.138952
8.98333			-0.1389
9.01667			-0.138849
9.05			-0.138798
9.08333			-0.138748
9.11667			-0.138697
9.15			-0.138648
9.18333			-0.138598
9.21667			-0.138549
9.25			-0.1385
9.28333			-0.138452
9.31667			-0.138404
9.35			-0.138356
9.38333			-0.138309
9.41667			-0.138262
9.45			-0.138215
9.48333			-0.138169
9.51667			-0.138123
9.55			-0.138077
9.58333			-0.138032
9.61667			-0.137987
9.65			-0.137942
9.68333			-0.137897
9.71667			-0.137853
9.75			-0.137809
9.78333			-0.137766
9.81667			-0.137722
9.85			-0.137679
9.88333			-0.137637
9.91667			-0.137594
9.95			-0.137552
9.98333			-0.13751
10.0167			-0.137469
10.05			-0.137428
10.0833			-0.137387
10.1167			-0.137346
10.15			-0.137305
10.1833			-0.137265
10.2167			-0.137225
10.25			-0.137185
10.2833			-0.137146
10.3167			-0.137107
10.35			-0.137068
10.3833			-0.137029
10.4167			-0.136991
10.45			-0.136953
10.4833			-0.136915
10.5167			-0.136877
10.55			-0.136839
10.5833			-0.136802
10.6167			-0.136765
10.65			-0.136728
10.6833			-0.136692
10.7167			-0.136656
10.75			-0.13662
10.7833			-0.136584
10.8167			-0.136548
10.85			-0.136513
10.8833			-0.136477
10.9167			-0.136442
10.95			-0.136408
10.9833			-0.136373
11.0167			-0.136339
11.05			-0.136305
11.0833			-0.136271
11.1167			-0.136237
11.15			-0.136203
11.1833			-0.13617
11.2167			-0.136137
11.25			-0.136104
11.2833			-0.136071
11.3167			-0.136038
11.35			-0.136006
11.3833			-0.135974
11.4167			-0.135942
11.45			-0.13591
11.4833			-0.135878
11.5167			-0.135847
11.55			-0.135816
11.5833			-0.135785
11.6167			-0.135754
11.65			-0.135723
11.6833			-0.135692
11.7167			-0.135662
11.75			-0.135632
11.7833			-0.135602
11.8167			-0.135572
11.85			-0.135542
11.8833			-0.135513
11.9167			-0.135483
11.95			-0.135454
11.9833			-0.135425
12.0167			-0.135396
12.05			-0.135367
12.0833			-0.135339
12.1167			-0.135311
12.15			-0.135282
12.1833			-0.135254
12.2167			-0.135226
12.25			-0.135198
12.2833			-0.135171
12.3167			-0.135143
12.35			-0.135116
12.3833			-0.135089
12.4167			-0.135062
12.45			-0.135035
12.4833			-0.135008
12.5167			-0.134981
12.55			-0.134955
12.5833			-0.134929
12.6167			-0.134902
12.65			-0.134876
12.6833			-0.13485
12.7167			-0.134825
12.75			-0.134799
12.7833			-0.134773
12.8167			-0.134748
12.85			-0.134723
12.8833			-0.134698
12.9167			-0.134673
12.95			-0.134648
12.9833			-0.134623
13.0167			-0.134598
13.05			-0.134574
13.0833			-0.134549
13.1167			-0.134525
13.15			-0.134501
13.1833			-0.134477
13.2167			-0.134453
13.25			-0.134429
13.2833			-0.134406
13.3167			-0.134382
13.35			-0.134359
13.3833			-0.134336
13.4167			-0.134312
13.45			-0.134289
13.4833			-0.134266
13.5167			-0.134244
13.55			-0.134221
13.5833			-0.134198
13.6167			-0.134176
13.65			-0.134153
13.6833			-0.134131
13.7167			-0.134109
13.75			-0.134087
13.7833			-0.134065
13.8167			-0.134043
13.85			-0.134021
13.8833			-0.134
13.9167			-0.133978
13.95			-0.133957
13.9833			-0.133935
14.0167			-0.133914
14.05			-0.133893
14.0833			-0.133872
14.1167			-0.133851
14.15			-0.13383
14.1833			-0.13381
14.2167			-0.133789
14.25			-0.133768
14.2833			-0.133748
14.3167			-0.133728
14.35			-0.133707
14.3833			-0.133687
14.4167			-0.133667
14.45			-0.133647
14.4833			-0.133627
14.5167			-0.133607
14.55			-0.133588
14.5833			-0.133568
14.6167			-0.133549
14.65			-0.133529
14.6833			-0.13351
14.7167			-0.133491
14.75			-0.133471
14.7833			-0.133452
14.8167			-0.133433
14.85			-0.133414
14.8833			-0.133395
14.9167			-0.133377
14.95			-0.133358
14.9833			-0.13334
15.0167			-0.133321
15.05			-0.133303
15.0833			-0.133284
15.1167			-0.133266
15.15			-0.133248
15.1833			-0.13323
15.2167			-0.133212
15.25			-0.133194
15.2833			-0.133176
15.3167			-0.133158
15.35			-0.13314
15.3833			-0.133123
15.4167			-0.133105
15.45			-0.133088
15.4833			-0.13307
15.5167			-0.133053
15.55			-0.133036
15.5833			-0.133019
15.6167			-0.133002
15.65			-0.132985
15.6833			-0.132968
15.7167			-0.132951
15.75			-0.132934
15.7833			-0.132917
15.8167			-0.1329
15.85			-0.132884
15.8833			-0.132867
15.9167			-0.132851
15.95			-0.132834
15.9833			-0.132818
16.0167			-0.132802
16.05			-0.132786
16.0833			-0.13277
16.1167			-0.132753
16.15			-0.132737
16.1833			-0.132722
16.2167			-0.132706
16.25			-0.13269
16.2833			-0.132674
16.3167			-0.132658
16.35			-0.132643
16.3833			-0.132627
16.4167			-0.132612
16.45			-0.132596
16.4833			-0.132581
16.5167			-0.132566
16.55			-0.132551
16.5833			-0.132535
16.6167			-0.13252
16.65			-0.132505
16.6833			-0.13249
16.7167			-0.132475
16.75			-0.13246
16.7833			-0.132446
16.8167			-0.132431
16.85			-0.132416
16.8833			-0.132402
16.9167			-0.132387
16.95			-0.132372
16.9833			-0.132358
17.0167			-0.132344
17.05			-0.132329
17.0833			-0.132315
17.1167			-0.132301
17.15			-0.132287
17.1833			-0.132272
17.2167			-0.132258
17.25			-0.132244
17.2833			-0.13223
17.3167			-0.132216
17.35			-0.132203
17.3833			-0.132189
17.4167			-0.132175
17.45			-0.132161
17.4833			-0.132148
17.5167			-0.132134
17.55			-0.132121
17.5833			-0.132107
17.6167			-0.132094
17.65			-0.13208
17.6833			-0.132067
17.7167			-0.132054
17.75			-0.13204
17.7833			-0.132027
17.8167			-0.132014
17.85			-0.132001
17.8833			-0.131988
17.9167			-0.131975
17.95			-0.131962
17.9833			-0.131949
18.0167			-0.131936
18.05			-0.131923
18.0833			-0.131911
18.1167			-0.131898
18.15			-0.131885
18.1833			-0.131873
18.2167			-0.13186
18.25			-0.131848
18.2833			-0.131835
18.3167			-0.131823
18.35			-0.13181
18.3833			-0.131798
18.4167			-0.131786
18.45			-0.131773
18.4833			-0.131761
18.5167			-0.131749
18.55			-0.131737
18.5833			-0.131725
18.6167			-0.131713
18.65			-0.131701
18.6833			-0.131689
18.7167			-0.131677
18.75			-0.131665
18.7833			-0.131653
18.8167			-0.131641
18.85			-0.13163
18.8833			-0.131618
18.9167			-0.131606
18.95			-0.131595
18.9833			-0.131583
19.0167			-0.131572
19.05			-0.13156
19.0833			-0.131549
19.1167			-0.131537
19.15			-0.131526
19.1833			-0.131515
19.2167			-0.131503
19.25			-0.131492
19.2833			-0.131481
19.3167			-0.13147
19.35			-0.131459
19.3833			-0.131447
19.4167			-0.131436
19.45			-0.131425
19.4833			-0.131414
19.5167			-0.131403
19.55			-0.131392
19.5833			-0.131382
19.6167			-0.131371
19.65			-0.13136
19.6833			-0.131349
19.7167			-0.131338
19.75			-0.131328
19.7833			-0.131317
19.8167			-0.131306
19.85			-0.131296
19.8833			-0.131285
19.9167			-0.131275
19.95			-0.131264
19.9833			-0.131254
20.0167			-0.131243
20.05			-0.131233
20.0833			-0.131223
20.1167			-0.131212
20.15			-0.131202
20.1833			-0.131192
20.2167			-0.131182
20.25			-0.131172
20.2833			-0.131161
20.3167			-0.131151
20.35			-0.131141
20.3833			-0.131131
20.4167			-0.131121
20.45			-0.131111
20.4833			-0.131101
20.5167			-0.131091
20.55			-0.131082
20.5833			-0.131072
20.6167			-0.131062
20.65			-0.131052
20.6833			-0.131042
20.7167			-0.131033
20.75			-0.131023
20.7833			-0.131013
20.8167			-0.131004
20.85			-0.130994
20.8833			-0.130984
20.9167			-0.130975
20.95			-0.130965
20.9833			-0.130956
21.0167			-0.130947
21.05			-0.130937
21.0833			-0.130928
21.1167			-0.130918
21.15			-0.130909
21.1833			-0.1309
21.2167			-0.130891
21.25			-0.130881
21.2833			-0.130872
21.3167			-0.130863
21.35			-0.130854
21.3833			-0.130845
21.4167			-0.130836
21.45			-0.130826
21.4833			-0.130817
21.5167			-0.130808
21.55			-0.130799
21.5833			-0.13079
21.6167			-0.130782
21.65			-0.130773
21.6833			-0.130764
21.7167			-0.130755
21.75			-0.130746
21.7833			-0.130737
21.8167			-0.130729
21.85			-0.13072
21.8833			-0.130711
21.9167			-0.130702
21.95			-0.130694
21.9833			-0.130685
22.0167			-0.130677
22.05			-0.130668
22.0833			-0.130659
22.1167			-0.130651
22.15			-0.130642
22.1833			-0.130634
22.2167			-0.130625
22.25			-0.130617
22.2833			-0.130609
22.3167			-0.1306
22.35			-0.130592
22.3833			-0.130584
22.4167			-0.130575
22.45			-0.130567
22.4833			-0.130559
22.5167			-0.130551
22.55			-0.130542
22.5833			-0.130534
22.6167			-0.130526
22.65			-0.130518
22.6833			-0.13051
22.7167			-0.130502
22.75			-0.130494
22.7833			-0.130486
22.8167			-0.130478
22.85			-0.13047
22.8833			-0.130462
22.9167			-0.130454
22.95			-0.130446
22.9833			-0.130438
23.0167			-0.13043
23.05			-0.130422
23.0833			-0.130414
23.1167			-0.130407
23.15			-0.130399
23.1833			-0.130391
23.2167			-0.130383
23.25			-0.130376
23.2833			-0.130368
23.3167			-0.13036
23.35			-0.130353
23.3833			-0.130345
23.4167			-0.130337
23.45			-0.13033
23.4833			-0.130322
23.5167			-0.130315
23.55			-0.130307
23.5833			-0.1303
23.6167			-0.130292
23.65			-0.130285
23.6833			-0.130277
23.7167			-0.13027
23.75			-0.130262
23.7833			-0.130255
23.8167			-0.130248
23.85			-0.13024
23.8833			-0.130233
23.9167			-0.130226
23.95			-0.130218
23.9833			-0.130211
24.0167			-0.130204
24.05			-0.130197
24.0833			-0.13019
24.1167			-0.130182
24.15			-0.130175
24.1833			-0.130168
24.2167			-0.130161
24.25			-0.130154
24.2833			-0.130147
24.3167			-0.13014
24.35			-0.130133
24.3833			-0.130126
24.4167			-0.130119
24.45			-0.130112
24.4833			-0.130105
24.5167			-0.130098
24.55			-0.130091
24.5833			-0.130084
24.6167			-0.130077
24.65			-0.13007
24.6833			-0.130063
24.7167			-0.130057
24.75			-0.13005
24.7833			-0.130043
24.8167			-0.130036
24.85			-0.13003
24.8833			-0.130023
24.9167			-0.130016
24.95			-0.130009
24.9833			-0.130003
25.0167			-0.129996
25.05			-0.129989
25.0833			-0.129983
25.1167			-0.129976
25.15			-0.12997
25.1833			-0.129963
25.2167			-0.129956
25.25			-0.12995
25.2833			-0.129943
25.3167			-0.129937
25.35			-0.12993
25.3833			-0.129924
25.4167			-0.129917
25.45			-0.129911
25.4833			-0.129905
25.5167			-0.129898
25.55			-0.129892
25.5833			-0.129885
25.6167			-0.129879
25.65			-0.129873
25.6833			-0.129866
25.7167			-0.12986
25.75			-0.129854
25.7833			-0.129847
25.8167			-0.129841
25.85			-0.129835
25.8833			-0.129829
25.9167			-0.129823
25.95			-0.129816
25.9833			-0.12981
26.0167			-0.129804
26.05			-0.129798
26.0833			-0.129792
26.1167			-0.129786
26.15			-0.12978
26.1833			-0.129773
26.2167			-0.129767
26.25			-0.129761
26.2833			-0.129755
26.3167			-0.129749
26.35			-0.129743
26.3833			-0.129737
26.4167			-0.129731
26.45			-0.129725
26.4833			-0.129719
26.5167			-0.129713
26.55			-0.129708
26.5833			-0.129702
26.6167			-0.129696
26.65			-0.12969
26.6833			-0.129684
26.7167			-0.129678
26.75			-0.129672
26.7833			-0.129667
26.8167			-0.129661
26.85			-0.129655
26.8833			-0.129649
26.9167			-0.129643
26.95			-0.129638
26.9833			-0.129632
27.0167			-0.129626
27.05			-0.129621
27.0833			-0.129615
27.1167			-0.129609
27.15			-0.129604
27.1833			-0.129598
27.2167			-0.129592
27.25			-0.129587
27.2833			-0.129581
27.3167			-0.129575
27.35			-0.12957
27.3833			-0.129564
27.4167			-0.129559
27.45			-0.129553
27.4833			-0.129548
27.5167			-0.129542
27.55			-0.129537
27.5833			-0.129531
27.6167			-0.129526
27.65			-0.12952
27.6833			-0.129515
27.7167			-0.129509
27.75			-0.129504
27.7833			-0.129499
27.8167			-0.129493
27.85			-0.129488
27.8833			-0.129482
27.9167			-0.129477
27.95			-0.129472
27.9833			-0.129466
28.0167			-0.129461
28.05			-0.129456
28.0833			-0.129451
28.1167			-0.129445
28.15			-0.12944
28.1833			-0.129435
28.2167			-0.12943
28.25			-0.129424
28.2833			-0.129419
28.3167			-0.129414
28.35			-0.129409
28.3833			-0.129404
28.4167			-0.129398
28.45			-0.129393
28.4833			-0.129388
28.5167			-0.129383
28.55			-0.129378
28.5833			-0.129373
28.6167			-0.129368
28.65			-0.129363
28.6833			-0.129357
28.7167			-0.129352
28.75			-0.129347
28.7833			-0.129342
28.8167			-0.129337
28.85			-0.129332
28.8833			-0.129327
28.9167			-0.129322
28.95			-0.129317
28.9833			-0.129312
29.0167			-0.129307
29.05			-0.129303
29.0833			-0.129298
29.1167			-0.129293
29.15			-0.129288
29.1833			-0.129283
29.2167			-0.129278
29.25			-0.129273
29.2833			-0.129268
29.3167			-0.129263
29.35			-0.129259
29.3833			-0.129254
29.4167			-0.129249
29.45			-0.129244
29.4833			-0.129239
29.5167			-0.129234
29.55			-0.12923
29.5833			-0.129225
29.6167			-0.12922
29.65			-0.129215
29.6833			-0.129211
29.7167			-0.129206
29.75			-0.129201
29.7833			-0.129197
29.8167			-0.129192
29.85			-0.129187
29.8833			-0.129183
29.9167			-0.129178
29.95			-0.129173
29.9833			-0.129169
30.0167			-0.129164
30.05			-0.129159
30.0833			-0.129155
30.1167			-0.12915
30.15			-0.129146
30.1833			-0.129141
30.2167			-0.129136
30.25			-0.129132
30.2833			-0.129127
30.3167			-0.129123
30.35			-0.129118
30.3833			-0.129114
30.4167			-0.129109
30.45			-0.129105
30.4833			-0.1291
30.5167			-0.129096
30.55			-0.129091
30.5833			-0.129087
30.6167			-0.129082
30.65			-0.129078
30.6833			-0.129074
30.7167			-0.129069
30.75			-0.129065
30.7833			-0.12906
30.8167			-0.129056
30.85			-0.129052
30.8833			-0.129047
30.9167			-0.129043
30.95			-0.129038
30.9833			-0.129034
31.0167			-0.12903
31.05			-0.129025
31.0833			-0.129021
31.1167			-0.129017
31.15			-0.129012
31.1833			-0.129008
31.2167			-0.129004
31.25			-0.129
31.2833			-0.128995
31.3167			-0.128991
31.35			-0.128987
31.3833			-0.128983
31.4167			-0.128978
31.45			-0.128974
31.4833			-0.12897
31.5167			-0.128966
31.55			-0.128962
31.5833			-0.128957
31.6167			-0.128953
31.65			-0.128949
31.6833			-0.128945
31.7167			-0.128941
31.75			-0.128937
31.7833			-0.128933
31.8167			-0.128928
31.85			-0.128924
31.8833			-0.12892
31.9167			-0.128916
31.95			-0.128912
31.9833			-0.128908
32.0167			-0.128904
32.05			-0.1289
32.0833			-0.128896
32.1167			-0.128892
32.15			-0.128888
32.1833			-0.128884
32.2167			-0.12888
32.25			-0.128876
32.2833			-0.128872
32.3167			-0.128868
32.35			-0.128864
32.3833			-0.12886
32.4167			-0.128856
32.45			-0.128852
32.4833			-0.128848
32.5167			-0.128844
32.55			-0.12884
32.5833			-0.128836
32.6167			-0.128832
32.65			-0.128828
32.6833			-0.128824
32.7167			-0.12882
32.75			-0.128816
32.7833			-0.128813
32.8167			-0.128809
32.85			-0.128805
32.8833			-0.128801
32.9167			-0.128797
32.95			-0.128793
32.9833			-0.12879
33.0167			-0.128786
33.05			-0.128782
33.0833			-0.128778
33.1167			-0.128774
33.15			-0.12877
33.1833			-0.128767
33.2167			-0.128763
33.25			-0.128759
33.2833			-0.128755
33.3167			-0.128752
33.35			-0.128748
33.3833			-0.128744
33.4167			-0.12874
33.45			-0.128737
33.4833			-0.128733
33.5167			-0.128729
33.55			-0.128726
33.5833			-0.128722
33.6167			-0.128718
33.65			-0.128714
33.6833			-0.128711
33.7167			-0.128707
33.75			-0.128703
33.7833			-0.1287
33.8167			-0.128696
33.85			-0.128692
33.8833			-0.128689
33.9167			-0.128685
33.95			-0.128682
33.9833			-0.128678
34.0167			-0.128674
34.05			-0.128671
34.0833			-0.128667
34.1167			-0.128664
34.15			-0.12866
34.1833			-0.128656
34.2167			-0.128653
34.25			-0.128649
34.2833			-0.128646
34.3167			-0.128642
34.35			-0.128639
34.3833			-0.128635
34.4167			-0.128632
34.45			-0.128628
34.4833			-0.128625
34.5167			-0.128621
34.55			-0.128618
34.5833			-0.128614
34.6167			-0.128611
34.65			-0.128607
34.6833			-0.128604
34.7167			-0.1286
34.75			-0.128597
34.7833			-0.128593
34.8167			-0.12859
34.85			-0.128587
34.8833			-0.128583
34.9167			-0.12858
34.95			-0.128576
34.9833			-0.128573
35.0167			-0.128569
35.05			-0.128566
35.0833			-0.128563
35.1167			-0.128559
35.15			-0.128556
35.1833			-0.128553
35.2167			-0.128549
35.25			-0.128546
35.2833			-0.128543
35.3167			-0.128539
35.35			-0.128536
35.3833			-0.128533
35.4167			-0.128529
35.45			-0.128526
35.4833			-0.128523
35.5167			-0.128519
35.55			-0.128516
35.5833			-0.128513
35.6167			-0.128509
35.65			-0.128506
35.6833			-0.128503
35.7167			-0.1285
35.75			-0.128496
35.7833			-0.128493
35.8167			-0.12849
35.85			-0.128487
35.8833			-0.128483
35.9167			-0.12848
35.95			-0.128477
35.9833			-0.128474
36.0167			-0.12847
36.05			-0.128467
36.0833			-0.128464
36.1167			-0.128461
36.15			-0.128458
36.1833			-0.128454
36.2167			-0.128451
36.25			-0.128448
36.2833			-0.128445
36.3167			-0.128442
36.35			-0.128439
36.3833			-0.128435
36.4167			-0.128432
36.45			-0.128429
36.4833			-0.128426
36.5167			-0.128423
36.55			-0.12842
36.5833			-0.128417
36.6167			-0.128414
36.65			-0.12841
36.6833			-0.128407
36.7167			-0.128404
36.75			-0.128401
36.7833			-0.128398
36.8167			-0.128395
36.85			-0.128392
36.8833			-0.128389
36.9167			-0.128386
36.95			-0.128383
36.9833			-0.12838
37.0167			-0.128377
37.05			-0.128374
37.0833			-0.128371
37.1167			-0.128368
37.15			-0.128365
37.1833			-0.128362
37.2167			-0.128359
37.25			-0.128356
37.2833			-0.128353
37.3167			-0.12835
37.35			-0.128347
37.3833			-0.128344
37.4167			-0.128341
37.45			-0.128338
37.4833			-0.128335
37.5167			-0.128332
37.55			-0.128329
37.5833			-0.128326
37.6167			-0.128323
37.65			-0.12832
37.6833			-0.128317
37.7167			-0.128314
37.75			-0.128311
37.7833			-0.128308
37.8167			-0.128305
37.85			-0.128302
37.8833			-0.128299
37.9167			-0.128297
37.95			-0.128294
37.9833			-0.128291
38.0167			-0.128288
38.05			-0.128285
38.0833			-0.128282
38.1167			-0.128279
38.15			-0.128276
38.1833			-0.128273
38.2167			-0.128271
38.25			-0.128268
38.2833			-0.128265
38.3167			-0.128262
38.35			-0.128259
38.3833			-0.128256
38.4167			-0.128254
38.45			-0.128251
38.4833			-0.128248
38.5167			-0.128245
38.55			-0.128242
38.5833			-0.12824
38.6167			-0.128237
38.65			-0.128234
38.6833			-0.128231
38.7167			-0.128228
38.75			-0.128226
38.7833			-0.128223
38.8167			-0.12822
38.85			-0.128217
38.8833			-0.128215
38.9167			-0.128212
38.95			-0.128209
38.9833			-0.128206
39.0167			-0.128204
39.05			-0.128201
39.0833			-0.128198
39.1167			-0.128195
39.15			-0.128193
39.1833			-0.12819
39.2167			-0.128187
39.25			-0.128185
39.2833			-0.128182
39.3167			-0.128179
39.35			-0.128176
39.3833			-0.128174
39.4167			-0.128171
39.45			-0.128168
39.4833			-0.128166
39.5167			-0.128163
39.55			-0.12816
39.5833			-0.128158
39.6167			-0.128155
39.65			-0.128152
39.6833			-0.12815
39.7167			-0.128147
39.75			-0.128144
39.7833			-0.128142
39.8167			-0.128139
39.85			-0.128137
39.8833			-0.128134
39.9167			-0.128131
39.95			-0.128129
39.9833			-0.128126
40.0167			-0.128124
40.05			-0.128121
40.0833			-0.128118
40.1167			-0.128116
40.15			-0.128113
40.1833			-0.128111
40.2167			-0.128108
40.25			-0.128105
40.2833			-0.128103
40.3167			-0.1281
40.35			-0.128098
40.3833			-0.128095
40.4167			-0.128093
40.45			-0.12809
40.4833			-0.128088
40.5167			-0.128085
40.55			-0.128082
40.5833			-0.12808
40.6167			-0.128077
40.65			-0.128075
40.6833			-0.128072
40.7167			-0.12807
40.75			-0.128067
40.7833			-0.128065
40.8167			-0.128062
40.85			-0.12806
40.8833			-0.128057
40.9167			-0.128055
40.95			-0.128052
40.9833			-0.12805
41.0167			-0.128047
41.05			-0.128045
41.0833			-0.128042
41.1167			-0.12804
41.15			-0.128038
41.1833			-0.128035
41.2167			-0.128033
41.25			-0.12803
41.2833			-0.128028
41.3167			-0.128025
41.35			-0.128023
41.3833			-0.12802
41.4167			-0.128018
41.45			-0.128016
41.4833			-0.128013
41.5167			-0.128011
41.55			-0.128008
41.5833			-0.128006
41.6167			-0.128003
41.65			-0.128001
41.6833			-0.127999
41.7167			-0.127996
41.75			-0.127994
41.7833			-0.127991
41.8167			-0.127989
41.85			-0.127987
41.8833			-0.127984
41.9167			-0.127982
41.95			-0.12798
41.9833			-0.127977
42.0167			-0.127975
42.05			-0.127973
42.0833			-0.12797
42.1167			-0.127968
42.15			-0.127965
42.1833			-0.127963
42.2167			-0.127961
42.25			-0.127958
42.2833			-0.127956
42.3167			-0.127954
42.35			-0.127951
42.3833			-0.127949
42.4167			-0.127947
42.45			-0.127945
42.4833			-0.127942
42.5167			-0.12794
42.55			-0.127938
42.5833			-0.127935
42.6167			-0.127933
42.65			-0.127931
42.6833			-0.127928
42.7167			-0.127926
42.75			-0.127924
42.7833			-0.127922
42.8167			-0.127919
42.85			-0.127917
42.8833			-0.127915
42.9167			-0.127912
42.95			-0.12791
42.9833			-0.127908
43.0167			-0.127906
43.05			-0.127903
43.0833			-0.127901
43.1167			-0.127899
43.15			-0.127897
43.1833			-0.127895
43.2167			-0.127892
43.25			-0.12789
43.2833			-0.127888
43.3167			-0.127886
43.35			-0.127883
43.3833			-0.127881
43.4167			-0.127879
43.45			-0.127877
43.4833			-0.127875
43.5167			-0.127872
43.55			-0.12787
43.5833			-0.127868
43.6167			-0.127866
43.65			-0.127864
43.6833			-0.127861
43.7167			-0.127859
43.75			-0.127857
43.7833			-0.127855
43.8167			-0.127853
43.85			-0.127851
43.8833			-0.127848
43.9167			-0.127846
43.95			-0.127844
43.9833			-0.127842
44.0167			-0.12784
44.05			-0.127838
44.0833			-0.127835
44.1167			-0.127833
44.15			-0.127831
44.1833			-0.127829
44.2167			-0.127827
44.25			-0.127825
44.2833			-0.127823
44.3167			-0.12782
44.35			-0.127818
44.3833			-0.127816
44.4167			-0.127814
44.45			-0.127812
44.4833			-0.12781
44.5167			-0.127808
44.55			-0.127806
44.5833			-0.127804
44.6167			-0.127802
44.65			-0.127799
44.6833			-0.127797
44.7167			-0.127795
44.75			-0.127793
44.7833			-0.127791
44.8167			-0.127789
44.85			-0.127787
44.8833			-0.127785
44.9167			-0.127783
44.95			-0.127781
44.9833			-0.127779
45.0167			-0.127777
45.05			-0.127775
45.0833			-0.127773
45.1167			-0.12777
45.15			-0.127768
45.1833			-0.127766
45.2167			-0.127764
45.25			-0.127762
45.2833			-0.12776
45.3167			-0.127758
45.35			-0.127756
45.3833			-0.127754
45.4167			-0.127752
45.45			-0.12775
45.4833			-0.127748
45.5167			-0.127746
45.55			-0.127744
45.5833			-0.127742
45.6167			-0.12774
45.65			-0.127738
45.6833			-0.127736
45.7167			-0.127734
45.75			-0.127732
45.7833			-0.12773
45.8167			-0.127728
45.85			-0.127726
45.8833			-0.127724
45.9167			-0.127722
45.95			-0.12772
45.9833			-0.127718
46.0167			-0.127716
46.05			-0.127714
46.0833			-0.127712
46.1167			-0.12771
46.15			-0.127708
46.1833			-0.127706
46.2167			-0.127705
46.25			-0.127703
46.2833			-0.127701
46.3167			-0.127699
46.35			-0.127697
46.3833			-0.127695
46.4167			-0.127693
46.45			-0.127691
46.4833			-0.127689
46.5167			-0.127687
46.55			-0.127685
46.5833			-0.127683
46.6167			-0.127681
46.65			-0.127679
46.6833			-0.127678
46.7167			-0.127676
46.75			-0.127674
46.7833			-0.127672
46.8167			-0.12767
46.85			-0.127668
46.8833			-0.127666
46.9167			-0.127664
46.95			-0.127662
46.9833			-0.12766
47.0167			-0.127659
47.05			-0.127657
47.0833			-0.127655
47.1167			-0.127653
47.15			-0.127651
47.1833			-0.127649
47.2167			-0.127647
47.25			-0.127645
47.2833			-0.127644
47.3167			-0.127642
47.35			-0.12764
47.3833			-0.127638
47.4167			-0.127636
47.45			-0.127634
47.4833			-0.127632
47.5167			-0.127631
47.55			-0.127629
47.5833			-0.127627
47.6167			-0.127625
47.65			-0.127623
47.6833			-0.127621
47.7167			-0.12762
47.75			-0.127618
47.7833			-0.127616
47.8167			-0.127614
47.85			-0.127612
47.8833			-0.12761
47.9167			-0.127609
47.95			-0.127607
47.9833			-0.127605
48.0167			-0.127603
48.05			-0.127601
48.0833			-0.1276
48.1167			-0.127598
48.15			-0.127596
48.1833			-0.127594
48.2167			-0.127592
48.25			-0.127591
48.2833			-0.127589
48.3167			-0.127587
48.35			-0.127585
48.3833			-0.127583
48.4167			-0.127582
48.45			-0.12758
48.4833			-0.127578
48.5167			-0.127576
48.55			-0.127575
48.5833			-0.127573
48.6167			-0.127571
48.65			-0.127569
48.6833			-0.127568
48.7167			-0.127566
48.75			-0.127564
48.7833			-0.127562
48.8167			-0.127561
48.85			-0.127559
48.8833			-0.127557
48.9167			-0.127555
48.95			-0.127554
48.9833			-0.127552
49.0167			-0.12755
49.05			-0.127548
49.0833			-0.127547
49.1167			-0.127545
49.15			-0.127543
49.1833			-0.127541
49.2167			-0.12754
49.25			-0.127538
49.2833			-0.127536
49.3167			-0.127535
49.35			-0.127533
49.3833			-0.127531
49.4167			-0.127529
49.45			-0.127528
49.4833			-0.127526
49.5167			-0.127524
49.55			-0.127523
49.5833			-0.127521
49.6167			-0.127519
49.65			-0.127518
49.6833			-0.127516
49.7167			-0.127514
49.75			-0.127512
49.7833			-0.127511
49.8167			-0.127509
49.85			-0.127507
49.8833			-0.127506
49.9167			-0.127504
49.95			-0.127502
49.9833			-0.127501
50.0167			-0.127499
50.05			-0.127497
50.0833			-0.127496
50.1167			-0.127494
50.15			-0.127492
50.1833			-0.127491
50.2167			-0.127489
50.25			-0.127487
50.2833			-0.127486
50.3167			-0.127484
50.35			-0.127483
50.3833			-0.127481
50.4167			-0.127479
50.45			-0.127478
50.4833			-0.127476
50.5167			-0.127474
50.55			-0.127473
50.5833			-0.127471
50.6167			-0.127469
50.65			-0.127468
50.6833			-0.127466
50.7167			-0.127465
50.75			-0.127463
50.7833			-0.127461
50.8167			-0.12746
50.85			-0.127458
50.8833			-0.127457
50.9167			-0.127455
50.95			-0.127453
50.9833			-0.127452
51.0167			-0.12745
51.05			-0.127449
51.0833			-0.127447
51.1167			-0.127445
51.15			-0.127444
51.1833			-0.127442
51.2167			-0.127441
51.25			-0.127439
51.2833			-0.127437
51.3167			-0.127436
51.35			-0.127434
51.3833			-0.127433
51.4167			-0.127431
51.45			-0.127429
51.4833			-0.127428
51.5167			-0.127426
51.55			-0.127425
51.5833			-0.127423
51.6167			-0.127422
51.65			-0.12742
51.6833			-0.127418
51.7167			-0.127417
51.75			-0.127415
51.7833			-0.127414
51.8167			-0.127412
51.85			-0.127411
51.8833			-0.127409
51.9167			-0.127408
51.95			-0.127406
51.9833			-0.127405
52.0167			-0.127403
52.05			-0.127401
52.0833			-0.1274
52.1167			-0.127398
52.15			-0.127397
52.1833			-0.127395
52.2167			-0.127394
52.25			-0.127392
52.2833			-0.127391
52.3167			-0.127389
52.35			-0.127388
52.3833			-0.127386
52.4167			-0.127385
52.45			-0.127383
52.4833			-0.127382
52.5167			-0.12738
52.55			-0.127379
52.5833			-0.127377
52.6167			-0.127376
52.65			-0.127374
52.6833			-0.127373
52.7167			-0.127371
52.75			-0.12737
52.7833			-0.127368
52.8167			-0.127367
52.85			-0.127365
52.8833			-0.127364
52.9167			-0.127362
52.95			-0.127361
52.9833			-0.127359
53.0167			-0.127358
53.05			-0.127356
53.0833			-0.127355
53.1167			-0.127353
53.15			-0.127352
53.1833			-0.12735
53.2167			-0.127349
53.25			-0.127347
53.2833			-0.127346
53.3167			-0.127344
53.35			-0.127343
53.3833			-0.127341
53.4167			-0.12734
53.45			-0.127339
53.4833			-0.127337
53.5167			-0.127336
53.55			-0.127334
53.5833			-0.127333
53.6167			-0.127331
53.65			-0.12733
53.6833			-0.127328
53.7167			-0.127327
53.75			-0.127326
53.7833			-0.127324
53.8167			-0.127323
53.85			-0.127321
53.8833			-0.12732
53.9167			-0.127318
53.95			-0.127317
53.9833			-0.127315
54.0167			-0.127314
54.05			-0.127313
54.0833			-0.127311
54.1167			-0.12731
54.15			-0.127308
54.1833			-0.127307
54.2167			-0.127305
54.25			-0.127304
54.2833			-0.127303
54.3167			-0.127301
54.35			-0.1273
54.3833			-0.127298
54.4167			-0.127297
54.45			-0.127296
54.4833			-0.127294
54.5167			-0.127293
54.55			-0.127291
54.5833			-0.12729
54.6167			-0.127289
54.65			-0.127287
54.6833			-0.127286
54.7167			-0.127284
54.75			-0.127283
54.7833			-0.127282
54.8167			-0.12728
54.85			-0.127279
54.8833			-0.127277
54.9167			-0.127276
54.95			-0.127275
54.9833			-0.127273
55.0167			-0.127272
55.05			-0.127271
55.0833			-0.127269
55.1167			-0.127268
55.15			-0.127266
55.1833			-0.127265
55.2167			-0.127264
55.25			-0.127262
55.2833			-0.127261
55.3167			-0.12726
55.35			-0.127258
55.3833			-0.127257
55.4167			-0.127256
55.45			-0.127254
55.4833			-0.127253
55.5167			-0.127252
55.55			-0.12725
55.5833			-0.127249
55.6167			-0.127247
55.65			-0.127246
55.6833			-0.127245
55.7167			-0.127243
55.75			-0.127242
55.7833			-0.127241
55.8167			-0.127239
55.85			-0.127238
55.8833			-0.127237
55.9167			-0.127235
55.95			-0.127234
55.9833			-0.127233
56.0167			-0.127231
56.05			-0.12723
56.0833			-0.127229
56.1167			-0.127227
56.15			-0.127226
56.1833			-0.127225
56.2167			-0.127223
56.25			-0.127222
56.2833			-0.127221
56.3167			-0.12722
56.35			-0.127218
56.3833			-0.127217
56.4167			-0.127216
56.45			-0.127214
56.4833			-0.127213
56.5167			-0.127212
56.55			-0.12721
56.5833			-0.127209
56.6167			-0.127208
56.65			-0.127206
56.6833			-0.127205
56.7167			-0.127204
56.75			-0.127203
56.7833			-0.127201
56.8167			-0.1272
56.85			-0.127199
56.8833			-0.127197
56.9167			-0.127196
56.95			-0.127195
56.9833			-0.127194
57.0167			-0.127192
57.05			-0.127191
57.0833			-0.12719
57.1167			-0.127188
57.15			-0.127187
57.1833			-0.127186
57.2167			-0.127185
57.25			-0.127183
57.2833			-0.127182
57.3167			-0.127181
57.35			-0.12718
57.3833			-0.127178
57.4167			-0.127177
57.45			-0.127176
57.4833			-0.127174
57.5167			-0.127173
57.55			-0.127172
57.5833			-0.127171
57.6167			-0.127169
57.65			-0.127168
57.6833			-0.127167
57.7167			-0.127166
57.75			-0.127164
57.7833			-0.127163
57.8167			-0.127162
57.85			-0.127161
57.8833			-0.127159
57.9167			-0.127158
57.95			-0.127157
57.9833			-0.127156
58.0167			-0.127154
58.05			-0.127153
58.0833			-0.127152
58.1167			-0.127151
58.15			-0.12715
58.1833			-0.127148
58.2167			-0.127147
58.25			-0.127146
58.2833			-0.127145
58.3167			-0.127143
58.35			-0.127142
58.3833			-0.127141
58.4167			-0.12714
58.45			-0.127139
58.4833			-0.127137
58.5167			-0.127136
58.55			-0.127135
58.5833			-0.127134
58.6167			-0.127132
58.65			-0.127131
58.6833			-0.12713
58.7167			-0.127129
58.75			-0.127128
58.7833			-0.127126
58.8167			-0.127125
58.85			-0.127124
58.8833			-0.127123
58.9167			-0.127122
58.95			-0.12712
58.9833			-0.127119
59.0167			-0.127118
59.05			-0.127117
59.0833			-0.127116
59.1167			-0.127114
59.15			-0.127113
59.1833			-0.127112
59.2167			-0.127111
59.25			-0.12711
59.2833			-0.127108
59.3167			-0.127107
59.35			-0.127106
59.3833			-0.127105
59.4167			-0.127104
59.45			-0.127103
59.4833			-0.127101
59.5167			-0.1271
59.55			-0.127099
59.5833			-0.127098
59.6167			-0.127097
59.65			-0.127096
59.6833			-0.127094
59.7167			-0.127093
59.75			-0.127092
59.7833			-0.127091
59.8167			-0.12709
59.85			-0.127089
59.8833			-0.127087
59.9167			-0.127086
59.95			-0.127085
59.9833			-0.127084
60.0167			-0.127083
60.05			-0.127082
60.0833			-0.12708
60.1167			-0.127079
60.15			-0.127078
60.1833			-0.127077
60.2167			-0.127076
60.25			-0.127075
60.2833			-0.127073
60.3167			-0.127072
60.35			-0.127071
60.3833			-0.12707
60.4167			-0.127069
60.45			-0.127068
60.4833			-0.127067
60.5167			-0.127065
60.55			-0.127064
60.5833			-0.127063
60.6167			-0.127062
60.65			-0.127061
60.6833			-0.12706
60.7167			-0.127059
60.75			-0.127058
60.7833			-0.127056
60.8167			-0.127055
60.85			-0.127054
60.8833			-0.127053
60.9167			-0.127052
60.95			-0.127051
60.9833			-0.12705
61.0167			-0.127049
61.05			-0.127047
61.0833			-0.127046
61.1167			-0.127045
61.15			-0.127044
61.1833			-0.127043
61.2167			-0.127042
61.25			-0.127041
61.2833			-0.12704
61.3167			-0.127039
61.35			-0.127037
61.3833			-0.127036
61.4167			-0.127035
61.45			-0.127034
61.4833			-0.127033
61.5167			-0.127032
61.55			-0.127031
61.5833			-0.12703
61.6167			-0.127029
61.65			-0.127028
61.6833			-0.127026
61.7167			-0.127025
61.75			-0.127024
61.7833			-0.127023
61.8167			-0.127022
61.85			-0.127021
61.8833			-0.12702
61.9167			-0.127019
61.95			-0.127018
61.9833			-0.127017
62.0167			-0.127016
62.05			-0.127014
62.0833			-0.127013
62.1167			-0.127012
62.15			-0.127011
62.1833			-0.12701
62.2167			-0.127009
62.25			-0.127008
62.2833			-0.127007
62.3167			-0.127006
62.35			-0.127005
62.3833			-0.127004
62.4167			-0.127003
62.45			-0.127002
62.4833			-0.127
62.5167			-0.126999
62.55			-0.126998
62.5833			-0.126997
62.6167			-0.126996
62.65			-0.126995
62.6833			-0.126994
62.7167			-0.126993
62.75			-0.126992
62.7833			-0.126991
62.8167			-0.12699
62.85			-0.126989
62.8833			-0.126988
62.9167			-0.126987
62.95			-0.126986
62.9833			-0.126985
63.0167			-0.126984
63.05			-0.126983
63.0833			-0.126981
63.1167			-0.12698
63.15			-0.126979
63.1833			-0.126978
63.2167			-0.126977
63.25			-0.126976
63.2833			-0.126975
63.3167			-0.126974
63.35			-0.126973
63.3833			-0.126972
63.4167			-0.126971
63.45			-0.12697
63.4833			-0.126969
63.5167			-0.126968
63.55			-0.126967
63.5833			-0.126966
63.6167			-0.126965
63.65			-0.126964
63.6833			-0.126963
63.7167			-0.126962
63.75			-0.126961
63.7833			-0.12696
63.8167			-0.126959
63.85			-0.126958
63.8833			-0.126957
63.9167			-0.126956
63.95			-0.126955
63.9833			-0.126954
64.0167			-0.126953
64.05			-0.126952
64.0833			-0.126951
64.1167			-0.12695
64.15			-0.126949
64.1833			-0.126948
64.2167			-0.126946
64.25			-0.126945
64.2833			-0.126944
64.3167			-0.126943
64.35			-0.126942
64.3833			-0.126941
64.4167			-0.12694
64.45			-0.126939
64.4833			-0.126938
64.5167			-0.126937
64.55			-0.126936
64.5833			-0.126935
64.6167			-0.126934
64.65			-0.126933
64.6833			-0.126932
64.7167			-0.126931
64.75			-0.12693
64.7833			-0.126929
64.8167			-0.126928
64.85			-0.126927
64.8833			-0.126926
64.9167			-0.126926
64.95			-0.126925
64.9833			-0.126924
65.0167			-0.126923
65.05			-0.126922
65.0833			-0.126921
65.1167			-0.12692
65.15			-0.126919
65.1833			-0.126918
65.2167			-0.126917
65.25			-0.126916
65.2833			-0.126915
65.3167			-0.126914
65.35			-0.126913
65.3833			-0.126912
65.4167			-0.126911
65.45			-0.12691
65.4833			-0.126909
65.5167			-0.126908
65.55			-0.126907
65.5833			-0.126906
65.6167			-0.126905
65.65			-0.126904
65.6833			-0.126903
65.7167			-0.126902
65.75			-0.126901
65.7833			-0.1269
65.8167			-0.126899
65.85			-0.126898
65.8833			-0.126897
65.9167			-0.126896
65.95			-0.126895
65.9833			-0.126894
66.0167			-0.126893
66.05			-0.126892
66.0833			-0.126892
66.1167			-0.126891
66.15			-0.12689
66.1833			-0.126889
66.2167			-0.126888
66.25			-0.126887
66.2833			-0.126886
66.3167			-0.126885
66.35			-0.126884
66.3833			-0.126883
66.4167			-0.126882
66.45			-0.126881
66.4833			-0.12688
66.5167			-0.126879
66.55			-0.126878
66.5833			-0.126877
66.6167			-0.126876
66.65			-0.126875
66.6833			-0.126874
66.7167			-0.126874
66.75			-0.126873
66.7833			-0.126872
66.8167			-0.126871
66.85			-0.12687
66.8833			-0.126869
66.9167			-0.126868
66.95			-0.126867
66.9833			-0.126866
67.0167			-0.126865
67.05			-0.126864
67.0833			-0.126863
67.1167			-0.126862
67.15			-0.126861
67.1833			-0.126861
67.2167			-0.12686
67.25			-0.126859
67.2833			-0.126858
67.3167			-0.126857
67.35			-0.126856
67.3833			-0.126855
67.4167			-0.126854
67.45			-0.126853
67.4833			-0.126852
67.5167			-0.126851
67.55			-0.12685
67.5833			-0.12685
67.6167			-0.126849
67.65			-0.126848
67.6833			-0.126847
67.7167			-0.126846
67.75			-0.126845
67.7833			-0.126844
67.8167			-0.126843
67.85			-0.126842
67.8833			-0.126841
67.9167			-0.12684
67.95			-0.12684
67.9833			-0.126839
68.0167			-0.126838
68.05			-0.126837
68.0833			-0.126836
68.1167			-0.126835
68.15			-0.126834
68.1833			-0.126833
68.2167			-0.126832
68.25			-0.126831
68.2833			-0.126831
68.3167			-0.12683
68.35			-0.126829
68.3833			-0.126828
68.4167			-0.126827
68.45			-0.126826
68.4833			-0.126825
68.5167			-0.126824
68.55			-0.126823
68.5833			-0.126823
68.6167			-0.126822
68.65			-0.126821
68.6833			-0.12682
68.7167			-0.126819
68.75			-0.126818
68.7833			-0.126817
68.8167			-0.126816
68.85			-0.126816
68.8833			-0.126815
68.9167			-0.126814
68.95			-0.126813
68.9833			-0.126812
69.0167			-0.126811
69.05			-0.12681
69.0833			-0.126809
69.1167			-0.126809
69.15			-0.126808
69.1833			-0.126807
69.2167			-0.126806
69.25			-0.126805
69.2833			-0.126804
69.3167			-0.126803
69.35			-0.126802
69.3833			-0.126802
69.4167			-0.126801
69.45			-0.1268
69.4833			-0.126799
69.5167			-0.126798
69.55			-0.126797
69.5833			-0.126796
69.6167			-0.126796
69.65			-0.126795
69.6833			-0.126794
69.7167			-0.126793
69.75			-0.126792
69.7833			-0.126791
69.8167			-0.12679
69.85			-0.12679
69.8833			-0.126789
69.9167			-0.126788
69.95			-0.126787
69.9833			-0.126786
70.0167			-0.126785
70.05			-0.126784
70.0833			-0.126784
70.1167			-0.126783
70.15			-0.126782
70.1833			-0.126781
70.2167			-0.12678
70.25			-0.126779
70.2833			-0.126778
70.3167			-0.126778
70.35			-0.126777
70.3833			-0.126776
70.4167			-0.126775
70.45			-0.126774
70.4833			-0.126773
70.5167			-0.126773
70.55			-0.126772
70.5833			-0.126771
70.6167			-0.12677
70.65			-0.126769
70.6833			-0.126768
70.7167			-0.126768
70.75			-0.126767
70.7833			-0.126766
70.8167			-0.126765
70.85			-0.126764
70.8833			-0.126763
70.9167			-0.126763
70.95			-0.126762
70.9833			-0.126761
71.0167			-0.12676
71.05			-0.126759
71.0833			-0.126758
71.1167			-0.126758
71.15			-0.126757
71.1833			-0.126756
71.2167			-0.126755
71.25			-0.126754
71.2833			-0.126754
71.3167			-0.126753
71.35			-0.126752
71.3833			-0.126751
71.4167			-0.12675
71.45			-0.126749
71.4833			-0.126749
71.5167			-0.126748
71.55			-0.126747
71.5833			-0.126746
71.6167			-0.126745
71.65			-0.126745
71.6833			-0.126744
71.7167			-0.126743
71.75			-0.126742
71.7833			-0.126741
71.8167			-0.126741
71.85			-0.12674
71.8833			-0.126739
71.9167			-0.126738
71.95			-0.126737
71.9833			-0.126736
72.0167			-0.126736
72.05			-0.126735
72.0833			-0.126734
72.1167			-0.126733
72.15			-0.126732
72.1833			-0.126732
72.2167			-0.126731
72.25			-0.12673
72.2833			-0.126729
72.3167			-0.126728
72.35			-0.126728
72.3833			-0.126727
72.4167			-0.126726
72.45			-0.126725
72.4833			-0.126725
72.5167			-0.126724
72.55			-0.126723
72.5833			-0.126722
72.6167			-0.126721
72.65			-0.126721
72.6833			-0.12672
72.7167			-0.126719
72.75			-0.126718
72.7833			-0.126717
72.8167			-0.126717
72.85			-0.126716
72.8833			-0.126715
72.9167			-0.126714
72.95			-0.126713
72.9833			-0.126713
73.0167			-0.126712
73.05			-0.126711
73.0833			-0.12671
73.1167			-0.12671
73.15			-0.126709
73.1833			-0.126708
73.2167			-0.126707
73.25			-0.126706
73.2833			-0.126706
73.3167			-0.126705
73.35			-0.126704
73.3833			-0.126703
73.4167			-0.126703
73.45			-0.126702
73.4833			-0.126701
73.5167			-0.1267
73.55			-0.126699
73.5833			-0.126699
73.6167			-0.126698
73.65			-0.126697
73.6833			-0.126696
73.7167			-0.126696
73.75			-0.126695
73.7833			-0.126694
73.8167			-0.126693
73.85			-0.126693
73.8833			-0.126692
73.9167			-0.126691
73.95			-0.12669
73.9833			-0.12669
74.0167			-0.126689
74.05			-0.126688
74.0833			-0.126687
74.1167			-0.126687
74.15			-0.126686
74.1833			-0.126685
74.2167			-0.126684
74.25			-0.126683
74.2833			-0.126683
74.3167			-0.126682
74.35			-0.126681
74.3833			-0.12668
74.4167			-0.12668
74.45			-0.126679
74.4833			-0.126678
74.5167			-0.126677
74.55			-0.126677
74.5833			-0.126676
74.6167			-0.126675
74.65			-0.126674
74.6833			-0.126674
74.7167			-0.126673
74.75			-0.126672
74.7833			-0.126671
74.8167			-0.126671
74.85			-0.12667
74.8833			-0.126669
74.9167			-0.126668
74.95			-0.126668
74.9833			-0.126667
75.0167			-0.126666
75.05			-0.126666
75.0833			-0.126665
75.1167			-0.126664
75.15			-0.126663
75.1833			-0.126663
75.2167			-0.126662
75.25			-0.126661
75.2833			-0.12666
75.3167			-0.12666
75.35			-0.126659
75.3833			-0.126658
75.4167			-0.126657
75.45			-0.126657
75.4833			-0.126656
75.5167			-0.126655
75.55			-0.126655
75.5833			-0.126654
75.6167			-0.126653
75.65			-0.126652
75.6833			-0.126652
75.7167			-0.126651
75.75			-0.12665
75.7833			-0.126649
75.8167			-0.126649
75.85			-0.126648
75.8833			-0.126647
75.9167			-0.126647
75.95			-0.126646
75.9833			-0.126645
76.0167			-0.126644
76.05			-0.126644
76.0833			-0.126643
76.1167			-0.126642
76.15			-0.126641
76.1833			-0.126641
76.2167			-0.12664
76.25			-0.126639
76.2833			-0.126639
76.3167			-0.126638
76.35			-0.126637
76.3833			-0.126636
76.4167			-0.126636
76.45			-0.126635
76.4833			-0.126634
76.5167			-0.126634
76.55			-0.126633
76.5833			-0.126632
76.6167			-0.126631
76.65			-0.126631
76.6833			-0.12663
76.7167			-0.126629
76.75			-0.126629
76.7833			-0.126628
76.8167			-0.126627
76.85			-0.126627
76.8833			-0.126626
76.9167			-0.126625
76.95			-0.126624
76.9833			-0.126624
77.0167			-0.126623
77.05			-0.126622
77.0833			-0.126622
77.1167			-0.126621
77.15			-0.12662
77.1833			-0.126619
77.2167			-0.126619
77.25			-0.126618
77.2833			-0.126617
77.3167			-0.126617
77.35			-0.126616
77.3833			-0.126615
77.4167			-0.126615
77.45			-0.126614
77.4833			-0.126613
77.5167			-0.126613
77.55			-0.126612
77.5833			-0.126611
77.6167			-0.12661
77.65			-0.12661
77.6833			-0.126609
77.7167			-0.126608
77.75			-0.126608
77.7833			-0.126607
77.8167			-0.126606
77.85			-0.126606
77.8833			-0.126605
77.9167			-0.126604
77.95			-0.126604
77.9833			-0.126603
78.0167			-0.126602
78.05			-0.126602
78.0833			-0.126601
78.1167			-0.1266
78.15			-0.126599
78.1833			-0.126599
78.2167			-0.126598
78.25			-0.126597
78.2833			-0.126597
78.3167			-0.126596
78.35			-0.126595
78.3833			-0.126595
78.4167			-0.126594
78.45			-0.126593
78.4833			-0.126593
78.5167			-0.126592
78.55			-0.126591
78.5833			-0.126591
78.6167			-0.12659
78.65			-0.126589
78.6833			-0.126589
78.7167			-0.126588
78.75			-0.126587
78.7833			-0.126587
78.8167			-0.126586
78.85			-0.126585
78.8833			-0.126585
78.9167			-0.126584
78.95			-0.126583
78.9833			-0.126583
79.0167			-0.126582
79.05			-0.126581
79.0833			-0.126581
79.1167			-0.12658
79.15			-0.126579
79.1833			-0.126579
79.2167			-0.126578
79.25			-0.126577
79.2833			-0.126577
79.3167			-0.126576
79.35			-0.126575
79.3833			-0.126575
79.4167			-0.126574
79.45			-0.126573
79.4833			-0.126573
79.5167			-0.126572
79.55			-0.126571
79.5833			-0.126571
79.6167			-0.12657
79.65			-0.126569
79.6833			-0.126569
79.7167			-0.126568
79.75			-0.126567
79.7833			-0.126567
79.8167			-0.126566
79.85			-0.126565
79.8833			-0.126565
79.9167			-0.126564
79.95			-0.126563
79.9833			-0.126563
80.0167			-0.126562
80.05			-0.126562
80.0833			-0.126561
80.1167			-0.12656
80.15			-0.12656
80.1833			-0.126559
80.2167			-0.126558
80.25			-0.126558
80.2833			-0.126557
80.3167			-0.126556
80.35			-0.126556
80.3833			-0.126555
80.4167			-0.126554
80.45			-0.126554
80.4833			-0.126553
80.5167			-0.126552
80.55			-0.126552
80.5833			-0.126551
80.6167			-0.126551
80.65			-0.12655
80.6833			-0.126549
80.7167			-0.126549
80.75			-0.126548
80.7833			-0.126547
80.8167			-0.126547
80.85			-0.126546
80.8833			-0.126545
80.9167			-0.126545
80.95			-0.126544
80.9833			-0.126544
81.0167			-0.126543
81.05			-0.126542
81.0833			-0.126542
81.1167			-0.126541
81.15			-0.12654
81.1833			-0.12654
81.2167			-0.126539
81.25			-0.126538
81.2833			-0.126538
81.3167			-0.126537
81.35			-0.126537
81.3833			-0.126536
81.4167			-0.126535
81.45			-0.126535
81.4833			-0.126534
81.5167			-0.126533
81.55			-0.126533
81.5833			-0.126532
81.6167			-0.126532
81.65			-0.126531
81.6833			-0.12653
81.7167			-0.12653
81.75			-0.126529
81.7833			-0.126528
81.8167			-0.126528
81.85			-0.126527
81.8833			-0.126527
81.9167			-0.126526
81.95			-0.126525
81.9833			-0.126525
82.0167			-0.126524
82.05			-0.126523
82.0833			-0.126523
82.1167			-0.126522
82.15			-0.126522
82.1833			-0.126521
82.2167			-0.12652
82.25			-0.12652
82.2833			-0.126519
82.3167			-0.126519
82.35			-0.126518
82.3833			-0.126517
82.4167			-0.126517
82.45			-0.126516
82.4833			-0.126515
82.5167			-0.126515
82.55			-0.126514
82.5833			-0.126514
82.6167			-0.126513
82.65			-0.126512
82.6833			-0.126512
82.7167			-0.126511
82.75			-0.126511
82.7833			-0.12651
82.8167			-0.126509
82.85			-0.126509
82.8833			-0.126508
82.9167			-0.126508
82.95			-0.126507
82.9833			-0.126506
83.0167			-0.126506
83.05			-0.126505
83.0833			-0.126504
83.1167			-0.126504
83.15			-0.126503
83.1833			-0.126503
83.2167			-0.126502
83.25			-0.126501
83.2833			-0.126501
83.3167			-0.1265
83.35			-0.1265
83.3833			-0.126499
83.4167			-0.126498
83.45			-0.126498
83.4833			-0.126497
83.5167			-0.126497
83.55			-0.126496
83.5833			-0.126495
83.6167			-0.126495
83.65			-0.126494
83.6833			-0.126494
83.7167			-0.126493
83.75			-0.126493
83.7833			-0.126492
83.8167			-0.126491
83.85			-0.126491
83.8833			-0.12649
83.9167			-0.12649
83.95			-0.126489
83.9833			-0.126488
84.0167			-0.126488
84.05			-0.126487
84.0833			-0.126487
84.1167			-0.126486
84.15			-0.126485
84.1833			-0.126485
84.2167			-0.126484
84.25			-0.126484
84.2833			-0.126483
84.3167			-0.126482
84.35			-0.126482
84.3833			-0.126481
84.4167			-0.126481
84.45			-0.12648
84.4833			-0.12648
84.5167			-0.126479
84.55			-0.126478
84.5833			-0.126478
84.6167			-0.126477
84.65			-0.126477
84.6833			-0.126476
84.7167			-0.126475
84.75			-0.126475
84.7833			-0.126474
84.8167			-0.126474
84.85			-0.126473
84.8833			-0.126473
84.9167			-0.126472
84.95			-0.126471
84.9833			-0.126471
85.0167			-0.12647
85.05			-0.12647
85.0833			-0.126469
85.1167			-0.126469
85.15			-0.126468
85.1833			-0.126467
85.2167			-0.126467
85.25			-0.126466
85.2833			-0.126466
85.3167			-0.126465
85.35			-0.126465
85.3833			-0.126464
85.4167			-0.126463
85.45			-0.126463
85.4833			-0.126462
85.5167			-0.126462
85.55			-0.126461
85.5833			-0.126461
85.6167			-0.12646
85.65			-0.126459
85.6833			-0.126459
85.7167			-0.126458
85.75			-0.126458
85.7833			-0.126457
85.8167			-0.126457
85.85			-0.126456
85.8833			-0.126455
85.9167			-0.126455
85.95			-0.126454
85.9833			-0.126454
86.0167			-0.126453
86.05			-0.126453
86.0833			-0.126452
86.1167			-0.126452
86.15			-0.126451
86.1833			-0.12645
86.2167			-0.12645
86.25			-0.126449
86.2833			-0.126449
86.3167			-0.126448
86.35			-0.126448
86.3833			-0.126447
86.4167			-0.126446
86.45			-0.126446
86.4833			-0.126445
86.5167			-0.126445
86.55			-0.126444
86.5833			-0.126444
86.6167			-0.126443
86.65			-0.126443
86.6833			-0.126442
86.7167			-0.126441
86.75			-0.126441
86.7833			-0.12644
86.8167			-0.12644
86.85			-0.126439
86.8833			-0.126439
86.9167			-0.126438
86.95			-0.126438
86.9833			-0.126437
87.0167			-0.126436
87.05			-0.126436
87.0833			-0.126435
87.1167			-0.126435
87.15			-0.126434
87.1833			-0.126434
87.2167			-0.126433
87.25			-0.126433
87.2833			-0.126432
87.3167			-0.126432
87.35			-0.126431
87.3833			-0.12643
87.4167			-0.12643
87.45			-0.126429
87.4833			-0.126429
87.5167			-0.126428
87.55			-0.126428
87.5833			-0.126427
87.6167			-0.126427
87.65			-0.126426
87.6833			-0.126426
87.7167			-0.126425
87.75			-0.126424
87.7833			-0.126424
87.8167			-0.126423
87.85			-0.126423
87.8833			-0.126422
87.9167			-0.126422
87.95			-0.126421
87.9833			-0.126421
88.0167			-0.12642
88.05			-0.12642
88.0833			-0.126419
88.1167			-0.126419
88.15			-0.126418
88.1833			-0.126417
88.2167			-0.126417
88.25			-0.126416
88.2833			-0.126416
88.3167			-0.126415
88.35			-0.126415
88.3833			-0.126414
88.4167			-0.126414
88.45			-0.126413
88.4833			-0.126413
88.5167			-0.126412
88.55			-0.126412
88.5833			-0.126411
88.6167			-0.126411
88.65			-0.12641
88.6833			-0.126409
88.7167			-0.126409
88.75			-0.126408
88.7833			-0.126408
88.8167			-0.126407
88.85			-0.126407
88.8833			-0.126406
88.9167			-0.126406
88.95			-0.126405
88.9833			-0.126405
89.0167			-0.126404
89.05			-0.126404
89.0833			-0.126403
89.1167			-0.126403
89.15			-0.126402
89.1833			-0.126402
89.2167			-0.126401
89.25			-0.126401
89.2833			-0.1264
89.3167			-0.1264
89.35			-0.126399
89.3833			-0.126398
89.4167			-0.126398
89.45			-0.126397
89.4833			-0.126397
89.5167			-0.126396
89.55			-0.126396
89.5833			-0.126395
89.6167			-0.126395
89.65			-0.126394
89.6833			-0.126394
89.7167			-0.126393
89.75			-0.126393
89.7833			-0.126392
89.8167			-0.126392
89.85			-0.126391
89.8833			-0.126391
89.9167			-0.12639
89.95			-0.12639
89.9833			-0.126389
90.0167			-0.126389
90.05			-0.126388
90.0833			-0.126388
90.1167			-0.126387
90.15			-0.126387
90.1833			-0.126386
90.2167			-0.126386
90.25			-0.126385
90.2833			-0.126385
90.3167			-0.126384
90.35			-0.126383
90.3833			-0.126383
90.4167			-0.126382
90.45			-0.126382
90.4833			-0.126381
90.5167			-0.126381
90.55			-0.12638
90.5833			-0.12638
90.6167			-0.126379
90.65			-0.126379
90.6833			-0.126378
90.7167			-0.126378
90.75			-0.126377
90.7833			-0.126377
90.8167			-0.126376
90.85			-0.126376
90.8833			-0.126375
90.9167			-0.126375
90.95			-0.126374
90.9833			-0.126374
91.0167			-0.126373
91.05			-0.126373
91.0833			-0.126372
91.1167			-0.126372
91.15			-0.126371
91.1833			-0.126371
91.2167			-0.12637
91.25			-0.12637
91.2833			-0.126369
91.3167			-0.126369
91.35			-0.126368
91.3833			-0.126368
91.4167			-0.126367
91.45			-0.126367
91.4833			-0.126366
91.5167			-0.126366
91.55			-0.126365
91.5833			-0.126365
91.6167			-0.126364
91.65			-0.126364
91.6833			-0.126363
91.7167			-0.126363
91.75			-0.126362
91.7833			-0.126362
91.8167			-0.126361
91.85			-0.126361
91.8833			-0.12636
91.9167			-0.12636
91.95			-0.126359
91.9833			-0.126359
92.0167			-0.126358
92.05			-0.126358
92.0833			-0.126357
92.1167			-0.126357
92.15			-0.126356
92.1833			-0.126356
92.2167			-0.126355
92.25			-0.126355
92.2833			-0.126355
92.3167			-0.126354
92.35			-0.126354
92.3833			-0.126353
92.4167			-0.126353
92.45			-0.126352
92.4833			-0.126352
92.5167			-0.126351
92.55			-0.126351
92.5833			-0.12635
92.6167			-0.12635
92.65			-0.126349
92.6833			-0.126349
92.7167			-0.126348
92.75			-0.126348
92.7833			-0.126347
92.8167			-0.126347
92.85			-0.126346
92.8833			-0.126346
92.9167			-0.126345
92.95			-0.126345
92.9833			-0.126344
93.0167			-0.126344
93.05			-0.126343
93.0833			-0.126343
93.1167			-0.126342
93.15			-0.126342
93.1833			-0.126341
93.2167			-0.126341
93.25			-0.12634
93.2833			-0.12634
93.3167			-0.12634
93.35			-0.126339
93.3833			-0.126339
93.4167			-0.126338
93.45			-0.126338
93.4833			-0.126337
93.5167			-0.126337
93.55			-0.126336
93.5833			-0.126336
93.6167			-0.126335
93.65			-0.126335
93.6833			-0.126334
93.7167			-0.126334
93.75			-0.126333
93.7833			-0.126333
93.8167			-0.126332
93.85			-0.126332
93.8833			-0.126331
93.9167			-0.126331
93.95			-0.12633
93.9833			-0.12633
94.0167			-0.12633
94.05			-0.126329
94.0833			-0.126329
94.1167			-0.126328
94.15			-0.126328
94.1833			-0.126327
94.2167			-0.126327
94.25			-0.126326
94.2833			-0.126326
94.3167			-0.126325
94.35			-0.126325
94.3833			-0.126324
94.4167			-0.126324
94.45			-0.126323
94.4833			-0.126323
94.5167			-0.126323
94.55			-0.126322
94.5833			-0.126322
94.6167			-0.126321
94.65			-0.126321
94.6833			-0.12632
94.7167			-0.12632
94.75			-0.126319
94.7833			-0.126319
94.8167			-0.126318
94.85			-0.126318
94.8833			-0.126317
94.9167			-0.126317
94.95			-0.126316
94.9833			-0.126316
95.0167			-0.126316
95.05			-0.126315
95.0833			-0.126315
95.1167			-0.126314
95.15			-0.126314
95.1833			-0.126313
95.2167			-0.126313
95.25			-0.126312
95.2833			-0.126312
95.3167			-0.126311
95.35			-0.126311
95.3833			-0.12631
95.4167			-0.12631
95.45			-0.12631
95.4833			-0.126309
95.5167			-0.126309
95.55			-0.126308
95.5833			-0.126308
95.6167			-0.126307
95.65			-0.126307
95.6833			-0.126306
95.7167			-0.126306
95.75			-0.126305
95.7833			-0.126305
95.8167			-0.126305
95.85			-0.126304
95.8833			-0.126304
95.9167			-0.126303
95.95			-0.126303
95.9833			-0.126302
96.0167			-0.126302
96.05			-0.126301
96.0833			-0.126301
96.1167			-0.1263
96.15			-0.1263
96.1833			-0.1263
96.2167			-0.126299
96.25			-0.126299
96.2833			-0.126298
96.3167			-0.126298
96.35			-0.126297
96.3833			-0.126297
96.4167			-0.126296
96.45			-0.126296
96.4833			-0.126296
96.5167			-0.126295
96.55			-0.126295
96.5833			-0.126294
96.6167			-0.126294
96.65			-0.126293
96.6833			-0.126293
96.7167			-0.126292
96.75			-0.126292
96.7833			-0.126292
96.8167			-0.126291
96.85			-0.126291
96.8833			-0.12629
96.9167			-0.12629
96.95			-0.126289
96.9833			-0.126289
97.0167			-0.126288
97.05			-0.126288
97.0833			-0.126288
97.1167			-0.126287
97.15			-0.126287
97.1833			-0.126286
97.2167			-0.126286
97.25			-0.126285
97.2833			-0.126285
97.3167			-0.126284
97.35			-0.126284
97.3833			-0.126284
97.4167			-0.126283
97.45			-0.126283
97.4833			-0.126282
97.5167			-0.126282
97.55			-0.126281
97.5833			-0.126281
97.6167			-0.126281
97.65			-0.12628
97.6833			-0.12628
97.7167			-0.126279
97.75			-0.126279
97.7833			-0.126278
97.8167			-0.126278
97.85			-0.126277
97.8833			-0.126277
97.9167			-0.126277
97.95			-0.126276
97.9833			-0.126276
98.0167			-0.126275
98.05			-0.126275
98.0833			-0.126274
98.1167			-0.126274
98.15			-0.126274
98.1833			-0.126273
98.2167			-0.126273
98.25			-0.126272
98.2833			-0.126272
98.3167			-0.126271
98.35			-0.126271
98.3833			-0.126271
98.4167			-0.12627
98.45			-0.12627
98.4833			-0.126269
98.5167			-0.126269
98.55			-0.126268
98.5833			-0.126268
98.6167			-0.126268
98.65			-0.126267
98.6833			-0.126267
98.7167			-0.126266
98.75			-0.126266
98.7833			-0.126265
98.8167			-0.126265
98.85			-0.126265
98.8833			-0.126264
98.9167			-0.126264
98.95			-0.126263
98.9833			-0.126263
99.0167			-0.126262
99.05			-0.126262
99.0833			-0.126262
99.1167			-0.126261
99.15			-0.126261
99.1833			-0.12626
99.2167			-0.12626
99.25			-0.126259
99.2833			-0.126259
99.3167			-0.126259
99.35			-0.126258
99.3833			-0.126258
99.4167			-0.126257
99.45			-0.126257
99.4833			-0.126256
99.5167			-0.126256
99.55			-0.126256
99.5833			-0.126255
99.6167			-0.126255
99.65			-0.126254
99.6833			-0.126254
99.7167			-0.126254
99.75			-0.126253
99.7833			-0.126253
99.8167			-0.126252
99.85			-0.126252
99.8833			-0.126251
99.9167			-0.126251
99.95			-0.126251
99.9833			-0.12625
