0.05			-0.5
0.0833333			-0.499997
0.116667			-0.499905
0.15			-0.499364
0.183333			-0.497871
0.216667			-0.495099
0.25			-0.491007
0.283333			-0.485757
0.316667			-0.479609
0.35			-0.472843
0.383333			-0.46571
0.416667			-0.458414
0.45			-0.451114
0.483333			-0.443925
0.516667			-0.436928
0.55			-0.430174
0.583333			-0.423696
0.616667			-0.417509
0.65			-0.41162
0.683333			-0.406027
0.716667			-0.400722
0.75			-0.395696
0.783333			-0.390935
0.816667			-0.386426
0.85			-0.382156
0.883333			-0.378111
0.916667			-0.374276
0.95			-0.37064
0.983333			-0.367189
1.01667			-0.363912
1.05			-0.360797
1.08333			-0.357834
1.11667			-0.355014
1.15			-0.352328
1.18333			-0.349766
1.21667			-0.347322
1.25			-0.344987
1.28333			-0.342756
1.31667			-0.340622
1.35			-0.338579
1.38333			-0.336622
1.41667			-0.334745
1.45			-0.332945
1.48333			-0.331217
1.51667			-0.329556
1.55			-0.32796
1.58333			-0.326424
1.61667			-0.324945
1.65			-0.323521
1.68333			-0.322148
1.71667			-0.320824
1.75			-0.319546
1.78333			-0.318313
1.81667			-0.317121
1.85			-0.315969
1.88333			-0.314855
1.91667			-0.313777
1.95			-0.312734
1.98333			-0.311723
2.01667			-0.310744
2.05			-0.309795
2.08333			-0.308874
2.11667			-0.307981
2.15			-0.307114
2.18333			-0.306272
2.21667			-0.305454
2.25			-0.304659
2.28333			-0.303886
2.31667			-0.303134
2.35			-0.302403
2.38333			-0.301691
2.41667			-0.300999
2.45			-0.300324
2.48333			-0.299666
2.51667			-0.299026
2.55			-0.298401
2.58333			-0.297792
2.61667			-0.297198
2.65			-0.296618
2.68333			-0.296052
2.71667			-0.2955
2.75			-0.29496
2.78333			-0.294433
2.81667			-0.293918
2.85			-0.293415
2.88333			-0.292923
2.91667			-0.292442
2.95			-0.291972
2.98333			-0.291511
3.01667			-0.291061
3.05			-0.29062
3.08333			-0.290189
3.11667			-0.289766
3.15			-0.289353
3.18333			-0.288947
3.21667			-0.28855
3.25			-0.288161
3.28333			-0.287779
3.31667			-0.287406
3.35			-0.287039
3.38333			-0.286679
3.41667			-0.286326
3.45			-0.28598
3.48333			-0.285641
3.51667			-0.285307
3.55			-0.28498
3.58333			-0.284659
3.61667			-0.284344
3.65			-0.284034
3.68333			-0.28373
3.71667			-0.283431
3.75			-0.283137
3.78333			-0.282849
3.81667			-0.282565
3.85			-0.282286
3.88333			-0.282012
3.91667			-0.281743
3.95			-0.281478
3.98333			-0.281217
4.01667			-0.280961
4.05			-0.280708
4.08333			-0.28046
4.11667			-0.280216
4.15			-0.279976
4.18333			-0.279739
4.21667			-0.279506
4.25			-0.279277
4.28333			-0.279051
4.31667			-0.278829
4.35			-0.27861
4.38333			-0.278394
4.41667			-0.278182
4.45			-0.277972
4.48333			-0.277766
4.51667			-0.277563
4.55			-0.277362
4.58333			-0.277165
4.61667			-0.27697
4.65			-0.276779
4.68333			-0.276589
4.71667			-0.276403
4.75			-0.276219
4.78333			-0.276038
4.81667			-0.275859
4.85			-0.275682
4.88333			-0.275508
4.91667			-0.275336
4.95			-0.275167
4.98333			-0.275
5.01667			-0.274835
5.05			-0.274672
5.08333			-0.274511
5.11667			-0.274353
5.15			-0.274196
5.18333			-0.274041
5.21667			-0.273889
5.25			-0.273738
5.28333			-0.273589
5.31667			-0.273442
5.35			-0.273297
5.38333			-0.273153
5.41667			-0.273012
5.45			-0.272872
5.48333			-0.272733
5.51667			-0.272597
5.55			-0.272462
5.58333			-0.272328
5.61667			-0.272197
5.65			-0.272066
5.68333			-0.271938
5.71667			-0.27181
5.75			-0.271685
5.78333			-0.27156
5.81667			-0.271437
5.85			-0.271316
5.88333			-0.271195
5.91667			-0.271077
5.95			-0.270959
5.98333			-0.270843
6.01667			-0.270728
6.05			-0.270614
6.08333			-0.270502
6.11667			-0.270391
6.15			-0.270281
6.18333			-0.270172
6.21667			-0.270064
6.25			-0.269957
6.28333			-0.269852
6.31667			-0.269748
6.35			-0.269644
6.38333			-0.269542
6.41667			-0.269441
6.45			-0.269341
6.48333			-0.269242
6.51667			-0.269144
6.55			-0.269047
6.58333			-0.268951
6.61667			-0.268856
6.65			-0.268762
6.68333			-0.268668
6.71667			-0.268576
6.75			-0.268485
6.78333			-0.268394
6.81667			-0.268305
6.85			-0.268216
6.88333			-0.268128
6.91667			-0.268041
6.95			-0.267955
6.98333			-0.267869
7.01667			-0.267785
7.05			-0.267701
7.08333			-0.267618
7.11667			-0.267536
7.15			-0.267454
7.18333			-0.267373
7.21667			-0.267293
7.25			-0.267214
7.28333			-0.267136
7.31667			-0.267058
7.35			-0.266981
7.38333			-0.266904
7.41667			-0.266828
7.45			-0.266753
7.48333			-0.266679
7.51667			-0.266605
7.55			-0.266532
7.58333			-0.26646
7.61667			-0.266388
7.65			-0.266317
7.68333			-0.266246
7.71667			-0.266176
7.75			-0.266107
7.78333			-0.266038
7.81667			-0.26597
7.85			-0.265902
7.88333			-0.265835
7.91667			-0.265769
7.95			-0.265703
7.98333			-0.265637
8.01667			-0.265572
8.05			-0.265508
8.08333			-0.265444
8.11667			-0.265381
8.15			-0.265318
8.18333			-0.265256
8.21667			-0.265194
8.25			-0.265133
8.28333			-0.265072
8.31667			-0.265012
8.35			-0.264952
8.38333			-0.264893
8.41667			-0.264834
8.45			-0.264776
8.48333			-0.264718
8.51667			-0.26466
8.55			-0.264603
8.58333			-0.264547
8.61667			-0.264491
8.65			-0.264435
8.68333			-0.26438
8.71667			-0.264325
8.75			-0.26427
8.78333			-0.264216
8.81667			-0.264163
8.85			-0.264109
8.88333			-0.264056
8.91667			-0.264004
8.95			-0.263952
8.98333			-0.2639
9.01667			-0.263849
9.05			-0.263798
9.08333			-0.263748
9.11667			-0.263697
9.15			-0.263648
9.18333			-0.263598
9.21667			-0.263549
9.25			-0.2635
9.28333			-0.263452
9.31667			-0.263404
9.35			-0.263356
9.38333			-0.263309
9.41667			-0.263262
9.45			-0.263215
9.48333			-0.263169
9.51667			-0.263123
9.55			-0.263077
9.58333			-0.263032
9.61667			-0.262987
9.65			-0.262942
9.68333			-0.262897
9.71667			-0.262853
9.75			-0.262809
9.78333			-0.262766
9.81667			-0.262722
9.85			-0.262679
9.88333			-0.262637
9.91667			-0.262594
9.95			-0.262552
9.98333			-0.26251
10.0167			-0.262469
10.05			-0.262428
10.0833			-0.262387
10.1167			-0.262346
10.15			-0.262305
10.1833			-0.262265
10.2167			-0.262225
10.25			-0.262185
10.2833			-0.262146
10.3167			-0.262107
10.35			-0.262068
10.3833			-0.262029
10.4167			-0.261991
10.45			-0.261953
10.4833			-0.261915
10.5167			-0.261877
10.55			-0.261839
10.5833			-0.261802
10.6167			-0.261765
10.65			-0.261728
10.6833			-0.261692
10.7167			-0.261656
10.75			-0.26162
10.7833			-0.261584
10.8167			-0.261548
10.85			-0.261513
10.8833			-0.261477
10.9167			-0.261442
10.95			-0.261408
10.9833			-0.261373
11.0167			-0.261339
11.05			-0.261305
11.0833			-0.261271
11.1167			-0.261237
11.15			-0.261203
11.1833			-0.26117
11.2167			-0.261137
11.25			-0.261104
11.2833			-0.261071
11.3167			-0.261038
11.35			-0.261006
11.3833			-0.260974
11.4167			-0.260942
11.45			-0.26091
11.4833			-0.260878
11.5167			-0.260847
11.55			-0.260816
11.5833			-0.260785
11.6167			-0.260754
11.65			-0.260723
11.6833			-0.260692
11.7167			-0.260662
11.75			-0.260632
11.7833			-0.260602
11.8167			-0.260572
11.85			-0.260542
11.8833			-0.260513
11.9167			-0.260483
11.95			-0.260454
11.9833			-0.260425
12.0167			-0.260396
12.05			-0.260367
12.0833			-0.260339
12.1167			-0.260311
12.15			-0.260282
12.1833			-0.260254
12.2167			-0.260226
12.25			-0.260198
12.2833			-0.260171
12.3167			-0.260143
12.35			-0.260116
12.3833			-0.260089
12.4167			-0.260062
12.45			-0.260035
12.4833			-0.260008
12.5167			-0.259981
12.55			-0.259955
12.5833			-0.259929
12.6167			-0.259902
12.65			-0.259876
12.6833			-0.25985
12.7167			-0.259825
12.75			-0.259799
12.7833			-0.259773
12.8167			-0.259748
12.85			-0.259723
12.8833			-0.259698
12.9167			-0.259673
12.95			-0.259648
12.9833			-0.259623
13.0167			-0.259598
13.05			-0.259574
13.0833			-0.259549
13.1167			-0.259525
13.15			-0.259501
13.1833			-0.259477
13.2167			-0.259453
13.25			-0.259429
13.2833			-0.259406
13.3167			-0.259382
13.35			-0.259359
13.3833			-0.259336
13.4167			-0.259312
13.45			-0.259289
13.4833			-0.259266
13.5167			-0.259244
13.55			-0.259221
13.5833			-0.259198
13.6167			-0.259176
13.65			-0.259153
13.6833			-0.259131
13.7167			-0.259109
13.75			-0.259087
13.7833			-0.259065
13.8167			-0.259043
13.85			-0.259021
13.8833			-0.259
13.9167			-0.258978
13.95			-0.258957
13.9833			-0.258935
14.0167			-0.258914
14.05			-0.258893
14.0833			-0.258872
14.1167			-0.258851
14.15			-0.25883
14.1833			-0.25881
14.2167			-0.258789
14.25			-0.258768
14.2833			-0.258748
14.3167			-0.258728
14.35			-0.258707
14.3833			-0.258687
14.4167			-0.258667
14.45			-0.258647
14.4833			-0.258627
14.5167			-0.258607
14.55			-0.258588
14.5833			-0.258568
14.6167			-0.258549
14.65			-0.258529
14.6833			-0.25851
14.7167			-0.258491
14.75			-0.258471
14.7833			-0.258452
14.8167			-0.258433
14.85			-0.258414
14.8833			-0.258395
14.9167			-0.258377
14.95			-0.258358
14.9833			-0.25834
15.0167			-0.258321
15.05			-0.258303
15.0833			-0.258284
15.1167			-0.258266
15.15			-0.258248
15.1833			-0.25823
15.2167			-0.258212
15.25			-0.258194
15.2833			-0.258176
15.3167			-0.258158
15.35			-0.25814
15.3833			-0.258123
15.4167			-0.258105
15.45			-0.258088
15.4833			-0.25807
15.5167			-0.258053
15.55			-0.258036
15.5833			-0.258019
15.6167			-0.258002
15.65			-0.257985
15.6833			-0.257968
15.7167			-0.257951
15.75			-0.257934
15.7833			-0.257917
15.8167			-0.2579
15.85			-0.257884
15.8833			-0.257867
15.9167			-0.257851
15.95			-0.257834
15.9833			-0.257818
16.0167			-0.257802
16.05			-0.257786
16.0833			-0.25777
16.1167			-0.257753
16.15			-0.257737
16.1833			-0.257722
16.2167			-0.257706
16.25			-0.25769
16.2833			-0.257674
16.3167			-0.257658
16.35			-0.257643
16.3833			-0.257627
16.4167			-0.257612
16.45			-0.257596
16.4833			-0.257581
16.5167			-0.257566
16.55			-0.257551
16.5833			-0.257535
16.6167			-0.25752
16.65			-0.257505
16.6833			-0.25749
16.7167			-0.257475
16.75			-0.25746
16.7833			-0.257446
16.8167			-0.257431
16.85			-0.257416
16.8833			-0.257402
16.9167			-0.257387
16.95			-0.257372
16.9833			-0.257358
17.0167			-0.257344
17.05			-0.257329
17.0833			-0.257315
17.1167			-0.257301
17.15			-0.257287
17.1833			-0.257272
17.2167			-0.257258
17.25			-0.257244
17.2833			-0.25723
17.3167			-0.257216
17.35			-0.257203
17.3833			-0.257189
17.4167			-0.257175
17.45			-0.257161
17.4833			-0.257148
17.5167			-0.257134
17.55			-0.257121
17.5833			-0.257107
17.6167			-0.257094
17.65			-0.25708
17.6833			-0.257067
17.7167			-0.257054
17.75			-0.25704
17.7833			-0.257027
17.8167			-0.257014
17.85			-0.257001
17.8833			-0.256988
17.9167			-0.256975
17.95			-0.256962
17.9833			-0.256949
18.0167			-0.256936
18.05			-0.256923
18.0833			-0.256911
18.1167			-0.256898
18.15			-0.256885
18.1833			-0.256873
18.2167			-0.25686
18.25			-0.256848
18.2833			-0.256835
18.3167			-0.256823
18.35			-0.25681
18.3833			-0.256798
18.4167			-0.256786
18.45			-0.256773
18.4833			-0.256761
18.5167			-0.256749
18.55			-0.256737
18.5833			-0.256725
18.6167			-0.256713
18.65			-0.256701
18.6833			-0.256689
18.7167			-0.256677
18.75			-0.256665
18.7833			-0.256653
18.8167			-0.256641
18.85			-0.25663
18.8833			-0.256618
18.9167			-0.256606
18.95			-0.256595
18.9833			-0.256583
19.0167			-0.256572
19.05			-0.25656
19.0833			-0.256549
19.1167			-0.256537
19.15			-0.256526
19.1833			-0.256515
19.2167			-0.256503
19.25			-0.256492
19.2833			-0.256481
19.3167			-0.25647
19.35			-0.256459
19.3833			-0.256447
19.4167			-0.256436
19.45			-0.256425
19.4833			-0.256414
19.5167			-0.256403
19.55			-0.256392
19.5833			-0.256382
19.6167			-0.256371
19.65			-0.25636
19.6833			-0.256349
19.7167			-0.256338
19.75			-0.256328
19.7833			-0.256317
19.8167			-0.256306
19.85			-0.256296
19.8833			-0.256285
19.9167			-0.256275
19.95			-0.256264
19.9833			-0.256254
20.0167			-0.256243
20.05			-0.256233
20.0833			-0.256223
20.1167			-0.256212
20.15			-0.256202
20.1833			-0.256192
20.2167			-0.256182
20.25			-0.256172
20.2833			-0.256161
20.3167			-0.256151
20.35			-0.256141
20.3833			-0.256131
20.4167			-0.256121
20.45			-0.256111
20.4833			-0.256101
20.5167			-0.256091
20.55			-0.256082
20.5833			-0.256072
20.6167			-0.256062
20.65			-0.256052
20.6833			-0.256042
20.7167			-0.256033
20.75			-0.256023
20.7833			-0.256013
20.8167			-0.256004
20.85			-0.255994
20.8833			-0.255984
20.9167			-0.255975
20.95			-0.255965
20.9833			-0.255956
21.0167			-0.255947
21.05			-0.255937
21.0833			-0.255928
21.1167			-0.255918
21.15			-0.255909
21.1833			-0.2559
21.2167			-0.255891
21.25			-0.255881
21.2833			-0.255872
21.3167			-0.255863
21.35			-0.255854
21.3833			-0.255845
21.4167			-0.255836
21.45			-0.255826
21.4833			-0.255817
21.5167			-0.255808
21.55			-0.255799
21.5833			-0.25579
21.6167			-0.255782
21.65			-0.255773
21.6833			-0.255764
21.7167			-0.255755
21.75			-0.255746
21.7833			-0.255737
21.8167			-0.255729
21.85			-0.25572
21.8833			-0.255711
21.9167			-0.255702
21.95			-0.255694
21.9833			-0.255685
22.0167			-0.255677
22.05			-0.255668
22.0833			-0.255659
22.1167			-0.255651
22.15			-0.255642
22.1833			-0.255634
22.2167			-0.255625
22.25			-0.255617
22.2833			-0.255609
22.3167			-0.2556
22.35			-0.255592
22.3833			-0.255584
22.4167			-0.255575
22.45			-0.255567
22.4833			-0.255559
22.5167			-0.255551
22.55			-0.255542
22.5833			-0.255534
22.6167			-0.255526
22.65			-0.255518
22.6833			-0.25551
22.7167			-0.255502
22.75			-0.255494
22.7833			-0.255486
22.8167			-0.255478
22.85			-0.25547
22.8833			-0.255462
22.9167			-0.255454
22.95			-0.255446
22.9833			-0.255438
23.0167			-0.25543
23.05			-0.255422
23.0833			-0.255414
23.1167			-0.255407
23.15			-0.255399
23.1833			-0.255391
23.2167			-0.255383
23.25			-0.255376
23.2833			-0.255368
23.3167			-0.25536
23.35			-0.255353
23.3833			-0.255345
23.4167			-0.255337
23.45			-0.25533
23.4833			-0.255322
23.5167			-0.255315
23.55			-0.255307
23.5833			-0.2553
23.6167			-0.255292
23.65			-0.255285
23.6833			-0.255277
23.7167			-0.25527
23.75			-0.255262
23.7833			-0.255255
23.8167			-0.255248
23.85			-0.25524
23.8833			-0.255233
23.9167			-0.255226
23.95			-0.255218
23.9833			-0.255211
24.0167			-0.255204
24.05			-0.255197
24.0833			-0.25519
24.1167			-0.255182
24.15			-0.255175
24.1833			-0.255168
24.2167			-0.255161
24.25			-0.255154
24.2833			-0.255147
24.3167			-0.25514
24.35			-0.255133
24.3833			-0.255126
24.4167			-0.255119
24.45			-0.255112
24.4833			-0.255105
24.5167			-0.255098
24.55			-0.255091
24.5833			-0.255084
24.6167			-0.255077
24.65			-0.25507
24.6833			-0.255063
24.7167			-0.255057
24.75			-0.25505
24.7833			-0.255043
24.8167			-0.255036
24.85			-0.25503
24.8833			-0.255023
24.9167			-0.255016
24.95			-0.255009
24.9833			-0.255003
25.0167			-0.254996
25.05			-0.254989
25.0833			-0.254983
25.1167			-0.254976
25.15			-0.25497
25.1833			-0.254963
25.2167			-0.254956
25.25			-0.25495
25.2833			-0.254943
25.3167			-0.254937
25.35			-0.25493
25.3833			-0.254924
25.4167			-0.254917
25.45			-0.254911
25.4833			-0.254905
25.5167			-0.254898
25.55			-0.254892
25.5833			-0.254885
25.6167			-0.254879
25.65			-0.254873
25.6833			-0.254866
25.7167			-0.25486
25.75			-0.254854
25.7833			-0.254847
25.8167			-0.254841
25.85			-0.254835
25.8833			-0.254829
25.9167			-0.254823
25.95			-0.254816
25.9833			-0.25481
26.0167			-0.254804
26.05			-0.254798
26.0833			-0.254792
26.1167			-0.254786
26.15			-0.25478
26.1833			-0.254773
26.2167			-0.254767
26.25			-0.254761
26.2833			-0.254755
26.3167			-0.254749
26.35			-0.254743
26.3833			-0.254737
26.4167			-0.254731
26.45			-0.254725
26.4833			-0.254719
26.5167			-0.254713
26.55			-0.254708
26.5833			-0.254702
26.6167			-0.254696
26.65			-0.25469
26.6833			-0.254684
26.7167			-0.254678
26.75			-0.254672
26.7833			-0.254667
26.8167			-0.254661
26.85			-0.254655
26.8833			-0.254649
26.9167			-0.254643
26.95			-0.254638
26.9833			-0.254632
27.0167			-0.254626
27.05			-0.254621
27.0833			-0.254615
27.1167			-0.254609
27.15			-0.254604
27.1833			-0.254598
27.2167			-0.254592
27.25			-0.254587
27.2833			-0.254581
27.3167			-0.254575
27.35			-0.25457
27.3833			-0.254564
27.4167			-0.254559
27.45			-0.254553
27.4833			-0.254548
27.5167			-0.254542
27.55			-0.254537
27.5833			-0.254531
27.6167			-0.254526
27.65			-0.25452
27.6833			-0.254515
27.7167			-0.254509
27.75			-0.254504
27.7833			-0.254499
27.8167			-0.254493
27.85			-0.254488
27.8833			-0.254482
27.9167			-0.254477
27.95			-0.254472
27.9833			-0.254466
28.0167			-0.254461
28.05			-0.254456
28.0833			-0.254451
28.1167			-0.254445
28.15			-0.25444
28.1833			-0.254435
28.2167			-0.25443
28.25			-0.254424
28.2833			-0.254419
28.3167			-0.254414
28.35			-0.254409
28.3833			-0.254404
28.4167			-0.254398
28.45			-0.254393
28.4833			-0.254388
28.5167			-0.254383
28.55			-0.254378
28.5833			-0.254373
28.6167			-0.254368
28.65			-0.254363
28.6833			-0.254357
28.7167			-0.254352
28.75			-0.254347
28.7833			-0.254342
28.8167			-0.254337
28.85			-0.254332
28.8833			-0.254327
28.9167			-0.254322
28.95			-0.254317
28.9833			-0.254312
29.0167			-0.254307
29.05			-0.254303
29.0833			-0.254298
29.1167			-0.254293
29.15			-0.254288
29.1833			-0.254283
29.2167			-0.254278
29.25			-0.254273
29.2833			-0.254268
29.3167			-0.254263
29.35			-0.254259
29.3833			-0.254254
29.4167			-0.254249
29.45			-0.254244
29.4833			-0.254239
29.5167			-0.254234
29.55			-0.25423
29.5833			-0.254225
29.6167			-0.25422
29.65			-0.254215
29.6833			-0.254211
29.7167			-0.254206
29.75			-0.254201
29.7833			-0.254197
29.8167			-0.254192
29.85			-0.254187
29.8833			-0.254183
29.9167			-0.254178
29.95			-0.254173
29.9833			-0.254169
30.0167			-0.254164
30.05			-0.254159
30.0833			-0.254155
30.1167			-0.25415
30.15			-0.254146
30.1833			-0.254141
30.2167			-0.254136
30.25			-0.254132
30.2833			-0.254127
30.3167			-0.254123
30.35			-0.254118
30.3833			-0.254114
30.4167			-0.254109
30.45			-0.254105
30.4833			-0.2541
30.5167			-0.254096
30.55			-0.254091
30.5833			-0.254087
30.6167			-0.254082
30.65			-0.254078
30.6833			-0.254074
30.7167			-0.254069
30.75			-0.254065
30.7833			-0.25406
30.8167			-0.254056
30.85			-0.254052
30.8833			-0.254047
30.9167			-0.254043
30.95			-0.254038
30.9833			-0.254034
31.0167			-0.25403
31.05			-0.254025
31.0833			-0.254021
31.1167			-0.254017
31.15			-0.254012
31.1833			-0.254008
31.2167			-0.254004
31.25			-0.254
31.2833			-0.253995
31.3167			-0.253991
31.35			-0.253987
31.3833			-0.253983
31.4167			-0.253978
31.45			-0.253974
31.4833			-0.25397
31.5167			-0.253966
31.55			-0.253962
31.5833			-0.253957
31.6167			-0.253953
31.65			-0.253949
31.6833			-0.253945
31.7167			-0.253941
31.75			-0.253937
31.7833			-0.253933
31.8167			-0.253928
31.85			-0.253924
31.8833			-0.25392
31.9167			-0.253916
31.95			-0.253912
31.9833			-0.253908
32.0167			-0.253904
32.05			-0.2539
32.0833			-0.253896
32.1167			-0.253892
32.15			-0.253888
32.1833			-0.253884
32.2167			-0.25388
32.25			-0.253876
32.2833			-0.253872
32.3167			-0.253868
32.35			-0.253864
32.3833			-0.25386
32.4167			-0.253856
32.45			-0.253852
32.4833			-0.253848
32.5167			-0.253844
32.55			-0.25384
32.5833			-0.253836
32.6167			-0.253832
32.65			-0.253828
32.6833			-0.253824
32.7167			-0.25382
32.75			-0.253816
32.7833			-0.253813
32.8167			-0.253809
32.85			-0.253805
32.8833			-0.253801
32.9167			-0.253797
32.95			-0.253793
32.9833			-0.25379
33.0167			-0.253786
33.05			-0.253782
33.0833			-0.253778
33.1167			-0.253774
33.15			-0.25377
33.1833			-0.253767
33.2167			-0.253763
33.25			-0.253759
33.2833			-0.253755
33.3167			-0.253752
33.35			-0.253748
33.3833			-0.253744
33.4167			-0.25374
33.45			-0.253737
33.4833			-0.253733
33.5167			-0.253729
33.55			-0.253726
33.5833			-0.253722
33.6167			-0.253718
33.65			-0.253714
33.6833			-0.253711
33.7167			-0.253707
33.75			-0.253703
33.7833			-0.2537
33.8167			-0.253696
33.85			-0.253692
33.8833			-0.253689
33.9167			-0.253685
33.95			-0.253682
33.9833			-0.253678
34.0167			-0.253674
34.05			-0.253671
34.0833			-0.253667
34.1167			-0.253664
34.15			-0.25366
34.1833			-0.253656
34.2167			-0.253653
34.25			-0.253649
34.2833			-0.253646
34.3167			-0.253642
34.35			-0.253639
34.3833			-0.253635
34.4167			-0.253632
34.45			-0.253628
34.4833			-0.253625
34.5167			-0.253621
34.55			-0.253618
34.5833			-0.253614
34.6167			-0.253611
34.65			-0.253607
34.6833			-0.253604
34.7167			-0.2536
34.75			-0.253597
34.7833			-0.253593
34.8167			-0.25359
34.85			-0.253587
34.8833			-0.253583
34.9167			-0.25358
34.95			-0.253576
34.9833			-0.253573
35.0167			-0.253569
35.05			-0.253566
35.0833			-0.253563
35.1167			-0.253559
35.15			-0.253556
35.1833			-0.253553
35.2167			-0.253549
35.25			-0.253546
35.2833			-0.253543
35.3167			-0.253539
35.35			-0.253536
35.3833			-0.253533
35.4167			-0.253529
35.45			-0.253526
35.4833			-0.253523
35.5167			-0.253519
35.55			-0.253516
35.5833			-0.253513
35.6167			-0.253509
35.65			-0.253506
35.6833			-0.253503
35.7167			-0.2535
35.75			-0.253496
35.7833			-0.253493
35.8167			-0.25349
35.85			-0.253487
35.8833			-0.253483
35.9167			-0.25348
35.95			-0.253477
35.9833			-0.253474
36.0167			-0.25347
36.05			-0.253467
36.0833			-0.253464
36.1167			-0.253461
36.15			-0.253458
36.1833			-0.253454
36.2167			-0.253451
36.25			-0.253448
36.2833			-0.253445
36.3167			-0.253442
36.35			-0.253439
36.3833			-0.253435
36.4167			-0.253432
36.45			-0.253429
36.4833			-0.253426
36.5167			-0.253423
36.55			-0.25342
36.5833			-0.253417
36.6167			-0.253414
36.65			-0.25341
36.6833			-0.253407
36.7167			-0.253404
36.75			-0.253401
36.7833			-0.253398
36.8167			-0.253395
36.85			-0.253392
36.8833			-0.253389
36.9167			-0.253386
36.95			-0.253383
36.9833			-0.25338
37.0167			-0.253377
37.05			-0.253374
37.0833			-0.253371
37.1167			-0.253368
37.15			-0.253365
37.1833			-0.253362
37.2167			-0.253359
37.25			-0.253356
37.2833			-0.253353
37.3167			-0.25335
37.35			-0.253347
37.3833			-0.253344
37.4167			-0.253341
37.45			-0.253338
37.4833			-0.253335
37.5167			-0.253332
37.55			-0.253329
37.5833			-0.253326
37.6167			-0.253323
37.65			-0.25332
37.6833			-0.253317
37.7167			-0.253314
37.75			-0.253311
37.7833			-0.253308
37.8167			-0.253305
37.85			-0.253302
37.8833			-0.253299
37.9167			-0.253297
37.95			-0.253294
37.9833			-0.253291
38.0167			-0.253288
38.05			-0.253285
38.0833			-0.253282
38.1167			-0.253279
38.15			-0.253276
38.1833			-0.253273
38.2167			-0.253271
38.25			-0.253268
38.2833			-0.253265
38.3167			-0.253262
38.35			-0.253259
38.3833			-0.253256
38.4167			-0.253254
38.45			-0.253251
38.4833			-0.253248
38.5167			-0.253245
38.55			-0.253242
38.5833			-0.25324
38.6167			-0.253237
38.65			-0.253234
38.6833			-0.253231
38.7167			-0.253228
38.75			-0.253226
38.7833			-0.253223
38.8167			-0.25322
38.85			-0.253217
38.8833			-0.253215
38.9167			-0.253212
38.95			-0.253209
38.9833			-0.253206
39.0167			-0.253204
39.05			-0.253201
39.0833			-0.253198
39.1167			-0.253195
39.15			-0.253193
39.1833			-0.25319
39.2167			-0.253187
39.25			-0.253185
39.2833			-0.253182
39.3167			-0.253179
39.35			-0.253176
39.3833			-0.253174
39.4167			-0.253171
39.45			-0.253168
39.4833			-0.253166
39.5167			-0.253163
39.55			-0.25316
39.5833			-0.253158
39.6167			-0.253155
39.65			-0.253152
39.6833			-0.25315
39.7167			-0.253147
39.75			-0.253144
39.7833			-0.253142
39.8167			-0.253139
39.85			-0.253137
39.8833			-0.253134
39.9167			-0.253131
39.95			-0.253129
39.9833			-0.253126
40.0167			-0.253124
40.05			-0.253121
40.0833			-0.253118
40.1167			-0.253116
40.15			-0.253113
40.1833			-0.253111
40.2167			-0.253108
40.25			-0.253105
40.2833			-0.253103
40.3167			-0.2531
40.35			-0.253098
40.3833			-0.253095
40.4167			-0.253093
40.45			-0.25309
40.4833			-0.253088
40.5167			-0.253085
40.55			-0.253082
40.5833			-0.25308
40.6167			-0.253077
40.65			-0.253075
40.6833			-0.253072
40.7167			-0.25307
40.75			-0.253067
40.7833			-0.253065
40.8167			-0.253062
40.85			-0.25306
40.8833			-0.253057
40.9167			-0.253055
40.95			-0.253052
40.9833			-0.25305
41.0167			-0.253047
41.05			-0.253045
41.0833			-0.253042
41.1167			-0.25304
41.15			-0.253038
41.1833			-0.253035
41.2167			-0.253033
41.25			-0.25303
41.2833			-0.253028
41.3167			-0.253025
41.35			-0.253023
41.3833			-0.25302
41.4167			-0.253018
41.45			-0.253016
41.4833			-0.253013
41.5167			-0.253011
41.55			-0.253008
41.5833			-0.253006
41.6167			-0.253003
41.65			-0.253001
41.6833			-0.252999
41.7167			-0.252996
41.75			-0.252994
41.7833			-0.252991
41.8167			-0.252989
41.85			-0.252987
41.8833			-0.252984
41.9167			-0.252982
41.95			-0.25298
41.9833			-0.252977
42.0167			-0.252975
42.05			-0.252973
42.0833			-0.25297
42.1167			-0.252968
42.15			-0.252965
42.1833			-0.252963
42.2167			-0.252961
42.25			-0.252958
42.2833			-0.252956
42.3167			-0.252954
42.35			-0.252951
42.3833			-0.252949
42.4167			-0.252947
42.45			-0.252945
42.4833			-0.252942
42.5167			-0.25294
42.55			-0.252938
42.5833			-0.252935
42.6167			-0.252933
42.65			-0.252931
42.6833			-0.252928
42.7167			-0.252926
42.75			-0.252924
42.7833			-0.252922
42.8167			-0.252919
42.85			-0.252917
42.8833			-0.252915
42.9167			-0.252912
42.95			-0.25291
42.9833			-0.252908
43.0167			-0.252906
43.05			-0.252903
43.0833			-0.252901
43.1167			-0.252899
43.15			-0.252897
43.1833			-0.252895
43.2167			-0.252892
43.25			-0.25289
43.2833			-0.252888
43.3167			-0.252886
43.35			-0.252883
43.3833			-0.252881
43.4167			-0.252879
43.45			-0.252877
43.4833			-0.252875
43.5167			-0.252872
43.55			-0.25287
43.5833			-0.252868
43.6167			-0.252866
43.65			-0.252864
43.6833			-0.252861
43.7167			-0.252859
43.75			-0.252857
43.7833			-0.252855
43.8167			-0.252853
43.85			-0.252851
43.8833			-0.252848
43.9167			-0.252846
43.95			-0.252844
43.9833			-0.252842
44.0167			-0.25284
44.05			-0.252838
44.0833			-0.252835
44.1167			-0.252833
44.15			-0.252831
44.1833			-0.252829
44.2167			-0.252827
44.25			-0.252825
44.2833			-0.252823
44.3167			-0.25282
44.35			-0.252818
44.3833			-0.252816
44.4167			-0.252814
44.45			-0.252812
44.4833			-0.25281
44.5167			-0.252808
44.55			-0.252806
44.5833			-0.252804
44.6167			-0.252802
44.65			-0.252799
44.6833			-0.252797
44.7167			-0.252795
44.75			-0.252793
44.7833			-0.252791
44.8167			-0.252789
44.85			-0.252787
44.8833			-0.252785
44.9167			-0.252783
44.95			-0.252781
44.9833			-0.252779
45.0167			-0.252777
45.05			-0.252775
45.0833			-0.252773
45.1167			-0.25277
45.15			-0.252768
45.1833			-0.252766
45.2167			-0.252764
45.25			-0.252762
45.2833			-0.25276
45.3167			-0.252758
45.35			-0.252756
45.3833			-0.252754
45.4167			-0.252752
45.45			-0.25275
45.4833			-0.252748
45.5167			-0.252746
45.55			-0.252744
45.5833			-0.252742
45.6167			-0.25274
45.65			-0.252738
45.6833			-0.252736
45.7167			-0.252734
45.75			-0.252732
45.7833			-0.25273
45.8167			-0.252728
45.85			-0.252726
45.8833			-0.252724
45.9167			-0.252722
45.95			-0.25272
45.9833			-0.252718
46.0167			-0.252716
46.05			-0.252714
46.0833			-0.252712
46.1167			-0.25271
46.15			-0.252708
46.1833			-0.252706
46.2167			-0.252705
46.25			-0.252703
46.2833			-0.252701
46.3167			-0.252699
46.35			-0.252697
46.3833			-0.252695
46.4167			-0.252693
46.45			-0.252691
46.4833			-0.252689
46.5167			-0.252687
46.55			-0.252685
46.5833			-0.252683
46.6167			-0.252681
46.65			-0.252679
46.6833			-0.252678
46.7167			-0.252676
46.75			-0.252674
46.7833			-0.252672
46.8167			-0.25267
46.85			-0.252668
46.8833			-0.252666
46.9167			-0.252664
46.95			-0.252662
46.9833			-0.25266
47.0167			-0.252659
47.05			-0.252657
47.0833			-0.252655
47.1167			-0.252653
47.15			-0.252651
47.1833			-0.252649
47.2167			-0.252647
47.25			-0.252645
47.2833			-0.252644
47.3167			-0.252642
47.35			-0.25264
47.3833			-0.252638
47.4167			-0.252636
47.45			-0.252634
47.4833			-0.252632
47.5167			-0.252631
47.55			-0.252629
47.5833			-0.252627
47.6167			-0.252625
47.65			-0.252623
47.6833			-0.252621
47.7167			-0.25262
47.75			-0.252618
47.7833			-0.252616
47.8167			-0.252614
47.85			-0.252612
47.8833			-0.25261
47.9167			-0.252609
47.95			-0.252607
47.9833			-0.252605
48.0167			-0.252603
48.05			-0.252601
48.0833			-0.2526
48.1167			-0.252598
48.15			-0.252596
48.1833			-0.252594
48.2167			-0.252592
48.25			-0.252591
48.2833			-0.252589
48.3167			-0.252587
48.35			-0.252585
48.3833			-0.252583
48.4167			-0.252582
48.45			-0.25258
48.4833			-0.252578
48.5167			-0.252576
48.55			-0.252575
48.5833			-0.252573
48.6167			-0.252571
48.65			-0.252569
48.6833			-0.252568
48.7167			-0.252566
48.75			-0.252564
48.7833			-0.252562
48.8167			-0.252561
48.85			-0.252559
48.8833			-0.252557
48.9167			-0.252555
48.95			-0.252554
48.9833			-0.252552
49.0167			-0.25255
49.05			-0.252548
49.0833			-0.252547
49.1167			-0.252545
49.15			-0.252543
49.1833			-0.252541
49.2167			-0.25254
49.25			-0.252538
49.2833			-0.252536
49.3167			-0.252535
49.35			-0.252533
49.3833			-0.252531
49.4167			-0.252529
49.45			-0.252528
49.4833			-0.252526
49.5167			-0.252524
49.55			-0.252523
49.5833			-0.252521
49.6167			-0.252519
49.65			-0.252518
49.6833			-0.252516
49.7167			-0.252514
49.75			-0.252512
49.7833			-0.252511
49.8167			-0.252509
49.85			-0.252507
49.8833			-0.252506
49.9167			-0.252504
49.95			-0.252502
49.9833			-0.252501
50.0167			-0.252499
50.05			-0.252497
50.0833			-0.252496
50.1167			-0.252494
50.15			-0.252492
50.1833			-0.252491
50.2167			-0.252489
50.25			-0.252487
50.2833			-0.252486
50.3167			-0.252484
50.35			-0.252483
50.3833			-0.252481
50.4167			-0.252479
50.45			-0.252478
50.4833			-0.252476
50.5167			-0.252474
50.55			-0.252473
50.5833			-0.252471
50.6167			-0.252469
50.65			-0.252468
50.6833			-0.252466
50.7167			-0.252465
50.75			-0.252463
50.7833			-0.252461
50.8167			-0.25246
50.85			-0.252458
50.8833			-0.252457
50.9167			-0.252455
50.95			-0.252453
50.9833			-0.252452
51.0167			-0.25245
51.05			-0.252449
51.0833			-0.252447
51.1167			-0.252445
51.15			-0.252444
51.1833			-0.252442
51.2167			-0.252441
51.25			-0.252439
51.2833			-0.252437
51.3167			-0.252436
51.35			-0.252434
51.3833			-0.252433
51.4167			-0.252431
51.45			-0.252429
51.4833			-0.252428
51.5167			-0.252426
51.55			-0.252425
51.5833			-0.252423
51.6167			-0.252422
51.65			-0.25242
51.6833			-0.252418
51.7167			-0.252417
51.75			-0.252415
51.7833			-0.252414
51.8167			-0.252412
51.85			-0.252411
51.8833			-0.252409
51.9167			-0.252408
51.95			-0.252406
51.9833			-0.252405
52.0167			-0.252403
52.05			-0.252401
52.0833			-0.2524
52.1167			-0.252398
52.15			-0.252397
52.1833			-0.252395
52.2167			-0.252394
52.25			-0.252392
52.2833			-0.252391
52.3167			-0.252389
52.35			-0.252388
52.3833			-0.252386
52.4167			-0.252385
52.45			-0.252383
52.4833			-0.252382
52.5167			-0.25238
52.55			-0.252379
52.5833			-0.252377
52.6167			-0.252376
52.65			-0.252374
52.6833			-0.252373
52.7167			-0.252371
52.75			-0.25237
52.7833			-0.252368
52.8167			-0.252367
52.85			-0.252365
52.8833			-0.252364
52.9167			-0.252362
52.95			-0.252361
52.9833			-0.252359
53.0167			-0.252358
53.05			-0.252356
53.0833			-0.252355
53.1167			-0.252353
53.15			-0.252352
53.1833			-0.25235
53.2167			-0.252349
53.25			-0.252347
53.2833			-0.252346
53.3167			-0.252344
53.35			-0.252343
53.3833			-0.252341
53.4167			-0.25234
53.45			-0.252339
53.4833			-0.252337
53.5167			-0.252336
53.55			-0.252334
53.5833			-0.252333
53.6167			-0.252331
53.65			-0.25233
53.6833			-0.252328
53.7167			-0.252327
53.75			-0.252326
53.7833			-0.252324
53.8167			-0.252323
53.85			-0.252321
53.8833			-0.25232
53.9167			-0.252318
53.95			-0.252317
53.9833			-0.252315
54.0167			-0.252314
54.05			-0.252313
54.0833			-0.252311
54.1167			-0.25231
54.15			-0.252308
54.1833			-0.252307
54.2167			-0.252305
54.25			-0.252304
54.2833			-0.252303
54.3167			-0.252301
54.35			-0.2523
54.3833			-0.252298
54.4167			-0.252297
54.45			-0.252296
54.4833			-0.252294
54.5167			-0.252293
54.55			-0.252291
54.5833			-0.25229
54.6167			-0.252289
54.65			-0.252287
54.6833			-0.252286
54.7167			-0.252284
54.75			-0.252283
54.7833			-0.252282
54.8167			-0.25228
54.85			-0.252279
54.8833			-0.252277
54.9167			-0.252276
54.95			-0.252275
54.9833			-0.252273
55.0167			-0.252272
55.05			-0.252271
55.0833			-0.252269
55.1167			-0.252268
55.15			-0.252266
55.1833			-0.252265
55.2167			-0.252264
55.25			-0.252262
55.2833			-0.252261
55.3167			-0.25226
55.35			-0.252258
55.3833			-0.252257
55.4167			-0.252256
55.45			-0.252254
55.4833			-0.252253
55.5167			-0.252252
55.55			-0.25225
55.5833			-0.252249
55.6167			-0.252247
55.65			-0.252246
55.6833			-0.252245
55.7167			-0.252243
55.75			-0.252242
55.7833			-0.252241
55.8167			-0.252239
55.85			-0.252238
55.8833			-0.252237
55.9167			-0.252235
55.95			-0.252234
55.9833			-0.252233
56.0167			-0.252231
56.05			-0.25223
56.0833			-0.252229
56.1167			-0.252227
56.15			-0.252226
56.1833			-0.252225
56.2167			-0.252223
56.25			-0.252222
56.2833			-0.252221
56.3167			-0.25222
56.35			-0.252218
56.3833			-0.252217
56.4167			-0.252216
56.45			-0.252214
56.4833			-0.252213
56.5167			-0.252212
56.55			-0.25221
56.5833			-0.252209
56.6167			-0.252208
56.65			-0.252206
56.6833			-0.252205
56.7167			-0.252204
56.75			-0.252203
56.7833			-0.252201
56.8167			-0.2522
56.85			-0.252199
56.8833			-0.252197
56.9167			-0.252196
56.95			-0.252195
56.9833			-0.252194
57.0167			-0.252192
57.05			-0.252191
57.0833			-0.25219
57.1167			-0.252188
57.15			-0.252187
57.1833			-0.252186
57.2167			-0.252185
57.25			-0.252183
57.2833			-0.252182
57.3167			-0.252181
57.35			-0.25218
57.3833			-0.252178
57.4167			-0.252177
57.45			-0.252176
57.4833			-0.252174
57.5167			-0.252173
57.55			-0.252172
57.5833			-0.252171
57.6167			-0.252169
57.65			-0.252168
57.6833			-0.252167
57.7167			-0.252166
57.75			-0.252164
57.7833			-0.252163
57.8167			-0.252162
57.85			-0.252161
57.8833			-0.252159
57.9167			-0.252158
57.95			-0.252157
57.9833			-0.252156
58.0167			-0.252154
58.05			-0.252153
58.0833			-0.252152
58.1167			-0.252151
58.15			-0.25215
58.1833			-0.252148
58.2167			-0.252147
58.25			-0.252146
58.2833			-0.252145
58.3167			-0.252143
58.35			-0.252142
58.3833			-0.252141
58.4167			-0.25214
58.45			-0.252139
58.4833			-0.252137
58.5167			-0.252136
58.55			-0.252135
58.5833			-0.252134
58.6167			-0.252132
58.65			-0.252131
58.6833			-0.25213
58.7167			-0.252129
58.75			-0.252128
58.7833			-0.252126
58.8167			-0.252125
58.85			-0.252124
58.8833			-0.252123
58.9167			-0.252122
58.95			-0.25212
58.9833			-0.252119
59.0167			-0.252118
59.05			-0.252117
59.0833			-0.252116
59.1167			-0.252114
59.15			-0.252113
59.1833			-0.252112
59.2167			-0.252111
59.25			-0.25211
59.2833			-0.252108
59.3167			-0.252107
59.35			-0.252106
59.3833			-0.252105
59.4167			-0.252104
59.45			-0.252103
59.4833			-0.252101
59.5167			-0.2521
59.55			-0.252099
59.5833			-0.252098
59.6167			-0.252097
59.65			-0.252096
59.6833			-0.252094
59.7167			-0.252093
59.75			-0.252092
59.7833			-0.252091
59.8167			-0.25209
59.85			-0.252089
59.8833			-0.252087
59.9167			-0.252086
59.95			-0.252085
59.9833			-0.252084
60.0167			-0.252083
60.05			-0.252082
60.0833			-0.25208
60.1167			-0.252079
60.15			-0.252078
60.1833			-0.252077
60.2167			-0.252076
60.25			-0.252075
60.2833			-0.252073
60.3167			-0.252072
60.35			-0.252071
60.3833			-0.25207
60.4167			-0.252069
60.45			-0.252068
60.4833			-0.252067
60.5167			-0.252065
60.55			-0.252064
60.5833			-0.252063
60.6167			-0.252062
60.65			-0.252061
60.6833			-0.25206
60.7167			-0.252059
60.75			-0.252058
60.7833			-0.252056
60.8167			-0.252055
60.85			-0.252054
60.8833			-0.252053
60.9167			-0.252052
60.95			-0.252051
60.9833			-0.25205
61.0167			-0.252049
61.05			-0.252047
61.0833			-0.252046
61.1167			-0.252045
61.15			-0.252044
61.1833			-0.252043
61.2167			-0.252042
61.25			-0.252041
61.2833			-0.25204
61.3167			-0.252039
61.35			-0.252037
61.3833			-0.252036
61.4167			-0.252035
61.45			-0.252034
61.4833			-0.252033
61.5167			-0.252032
61.55			-0.252031
61.5833			-0.25203
61.6167			-0.252029
61.65			-0.252028
61.6833			-0.252026
61.7167			-0.252025
61.75			-0.252024
61.7833			-0.252023
61.8167			-0.252022
61.85			-0.252021
61.8833			-0.25202
61.9167			-0.252019
61.95			-0.252018
61.9833			-0.252017
62.0167			-0.252016
62.05			-0.252014
62.0833			-0.252013
62.1167			-0.252012
62.15			-0.252011
62.1833			-0.25201
62.2167			-0.252009
62.25			-0.252008
62.2833			-0.252007
62.3167			-0.252006
62.35			-0.252005
62.3833			-0.252004
62.4167			-0.252003
62.45			-0.252002
62.4833			-0.252
62.5167			-0.251999
62.55			-0.251998
62.5833			-0.251997
62.6167			-0.251996
62.65			-0.251995
62.6833			-0.251994
62.7167			-0.251993
62.75			-0.251992
62.7833			-0.251991
62.8167			-0.25199
62.85			-0.251989
62.8833			-0.251988
62.9167			-0.251987
62.95			-0.251986
62.9833			-0.251985
63.0167			-0.251984
63.05			-0.251983
63.0833			-0.251981
63.1167			-0.25198
63.15			-0.251979
63.1833			-0.251978
63.2167			-0.251977
63.25			-0.251976
63.2833			-0.251975
63.3167			-0.251974
63.35			-0.251973
63.3833			-0.251972
63.4167			-0.251971
63.45			-0.25197
63.4833			-0.251969
63.5167			-0.251968
63.55			-0.251967
63.5833			-0.251966
63.6167			-0.251965
63.65			-0.251964
63.6833			-0.251963
63.7167			-0.251962
63.75			-0.251961
63.7833			-0.25196
63.8167			-0.251959
63.85			-0.251958
63.8833			-0.251957
63.9167			-0.251956
63.95			-0.251955
63.9833			-0.251954
64.0167			-0.251953
64.05			-0.251952
64.0833			-0.251951
64.1167			-0.25195
64.15			-0.251949
64.1833			-0.251948
64.2167			-0.251946
64.25			-0.251945
64.2833			-0.251944
64.3167			-0.251943
64.35			-0.251942
64.3833			-0.251941
64.4167			-0.25194
64.45			-0.251939
64.4833			-0.251938
64.5167			-0.251937
64.55			-0.251936
64.5833			-0.251935
64.6167			-0.251934
64.65			-0.251933
64.6833			-0.251932
64.7167			-0.251931
64.75			-0.25193
64.7833			-0.251929
64.8167			-0.251928
64.85			-0.251927
64.8833			-0.251926
64.9167			-0.251926
64.95			-0.251925
64.9833			-0.251924
65.0167			-0.251923
65.05			-0.251922
65.0833			-0.251921
65.1167			-0.25192
65.15			-0.251919
65.1833			-0.251918
65.2167			-0.251917
65.25			-0.251916
65.2833			-0.251915
65.3167			-0.251914
65.35			-0.251913
65.3833			-0.251912
65.4167			-0.251911
65.45			-0.25191
65.4833			-0.251909
65.5167			-0.251908
65.55			-0.251907
65.5833			-0.251906
65.6167			-0.251905
65.65			-0.251904
65.6833			-0.251903
65.7167			-0.251902
65.75			-0.251901
65.7833			-0.2519
65.8167			-0.251899
65.85			-0.251898
65.8833			-0.251897
65.9167			-0.251896
65.95			-0.251895
65.9833			-0.251894
66.0167			-0.251893
66.05			-0.251892
66.0833			-0.251892
66.1167			-0.251891
66.15			-0.25189
66.1833			-0.251889
66.2167			-0.251888
66.25			-0.251887
66.2833			-0.251886
66.3167			-0.251885
66.35			-0.251884
66.3833			-0.251883
66.4167			-0.251882
66.45			-0.251881
66.4833			-0.25188
66.5167			-0.251879
66.55			-0.251878
66.5833			-0.251877
66.6167			-0.251876
66.65			-0.251875
66.6833			-0.251874
66.7167			-0.251874
66.75			-0.251873
66.7833			-0.251872
66.8167			-0.251871
66.85			-0.25187
66.8833			-0.251869
66.9167			-0.251868
66.95			-0.251867
66.9833			-0.251866
67.0167			-0.251865
67.05			-0.251864
67.0833			-0.251863
67.1167			-0.251862
67.15			-0.251861
67.1833			-0.251861
67.2167			-0.25186
67.25			-0.251859
67.2833			-0.251858
67.3167			-0.251857
67.35			-0.251856
67.3833			-0.251855
67.4167			-0.251854
67.45			-0.251853
67.4833			-0.251852
67.5167			-0.251851
67.55			-0.25185
67.5833			-0.25185
67.6167			-0.251849
67.65			-0.251848
67.6833			-0.251847
67.7167			-0.251846
67.75			-0.251845
67.7833			-0.251844
67.8167			-0.251843
67.85			-0.251842
67.8833			-0.251841
67.9167			-0.25184
67.95			-0.25184
67.9833			-0.251839
68.0167			-0.251838
68.05			-0.251837
68.0833			-0.251836
68.1167			-0.251835
68.15			-0.251834
68.1833			-0.251833
68.2167			-0.251832
68.25			-0.251831
68.2833			-0.251831
68.3167			-0.25183
68.35			-0.251829
68.3833			-0.251828
68.4167			-0.251827
68.45			-0.251826
68.4833			-0.251825
68.5167			-0.251824
68.55			-0.251823
68.5833			-0.251823
68.6167			-0.251822
68.65			-0.251821
68.6833			-0.25182
68.7167			-0.251819
68.75			-0.251818
68.7833			-0.251817
68.8167			-0.251816
68.85			-0.251816
68.8833			-0.251815
68.9167			-0.251814
68.95			-0.251813
68.9833			-0.251812
69.0167			-0.251811
69.05			-0.25181
69.0833			-0.251809
69.1167			-0.251809
69.15			-0.251808
69.1833			-0.251807
69.2167			-0.251806
69.25			-0.251805
69.2833			-0.251804
69.3167			-0.251803
69.35			-0.251802
69.3833			-0.251802
69.4167			-0.251801
69.45			-0.2518
69.4833			-0.251799
69.5167			-0.251798
69.55			-0.251797
69.5833			-0.251796
69.6167			-0.251796
69.65			-0.251795
69.6833			-0.251794
69.7167			-0.251793
69.75			-0.251792
69.7833			-0.251791
69.8167			-0.25179
69.85			-0.25179
69.8833			-0.251789
69.9167			-0.251788
69.95			-0.251787
69.9833			-0.251786
70.0167			-0.251785
70.05			-0.251784
70.0833			-0.251784
70.1167			-0.251783
70.15			-0.251782
70.1833			-0.251781
70.2167			-0.25178
70.25			-0.251779
70.2833			-0.251778
70.3167			-0.251778
70.35			-0.251777
70.3833			-0.251776
70.4167			-0.251775
70.45			-0.251774
70.4833			-0.251773
70.5167			-0.251773
70.55			-0.251772
70.5833			-0.251771
70.6167			-0.25177
70.65			-0.251769
70.6833			-0.251768
70.7167			-0.251768
70.75			-0.251767
70.7833			-0.251766
70.8167			-0.251765
70.85			-0.251764
70.8833			-0.251763
70.9167			-0.251763
70.95			-0.251762
70.9833			-0.251761
71.0167			-0.25176
71.05			-0.251759
71.0833			-0.251758
71.1167			-0.251758
71.15			-0.251757
71.1833			-0.251756
71.2167			-0.251755
71.25			-0.251754
71.2833			-0.251754
71.3167			-0.251753
71.35			-0.251752
71.3833			-0.251751
71.4167			-0.25175
71.45			-0.251749
71.4833			-0.251749
71.5167			-0.251748
71.55			-0.251747
71.5833			-0.251746
71.6167			-0.251745
71.65			-0.251745
71.6833			-0.251744
71.7167			-0.251743
71.75			-0.251742
71.7833			-0.251741
71.8167			-0.251741
71.85			-0.25174
71.8833			-0.251739
71.9167			-0.251738
71.95			-0.251737
71.9833			-0.251736
72.0167			-0.251736
72.05			-0.251735
72.0833			-0.251734
72.1167			-0.251733
72.15			-0.251732
72.1833			-0.251732
72.2167			-0.251731
72.25			-0.25173
72.2833			-0.251729
72.3167			-0.251728
72.35			-0.251728
72.3833			-0.251727
72.4167			-0.251726
72.45			-0.251725
72.4833			-0.251725
72.5167			-0.251724
72.55			-0.251723
72.5833			-0.251722
72.6167			-0.251721
72.65			-0.251721
72.6833			-0.25172
72.7167			-0.251719
72.75			-0.251718
72.7833			-0.251717
72.8167			-0.251717
72.85			-0.251716
72.8833			-0.251715
72.9167			-0.251714
72.95			-0.251713
72.9833			-0.251713
73.0167			-0.251712
73.05			-0.251711
73.0833			-0.25171
73.1167			-0.25171
73.15			-0.251709
73.1833			-0.251708
73.2167			-0.251707
73.25			-0.251706
73.2833			-0.251706
73.3167			-0.251705
73.35			-0.251704
73.3833			-0.251703
73.4167			-0.251703
73.45			-0.251702
73.4833			-0.251701
73.5167			-0.2517
73.55			-0.251699
73.5833			-0.251699
73.6167			-0.251698
73.65			-0.251697
73.6833			-0.251696
73.7167			-0.251696
73.75			-0.251695
73.7833			-0.251694
73.8167			-0.251693
73.85			-0.251693
73.8833			-0.251692
73.9167			-0.251691
73.95			-0.25169
73.9833			-0.25169
74.0167			-0.251689
74.05			-0.251688
74.0833			-0.251687
74.1167			-0.251687
74.15			-0.251686
74.1833			-0.251685
74.2167			-0.251684
74.25			-0.251683
74.2833			-0.251683
74.3167			-0.251682
74.35			-0.251681
74.3833			-0.25168
74.4167			-0.25168
74.45			-0.251679
74.4833			-0.251678
74.5167			-0.251677
74.55			-0.251677
74.5833			-0.251676
74.6167			-0.251675
74.65			-0.251674
74.6833			-0.251674
74.7167			-0.251673
74.75			-0.251672
74.7833			-0.251671
74.8167			-0.251671
74.85			-0.25167
74.8833			-0.251669
74.9167			-0.251668
74.95			-0.251668
74.9833			-0.251667
75.0167			-0.251666
75.05			-0.251666
75.0833			-0.251665
75.1167			-0.251664
75.15			-0.251663
75.1833			-0.251663
75.2167			-0.251662
75.25			-0.251661
75.2833			-0.25166
75.3167			-0.25166
75.35			-0.251659
75.3833			-0.251658
75.4167			-0.251657
75.45			-0.251657
75.4833			-0.251656
75.5167			-0.251655
75.55			-0.251655
75.5833			-0.251654
75.6167			-0.251653
75.65			-0.251652
75.6833			-0.251652
75.7167			-0.251651
75.75			-0.25165
75.7833			-0.251649
75.8167			-0.251649
75.85			-0.251648
75.8833			-0.251647
75.9167			-0.251647
75.95			-0.251646
75.9833			-0.251645
76.0167			-0.251644
76.05			-0.251644
76.0833			-0.251643
76.1167			-0.251642
76.15			-0.251641
76.1833			-0.251641
76.2167			-0.25164
76.25			-0.251639
76.2833			-0.251639
76.3167			-0.251638
76.35			-0.251637
76.3833			-0.251636
76.4167			-0.251636
76.45			-0.251635
76.4833			-0.251634
76.5167			-0.251634
76.55			-0.251633
76.5833			-0.251632
76.6167			-0.251631
76.65			-0.251631
76.6833			-0.25163
76.7167			-0.251629
76.75			-0.251629
76.7833			-0.251628
76.8167			-0.251627
76.85			-0.251627
76.8833			-0.251626
76.9167			-0.251625
76.95			-0.251624
76.9833			-0.251624
77.0167			-0.251623
77.05			-0.251622
77.0833			-0.251622
77.1167			-0.251621
77.15			-0.25162
77.1833			-0.251619
77.2167			-0.251619
77.25			-0.251618
77.2833			-0.251617
77.3167			-0.251617
77.35			-0.251616
77.3833			-0.251615
77.4167			-0.251615
77.45			-0.251614
77.4833			-0.251613
77.5167			-0.251613
77.55			-0.251612
77.5833			-0.251611
77.6167			-0.25161
77.65			-0.25161
77.6833			-0.251609
77.7167			-0.251608
77.75			-0.251608
77.7833			-0.251607
77.8167			-0.251606
77.85			-0.251606
77.8833			-0.251605
77.9167			-0.251604
77.95			-0.251604
77.9833			-0.251603
78.0167			-0.251602
78.05			-0.251602
78.0833			-0.251601
78.1167			-0.2516
78.15			-0.251599
78.1833			-0.251599
78.2167			-0.251598
78.25			-0.251597
78.2833			-0.251597
78.3167			-0.251596
78.35			-0.251595
78.3833			-0.251595
78.4167			-0.251594
78.45			-0.251593
78.4833			-0.251593
78.5167			-0.251592
78.55			-0.251591
78.5833			-0.251591
78.6167			-0.25159
78.65			-0.251589
78.6833			-0.251589
78.7167			-0.251588
78.75			-0.251587
78.7833			-0.251587
78.8167			-0.251586
78.85			-0.251585
78.8833			-0.251585
78.9167			-0.251584
78.95			-0.251583
78.9833			-0.251583
79.0167			-0.251582
79.05			-0.251581
79.0833			-0.251581
79.1167			-0.25158
79.15			-0.251579
79.1833			-0.251579
79.2167			-0.251578
79.25			-0.251577
79.2833			-0.251577
79.3167			-0.251576
79.35			-0.251575
79.3833			-0.251575
79.4167			-0.251574
79.45			-0.251573
79.4833			-0.251573
79.5167			-0.251572
79.55			-0.251571
79.5833			-0.251571
79.6167			-0.25157
79.65			-0.251569
79.6833			-0.251569
79.7167			-0.251568
79.75			-0.251567
79.7833			-0.251567
79.8167			-0.251566
79.85			-0.251565
79.8833			-0.251565
79.9167			-0.251564
79.95			-0.251563
79.9833			-0.251563
80.0167			-0.251562
80.05			-0.251562
80.0833			-0.251561
80.1167			-0.25156
80.15			-0.25156
80.1833			-0.251559
80.2167			-0.251558
80.25			-0.251558
80.2833			-0.251557
80.3167			-0.251556
80.35			-0.251556
80.3833			-0.251555
80.4167			-0.251554
80.45			-0.251554
80.4833			-0.251553
80.5167			-0.251552
80.55			-0.251552
80.5833			-0.251551
80.6167			-0.251551
80.65			-0.25155
80.6833			-0.251549
80.7167			-0.251549
80.75			-0.251548
80.7833			-0.251547
80.8167			-0.251547
80.85			-0.251546
80.8833			-0.251545
80.9167			-0.251545
80.95			-0.251544
80.9833			-0.251544
81.0167			-0.251543
81.05			-0.251542
81.0833			-0.251542
81.1167			-0.251541
81.15			-0.25154
81.1833			-0.25154
81.2167			-0.251539
81.25			-0.251538
81.2833			-0.251538
81.3167			-0.251537
81.35			-0.251537
81.3833			-0.251536
81.4167			-0.251535
81.45			-0.251535
81.4833			-0.251534
81.5167			-0.251533
81.55			-0.251533
81.5833			-0.251532
81.6167			-0.251532
81.65			-0.251531
81.6833			-0.25153
81.7167			-0.25153
81.75			-0.251529
81.7833			-0.251528
81.8167			-0.251528
81.85			-0.251527
81.8833			-0.251527
81.9167			-0.251526
81.95			-0.251525
81.9833			-0.251525
82.0167			-0.251524
82.05			-0.251523
82.0833			-0.251523
82.1167			-0.251522
82.15			-0.251522
82.1833			-0.251521
82.2167			-0.25152
82.25			-0.25152
82.2833			-0.251519
82.3167			-0.251519
82.35			-0.251518
82.3833			-0.251517
82.4167			-0.251517
82.45			-0.251516
82.4833			-0.251515
82.5167			-0.251515
82.55			-0.251514
82.5833			-0.251514
82.6167			-0.251513
82.65			-0.251512
82.6833			-0.251512
82.7167			-0.251511
82.75			-0.251511
82.7833			-0.25151
82.8167			-0.251509
82.85			-0.251509
82.8833			-0.251508
82.9167			-0.251508
82.95			-0.251507
82.9833			-0.251506
83.0167			-0.251506
83.05			-0.251505
83.0833			-0.251504
83.1167			-0.251504
83.15			-0.251503
83.1833			-0.251503
83.2167			-0.251502
83.25			-0.251501
83.2833			-0.251501
83.3167			-0.2515
83.35			-0.2515
83.3833			-0.251499
83.4167			-0.251498
83.45			-0.251498
83.4833			-0.251497
83.5167			-0.251497
83.55			-0.251496
83.5833			-0.251495
83.6167			-0.251495
83.65			-0.251494
83.6833			-0.251494
83.7167			-0.251493
83.75			-0.251493
83.7833			-0.251492
83.8167			-0.251491
83.85			-0.251491
83.8833			-0.25149
83.9167			-0.25149
83.95			-0.251489
83.9833			-0.251488
84.0167			-0.251488
84.05			-0.251487
84.0833			-0.251487
84.1167			-0.251486
84.15			-0.251485
84.1833			-0.251485
84.2167			-0.251484
84.25			-0.251484
84.2833			-0.251483
84.3167			-0.251482
84.35			-0.251482
84.3833			-0.251481
84.4167			-0.251481
84.45			-0.25148
84.4833			-0.25148
84.5167			-0.251479
84.55			-0.251478
84.5833			-0.251478
84.6167			-0.251477
84.65			-0.251477
84.6833			-0.251476
84.7167			-0.251475
84.75			-0.251475
84.7833			-0.251474
84.8167			-0.251474
84.85			-0.251473
84.8833			-0.251473
84.9167			-0.251472
84.95			-0.251471
84.9833			-0.251471
85.0167			-0.25147
85.05			-0.25147
85.0833			-0.251469
85.1167			-0.251469
85.15			-0.251468
85.1833			-0.251467
85.2167			-0.251467
85.25			-0.251466
85.2833			-0.251466
85.3167			-0.251465
85.35			-0.251465
85.3833			-0.251464
85.4167			-0.251463
85.45			-0.251463
85.4833			-0.251462
85.5167			-0.251462
85.55			-0.251461
85.5833			-0.251461
85.6167			-0.25146
85.65			-0.251459
85.6833			-0.251459
85.7167			-0.251458
85.75			-0.251458
85.7833			-0.251457
85.8167			-0.251457
85.85			-0.251456
85.8833			-0.251455
85.9167			-0.251455
85.95			-0.251454
85.9833			-0.251454
86.0167			-0.251453
86.05			-0.251453
86.0833			-0.251452
86.1167			-0.251452
86.15			-0.251451
86.1833			-0.25145
86.2167			-0.25145
86.25			-0.251449
86.2833			-0.251449
86.3167			-0.251448
86.35			-0.251448
86.3833			-0.251447
86.4167			-0.251446
86.45			-0.251446
86.4833			-0.251445
86.5167			-0.251445
86.55			-0.251444
86.5833			-0.251444
86.6167			-0.251443
86.65			-0.251443
86.6833			-0.251442
86.7167			-0.251441
86.75			-0.251441
86.7833			-0.25144
86.8167			-0.25144
86.85			-0.251439
86.8833			-0.251439
86.9167			-0.251438
86.95			-0.251438
86.9833			-0.251437
87.0167			-0.251436
87.05			-0.251436
87.0833			-0.251435
87.1167			-0.251435
87.15			-0.251434
87.1833			-0.251434
87.2167			-0.251433
87.25			-0.251433
87.2833			-0.251432
87.3167			-0.251432
87.35			-0.251431
87.3833			-0.25143
87.4167			-0.25143
87.45			-0.251429
87.4833			-0.251429
87.5167			-0.251428
87.55			-0.251428
87.5833			-0.251427
87.6167			-0.251427
87.65			-0.251426
87.6833			-0.251426
87.7167			-0.251425
87.75			-0.251424
87.7833			-0.251424
87.8167			-0.251423
87.85			-0.251423
87.8833			-0.251422
87.9167			-0.251422
87.95			-0.251421
87.9833			-0.251421
88.0167			-0.25142
88.05			-0.25142
88.0833			-0.251419
88.1167			-0.251419
88.15			-0.251418
88.1833			-0.251417
88.2167			-0.251417
88.25			-0.251416
88.2833			-0.251416
88.3167			-0.251415
88.35			-0.251415
88.3833			-0.251414
88.4167			-0.251414
88.45			-0.251413
88.4833			-0.251413
88.5167			-0.251412
88.55			-0.251412
88.5833			-0.251411
88.6167			-0.251411
88.65			-0.25141
88.6833			-0.251409
88.7167			-0.251409
88.75			-0.251408
88.7833			-0.251408
88.8167			-0.251407
88.85			-0.251407
88.8833			-0.251406
88.9167			-0.251406
88.95			-0.251405
88.9833			-0.251405
89.0167			-0.251404
89.05			-0.251404
89.0833			-0.251403
89.1167			-0.251403
89.15			-0.251402
89.1833			-0.251402
89.2167			-0.251401
89.25			-0.251401
89.2833			-0.2514
89.3167			-0.2514
89.35			-0.251399
89.3833			-0.251398
89.4167			-0.251398
89.45			-0.251397
89.4833			-0.251397
89.5167			-0.251396
89.55			-0.251396
89.5833			-0.251395
89.6167			-0.251395
89.65			-0.251394
89.6833			-0.251394
89.7167			-0.251393
89.75			-0.251393
89.7833			-0.251392
89.8167			-0.251392
89.85			-0.251391
89.8833			-0.251391
89.9167			-0.25139
89.95			-0.25139
89.9833			-0.251389
90.0167			-0.251389
90.05			-0.251388
90.0833			-0.251388
90.1167			-0.251387
90.15			-0.251387
90.1833			-0.251386
90.2167			-0.251386
90.25			-0.251385
90.2833			-0.251385
90.3167			-0.251384
90.35			-0.251383
90.3833			-0.251383
90.4167			-0.251382
90.45			-0.251382
90.4833			-0.251381
90.5167			-0.251381
90.55			-0.25138
90.5833			-0.25138
90.6167			-0.251379
90.65			-0.251379
90.6833			-0.251378
90.7167			-0.251378
90.75			-0.251377
90.7833			-0.251377
90.8167			-0.251376
90.85			-0.251376
90.8833			-0.251375
90.9167			-0.251375
90.95			-0.251374
90.9833			-0.251374
91.0167			-0.251373
91.05			-0.251373
91.0833			-0.251372
91.1167			-0.251372
91.15			-0.251371
91.1833			-0.251371
91.2167			-0.25137
91.25			-0.25137
91.2833			-0.251369
91.3167			-0.251369
91.35			-0.251368
91.3833			-0.251368
91.4167			-0.251367
91.45			-0.251367
91.4833			-0.251366
91.5167			-0.251366
91.55			-0.251365
91.5833			-0.251365
91.6167			-0.251364
91.65			-0.251364
91.6833			-0.251363
91.7167			-0.251363
91.75			-0.251362
91.7833			-0.251362
91.8167			-0.251361
91.85			-0.251361
91.8833			-0.25136
91.9167			-0.25136
91.95			-0.251359
91.9833			-0.251359
92.0167			-0.251358
92.05			-0.251358
92.0833			-0.251357
92.1167			-0.251357
92.15			-0.251356
92.1833			-0.251356
92.2167			-0.251355
92.25			-0.251355
92.2833			-0.251355
92.3167			-0.251354
92.35			-0.251354
92.3833			-0.251353
92.4167			-0.251353
92.45			-0.251352
92.4833			-0.251352
92.5167			-0.251351
92.55			-0.251351
92.5833			-0.25135
92.6167			-0.25135
92.65			-0.251349
92.6833			-0.251349
92.7167			-0.251348
92.75			-0.251348
92.7833			-0.251347
92.8167			-0.251347
92.85			-0.251346
92.8833			-0.251346
92.9167			-0.251345
92.95			-0.251345
92.9833			-0.251344
93.0167			-0.251344
93.05			-0.251343
93.0833			-0.251343
93.1167			-0.251342
93.15			-0.251342
93.1833			-0.251341
93.2167			-0.251341
93.25			-0.25134
93.2833			-0.25134
93.3167			-0.25134
93.35			-0.251339
93.3833			-0.251339
93.4167			-0.251338
93.45			-0.251338
93.4833			-0.251337
93.5167			-0.251337
93.55			-0.251336
93.5833			-0.251336
93.6167			-0.251335
93.65			-0.251335
93.6833			-0.251334
93.7167			-0.251334
93.75			-0.251333
93.7833			-0.251333
93.8167			-0.251332
93.85			-0.251332
93.8833			-0.251331
93.9167			-0.251331
93.95			-0.25133
93.9833			-0.25133
94.0167			-0.25133
94.05			-0.251329
94.0833			-0.251329
94.1167			-0.251328
94.15			-0.251328
94.1833			-0.251327
94.2167			-0.251327
94.25			-0.251326
94.2833			-0.251326
94.3167			-0.251325
94.35			-0.251325
94.3833			-0.251324
94.4167			-0.251324
94.45			-0.251323
94.4833			-0.251323
94.5167			-0.251323
94.55			-0.251322
94.5833			-0.251322
94.6167			-0.251321
94.65			-0.251321
94.6833			-0.25132
94.7167			-0.25132
94.75			-0.251319
94.7833			-0.251319
94.8167			-0.251318
94.85			-0.251318
94.8833			-0.251317
94.9167			-0.251317
94.95			-0.251316
94.9833			-0.251316
95.0167			-0.251316
95.05			-0.251315
95.0833			-0.251315
95.1167			-0.251314
95.15			-0.251314
95.1833			-0.251313
95.2167			-0.251313
95.25			-0.251312
95.2833			-0.251312
95.3167			-0.251311
95.35			-0.251311
95.3833			-0.25131
95.4167			-0.25131
95.45			-0.25131
95.4833			-0.251309
95.5167			-0.251309
95.55			-0.251308
95.5833			-0.251308
95.6167			-0.251307
95.65			-0.251307
95.6833			-0.251306
95.7167			-0.251306
95.75			-0.251305
95.7833			-0.251305
95.8167			-0.251305
95.85			-0.251304
95.8833			-0.251304
95.9167			-0.251303
95.95			-0.251303
95.9833			-0.251302
96.0167			-0.251302
96.05			-0.251301
96.0833			-0.251301
96.1167			-0.2513
96.15			-0.2513
96.1833			-0.2513
96.2167			-0.251299
96.25			-0.251299
96.2833			-0.251298
96.3167			-0.251298
96.35			-0.251297
96.3833			-0.251297
96.4167			-0.251296
96.45			-0.251296
96.4833			-0.251296
96.5167			-0.251295
96.55			-0.251295
96.5833			-0.251294
96.6167			-0.251294
96.65			-0.251293
96.6833			-0.251293
96.7167			-0.251292
96.75			-0.251292
96.7833			-0.251292
96.8167			-0.251291
96.85			-0.251291
96.8833			-0.25129
96.9167			-0.25129
96.95			-0.251289
96.9833			-0.251289
97.0167			-0.251288
97.05			-0.251288
97.0833			-0.251288
97.1167			-0.251287
97.15			-0.251287
97.1833			-0.251286
97.2167			-0.251286
97.25			-0.251285
97.2833			-0.251285
97.3167			-0.251284
97.35			-0.251284
97.3833			-0.251284
97.4167			-0.251283
97.45			-0.251283
97.4833			-0.251282
97.5167			-0.251282
97.55			-0.251281
97.5833			-0.251281
97.6167			-0.251281
97.65			-0.25128
97.6833			-0.25128
97.7167			-0.251279
97.75			-0.251279
97.7833			-0.251278
97.8167			-0.251278
97.85			-0.251277
97.8833			-0.251277
97.9167			-0.251277
97.95			-0.251276
97.9833			-0.251276
98.0167			-0.251275
98.05			-0.251275
98.0833			-0.251274
98.1167			-0.251274
98.15			-0.251274
98.1833			-0.251273
98.2167			-0.251273
98.25			-0.251272
98.2833			-0.251272
98.3167			-0.251271
98.35			-0.251271
98.3833			-0.251271
98.4167			-0.25127
98.45			-0.25127
98.4833			-0.251269
98.5167			-0.251269
98.55			-0.251268
98.5833			-0.251268
98.6167			-0.251268
98.65			-0.251267
98.6833			-0.251267
98.7167			-0.251266
98.75			-0.251266
98.7833			-0.251265
98.8167			-0.251265
98.85			-0.251265
98.8833			-0.251264
98.9167			-0.251264
98.95			-0.251263
98.9833			-0.251263
99.0167			-0.251262
99.05			-0.251262
99.0833			-0.251262
99.1167			-0.251261
99.15			-0.251261
99.1833			-0.25126
99.2167			-0.25126
99.25			-0.251259
99.2833			-0.251259
99.3167			-0.251259
99.35			-0.251258
99.3833			-0.251258
99.4167			-0.251257
99.45			-0.251257
99.4833			-0.251256
99.5167			-0.251256
99.55			-0.251256
99.5833			-0.251255
99.6167			-0.251255
99.65			-0.251254
99.6833			-0.251254
99.7167			-0.251254
99.75			-0.251253
99.7833			-0.251253
99.8167			-0.251252
99.85			-0.251252
99.8833			-0.251251
99.9167			-0.251251
99.95			-0.251251
99.9833			-0.25125
