0.05			-0.279508
0.0833333			-0.279415
0.116667			-0.278701
0.15			-0.276715
0.183333			-0.273131
0.216667			-0.267942
0.25			-0.26136
0.283333			-0.253715
0.316667			-0.245356
0.35			-0.236602
0.383333			-0.227713
0.416667			-0.218885
0.45			-0.210257
0.483333			-0.201923
0.516667			-0.193941
0.55			-0.18634
0.583333			-0.179133
0.616667			-0.172318
0.65			-0.165887
0.683333			-0.159825
0.716667			-0.154114
0.75			-0.148733
0.783333			-0.143663
0.816667			-0.138885
0.85			-0.134378
0.883333			-0.130123
0.916667			-0.126105
0.95			-0.122305
0.983333			-0.118709
1.01667			-0.115302
1.05			-0.112072
1.08333			-0.109007
1.11667			-0.106094
1.15			-0.103324
1.18333			-0.100687
1.21667			-0.0981748
1.25			-0.0957789
1.28333			-0.0934918
1.31667			-0.0913068
1.35			-0.0892175
1.38333			-0.087218
1.41667			-0.0853029
1.45			-0.0834672
1.48333			-0.0817062
1.51667			-0.0800157
1.55			-0.0783916
1.58333			-0.0768302
1.61667			-0.0753281
1.65			-0.0738821
1.68333			-0.0724891
1.71667			-0.0711464
1.75			-0.0698514
1.78333			-0.0686016
1.81667			-0.0673948
1.85			-0.0662289
1.88333			-0.0651018
1.91667			-0.0640117
1.95			-0.0629568
1.98333			-0.0619354
2.01667			-0.0609461
2.05			-0.0599874
2.08333			-0.0590579
2.11667			-0.0581563
2.15			-0.0572814
2.18333			-0.0564321
2.21667			-0.0556072
2.25			-0.0548057
2.28333			-0.0540267
2.31667			-0.0532692
2.35			-0.0525325
2.38333			-0.0518155
2.41667			-0.0511177
2.45			-0.0504381
2.48333			-0.0497762
2.51667			-0.0491313
2.55			-0.0485027
2.58333			-0.0478897
2.61667			-0.047292
2.65			-0.0467088
2.68333			-0.0461397
2.71667			-0.0455841
2.75			-0.0450417
2.78333			-0.0445118
2.81667			-0.0439942
2.85			-0.0434884
2.88333			-0.042994
2.91667			-0.0425107
2.95			-0.0420379
2.98333			-0.0415755
3.01667			-0.0411231
3.05			-0.0406803
3.08333			-0.040247
3.11667			-0.0398226
3.15			-0.0394071
3.18333			-0.0390001
3.21667			-0.0386014
3.25			-0.0382106
3.28333			-0.0378277
3.31667			-0.0374523
3.35			-0.0370842
3.38333			-0.0367233
3.41667			-0.0363693
3.45			-0.0360219
3.48333			-0.0356812
3.51667			-0.0353467
3.55			-0.0350185
3.58333			-0.0346963
3.61667			-0.0343799
3.65			-0.0340692
3.68333			-0.033764
3.71667			-0.0334642
3.75			-0.0331697
3.78333			-0.0328803
3.81667			-0.0325958
3.85			-0.0323163
3.88333			-0.0320414
3.91667			-0.0317712
3.95			-0.0315055
3.98333			-0.0312441
4.01667			-0.0309871
4.05			-0.0307342
4.08333			-0.0304854
4.11667			-0.0302405
4.15			-0.0299996
4.18333			-0.0297625
4.21667			-0.029529
4.25			-0.0292992
4.28333			-0.0290729
4.31667			-0.0288501
4.35			-0.0286306
4.38333			-0.0284145
4.41667			-0.0282016
4.45			-0.0279918
4.48333			-0.0277851
4.51667			-0.0275814
4.55			-0.0273807
4.58333			-0.0271829
4.61667			-0.0269879
4.65			-0.0267957
4.68333			-0.0266062
4.71667			-0.0264193
4.75			-0.0262351
4.78333			-0.0260534
4.81667			-0.0258742
4.85			-0.0256974
4.88333			-0.025523
4.91667			-0.0253509
4.95			-0.0251812
4.98333			-0.0250137
5.01667			-0.0248484
5.05			-0.0246853
5.08333			-0.0245243
5.11667			-0.0243654
5.15			-0.0242085
5.18333			-0.0240536
5.21667			-0.0239007
5.25			-0.0237497
5.28333			-0.0236006
5.31667			-0.0234534
5.35			-0.023308
5.38333			-0.0231643
5.41667			-0.0230225
5.45			-0.0228823
5.48333			-0.0227438
5.51667			-0.022607
5.55			-0.0224719
5.58333			-0.0223383
5.61667			-0.0222063
5.65			-0.0220759
5.68333			-0.021947
5.71667			-0.0218195
5.75			-0.0216936
5.78333			-0.0215691
5.81667			-0.021446
5.85			-0.0213243
5.88333			-0.0212039
5.91667			-0.0210849
5.95			-0.0209673
5.98333			-0.0208509
6.01667			-0.0207359
6.05			-0.020622
6.08333			-0.0205095
6.11667			-0.0203981
6.15			-0.020288
6.18333			-0.020179
6.21667			-0.0200712
6.25			-0.0199645
6.28333			-0.019859
6.31667			-0.0197545
6.35			-0.0196512
6.38333			-0.0195489
6.41667			-0.0194477
6.45			-0.0193476
6.48333			-0.0192484
6.51667			-0.0191503
6.55			-0.0190531
6.58333			-0.018957
6.61667			-0.0188618
6.65			-0.0187675
6.68333			-0.0186742
6.71667			-0.0185818
6.75			-0.0184903
6.78333			-0.0183998
6.81667			-0.0183101
6.85			-0.0182212
6.88333			-0.0181332
6.91667			-0.0180461
6.95			-0.0179598
6.98333			-0.0178743
7.01667			-0.0177896
7.05			-0.0177058
7.08333			-0.0176227
7.11667			-0.0175404
7.15			-0.0174588
7.18333			-0.017378
7.21667			-0.017298
7.25			-0.0172186
7.28333			-0.01714
7.31667			-0.0170622
7.35			-0.016985
7.38333			-0.0169085
7.41667			-0.0168327
7.45			-0.0167576
7.48333			-0.0166831
7.51667			-0.0166093
7.55			-0.0165362
7.58333			-0.0164636
7.61667			-0.0163918
7.65			-0.0163205
7.68333			-0.0162499
7.71667			-0.0161798
7.75			-0.0161104
7.78333			-0.0160416
7.81667			-0.0159733
7.85			-0.0159056
7.88333			-0.0158385
7.91667			-0.015772
7.95			-0.015706
7.98333			-0.0156406
8.01667			-0.0155757
8.05			-0.0155113
8.08333			-0.0154475
8.11667			-0.0153842
8.15			-0.0153214
8.18333			-0.0152591
8.21667			-0.0151974
8.25			-0.0151361
8.28333			-0.0150753
8.31667			-0.015015
8.35			-0.0149552
8.38333			-0.0148958
8.41667			-0.0148369
8.45			-0.0147785
8.48333			-0.0147206
8.51667			-0.0146631
8.55			-0.014606
8.58333			-0.0145494
8.61667			-0.0144932
8.65			-0.0144375
8.68333			-0.0143821
8.71667			-0.0143273
8.75			-0.0142728
8.78333			-0.0142187
8.81667			-0.014165
8.85			-0.0141118
8.88333			-0.0140589
8.91667			-0.0140065
8.95			-0.0139544
8.98333			-0.0139027
9.01667			-0.0138514
9.05			-0.0138005
9.08333			-0.0137499
9.11667			-0.0136997
9.15			-0.0136499
9.18333			-0.0136004
9.21667			-0.0135513
9.25			-0.0135026
9.28333			-0.0134542
9.31667			-0.0134061
9.35			-0.0133584
9.38333			-0.013311
9.41667			-0.013264
9.45			-0.0132172
9.48333			-0.0131709
9.51667			-0.0131248
9.55			-0.013079
9.58333			-0.0130336
9.61667			-0.0129885
9.65			-0.0129437
9.68333			-0.0128992
9.71667			-0.012855
9.75			-0.0128112
9.78333			-0.0127676
9.81667			-0.0127243
9.85			-0.0126813
9.88333			-0.0126386
9.91667			-0.0125961
9.95			-0.012554
9.98333			-0.0125122
10.0167			-0.0124706
10.05			-0.0124293
10.0833			-0.0123882
10.1167			-0.0123475
10.15			-0.012307
10.1833			-0.0122667
10.2167			-0.0122268
10.25			-0.0121871
10.2833			-0.0121476
10.3167			-0.0121084
10.35			-0.0120695
10.3833			-0.0120308
10.4167			-0.0119923
10.45			-0.0119541
10.4833			-0.0119162
10.5167			-0.0118784
10.55			-0.011841
10.5833			-0.0118037
10.6167			-0.0117667
10.65			-0.0117299
10.6833			-0.0116934
10.7167			-0.011657
10.75			-0.0116209
10.7833			-0.011585
10.8167			-0.0115494
10.85			-0.0115139
10.8833			-0.0114787
10.9167			-0.0114437
10.95			-0.0114089
10.9833			-0.0113743
11.0167			-0.01134
11.05			-0.0113058
11.0833			-0.0112718
11.1167			-0.0112381
11.15			-0.0112045
11.1833			-0.0111711
11.2167			-0.011138
11.25			-0.011105
11.2833			-0.0110722
11.3167			-0.0110397
11.35			-0.0110073
11.3833			-0.0109751
11.4167			-0.0109431
11.45			-0.0109113
11.4833			-0.0108796
11.5167			-0.0108482
11.55			-0.0108169
11.5833			-0.0107858
11.6167			-0.0107549
11.65			-0.0107241
11.6833			-0.0106936
11.7167			-0.0106632
11.75			-0.010633
11.7833			-0.0106029
11.8167			-0.010573
11.85			-0.0105433
11.8833			-0.0105138
11.9167			-0.0104844
11.95			-0.0104552
11.9833			-0.0104261
12.0167			-0.0103972
12.05			-0.0103685
12.0833			-0.0103399
12.1167			-0.0103115
12.15			-0.0102832
12.1833			-0.0102551
12.2167			-0.0102272
12.25			-0.0101994
12.2833			-0.0101717
12.3167			-0.0101442
12.35			-0.0101169
12.3833			-0.0100896
12.4167			-0.0100626
12.45			-0.0100357
12.4833			-0.0100089
12.5167			-0.00998226
12.55			-0.00995577
12.5833			-0.00992942
12.6167			-0.00990321
12.65			-0.00987714
12.6833			-0.0098512
12.7167			-0.0098254
12.75			-0.00979974
12.7833			-0.0097742
12.8167			-0.0097488
12.85			-0.00972354
12.8833			-0.0096984
12.9167			-0.00967339
12.95			-0.00964851
12.9833			-0.00962376
13.0167			-0.00959914
13.05			-0.00957464
13.0833			-0.00955027
13.1167			-0.00952602
13.15			-0.00950189
13.1833			-0.00947788
13.2167			-0.009454
13.25			-0.00943023
13.2833			-0.00940659
13.3167			-0.00938306
13.35			-0.00935965
13.3833			-0.00933636
13.4167			-0.00931318
13.45			-0.00929011
13.4833			-0.00926716
13.5167			-0.00924433
13.55			-0.0092216
13.5833			-0.00919899
13.6167			-0.00917649
13.65			-0.0091541
13.6833			-0.00913181
13.7167			-0.00910964
13.75			-0.00908757
13.7833			-0.00906561
13.8167			-0.00904375
13.85			-0.009022
13.8833			-0.00900036
13.9167			-0.00897882
13.95			-0.00895738
13.9833			-0.00893604
14.0167			-0.0089148
14.05			-0.00889367
14.0833			-0.00887263
14.1167			-0.0088517
14.15			-0.00883086
14.1833			-0.00881012
14.2167			-0.00878948
14.25			-0.00876893
14.2833			-0.00874848
14.3167			-0.00872813
14.35			-0.00870786
14.3833			-0.0086877
14.4167			-0.00866762
14.45			-0.00864764
14.4833			-0.00862775
14.5167			-0.00860796
14.55			-0.00858825
14.5833			-0.00856863
14.6167			-0.0085491
14.65			-0.00852966
14.6833			-0.00851031
14.7167			-0.00849105
14.75			-0.00847187
14.7833			-0.00845278
14.8167			-0.00843378
14.85			-0.00841486
14.8833			-0.00839602
14.9167			-0.00837727
14.95			-0.00835861
14.9833			-0.00834002
15.0167			-0.00832152
15.05			-0.0083031
15.0833			-0.00828476
15.1167			-0.00826651
15.15			-0.00824833
15.1833			-0.00823023
15.2167			-0.00821221
15.25			-0.00819427
15.2833			-0.00817641
15.3167			-0.00815863
15.35			-0.00814092
15.3833			-0.00812329
15.4167			-0.00810574
15.45			-0.00808826
15.4833			-0.00807086
15.5167			-0.00805353
15.55			-0.00803628
15.5833			-0.0080191
15.6167			-0.00800199
15.65			-0.00798496
15.6833			-0.00796799
15.7167			-0.00795111
15.75			-0.00793429
15.7833			-0.00791754
15.8167			-0.00790086
15.85			-0.00788426
15.8833			-0.00786772
15.9167			-0.00785125
15.95			-0.00783485
15.9833			-0.00781852
16.0167			-0.00780226
16.05			-0.00778606
16.0833			-0.00776993
16.1167			-0.00775387
16.15			-0.00773788
16.1833			-0.00772195
16.2167			-0.00770608
16.25			-0.00769029
16.2833			-0.00767455
16.3167			-0.00765888
16.35			-0.00764327
16.3833			-0.00762773
16.4167			-0.00761225
16.45			-0.00759683
16.4833			-0.00758148
16.5167			-0.00756619
16.55			-0.00755096
16.5833			-0.00753579
16.6167			-0.00752068
16.65			-0.00750563
16.6833			-0.00749064
16.7167			-0.00747571
16.75			-0.00746084
16.7833			-0.00744603
16.8167			-0.00743128
16.85			-0.00741658
16.8833			-0.00740195
16.9167			-0.00738737
16.95			-0.00737285
16.9833			-0.00735839
17.0167			-0.00734398
17.05			-0.00732963
17.0833			-0.00731533
17.1167			-0.00730109
17.15			-0.00728691
17.1833			-0.00727278
17.2167			-0.00725871
17.25			-0.00724469
17.2833			-0.00723072
17.3167			-0.00721681
17.35			-0.00720295
17.3833			-0.00718914
17.4167			-0.00717539
17.45			-0.00716169
17.4833			-0.00714804
17.5167			-0.00713445
17.55			-0.0071209
17.5833			-0.00710741
17.6167			-0.00709397
17.65			-0.00708057
17.6833			-0.00706723
17.7167			-0.00705394
17.75			-0.0070407
17.7833			-0.00702751
17.8167			-0.00701437
17.85			-0.00700128
17.8833			-0.00698823
17.9167			-0.00697524
17.95			-0.00696229
17.9833			-0.00694939
18.0167			-0.00693654
18.05			-0.00692373
18.0833			-0.00691097
18.1167			-0.00689826
18.15			-0.0068856
18.1833			-0.00687298
18.2167			-0.00686041
18.25			-0.00684789
18.2833			-0.00683541
18.3167			-0.00682297
18.35			-0.00681058
18.3833			-0.00679824
18.4167			-0.00678594
18.45			-0.00677369
18.4833			-0.00676148
18.5167			-0.00674931
18.55			-0.00673718
18.5833			-0.00672511
18.6167			-0.00671307
18.65			-0.00670108
18.6833			-0.00668912
18.7167			-0.00667722
18.75			-0.00666535
18.7833			-0.00665353
18.8167			-0.00664174
18.85			-0.00663
18.8833			-0.00661831
18.9167			-0.00660665
18.95			-0.00659503
18.9833			-0.00658345
19.0167			-0.00657192
19.05			-0.00656042
19.0833			-0.00654897
19.1167			-0.00653755
19.15			-0.00652618
19.1833			-0.00651484
19.2167			-0.00650355
19.25			-0.00649229
19.2833			-0.00648107
19.3167			-0.00646989
19.35			-0.00645875
19.3833			-0.00644765
19.4167			-0.00643658
19.45			-0.00642556
19.4833			-0.00641457
19.5167			-0.00640361
19.55			-0.0063927
19.5833			-0.00638182
19.6167			-0.00637098
19.65			-0.00636018
19.6833			-0.00634941
19.7167			-0.00633868
19.75			-0.00632799
19.7833			-0.00631733
19.8167			-0.00630671
19.85			-0.00629612
19.8833			-0.00628557
19.9167			-0.00627505
19.95			-0.00626457
19.9833			-0.00625413
20.0167			-0.00624371
20.05			-0.00623334
20.0833			-0.00622299
20.1167			-0.00621269
20.15			-0.00620241
20.1833			-0.00619217
20.2167			-0.00618197
20.25			-0.00617179
20.2833			-0.00616166
20.3167			-0.00615155
20.35			-0.00614148
20.3833			-0.00613144
20.4167			-0.00612143
20.45			-0.00611145
20.4833			-0.00610151
20.5167			-0.0060916
20.55			-0.00608172
20.5833			-0.00607188
20.6167			-0.00606207
20.65			-0.00605228
20.6833			-0.00604253
20.7167			-0.00603281
20.75			-0.00602312
20.7833			-0.00601347
20.8167			-0.00600384
20.85			-0.00599425
20.8833			-0.00598468
20.9167			-0.00597515
20.95			-0.00596564
20.9833			-0.00595617
21.0167			-0.00594673
21.05			-0.00593731
21.0833			-0.00592793
21.1167			-0.00591857
21.15			-0.00590925
21.1833			-0.00589995
21.2167			-0.00589069
21.25			-0.00588145
21.2833			-0.00587224
21.3167			-0.00586306
21.35			-0.00585391
21.3833			-0.00584479
21.4167			-0.00583569
21.45			-0.00582663
21.4833			-0.00581759
21.5167			-0.00580858
21.55			-0.0057996
21.5833			-0.00579064
21.6167			-0.00578172
21.65			-0.00577282
21.6833			-0.00576394
21.7167			-0.0057551
21.75			-0.00574628
21.7833			-0.00573749
21.8167			-0.00572873
21.85			-0.00571999
21.8833			-0.00571128
21.9167			-0.0057026
21.95			-0.00569394
21.9833			-0.00568531
22.0167			-0.0056767
22.05			-0.00566812
22.0833			-0.00565957
22.1167			-0.00565104
22.15			-0.00564254
22.1833			-0.00563407
22.2167			-0.00562562
22.25			-0.00561719
22.2833			-0.00560879
22.3167			-0.00560041
22.35			-0.00559206
22.3833			-0.00558374
22.4167			-0.00557544
22.45			-0.00556716
22.4833			-0.00555891
22.5167			-0.00555068
22.55			-0.00554248
22.5833			-0.0055343
22.6167			-0.00552615
22.65			-0.00551802
22.6833			-0.00550991
22.7167			-0.00550183
22.75			-0.00549377
22.7833			-0.00548573
22.8167			-0.00547772
22.85			-0.00546973
22.8833			-0.00546177
22.9167			-0.00545382
22.95			-0.00544591
22.9833			-0.00543801
23.0167			-0.00543014
23.05			-0.00542228
23.0833			-0.00541446
23.1167			-0.00540665
23.15			-0.00539887
23.1833			-0.00539111
23.2167			-0.00538337
23.25			-0.00537565
23.2833			-0.00536796
23.3167			-0.00536029
23.35			-0.00535264
23.3833			-0.00534501
23.4167			-0.0053374
23.45			-0.00532982
23.4833			-0.00532225
23.5167			-0.00531471
23.55			-0.00530719
23.5833			-0.00529969
23.6167			-0.00529221
23.65			-0.00528476
23.6833			-0.00527732
23.7167			-0.0052699
23.75			-0.00526251
23.7833			-0.00525514
23.8167			-0.00524778
23.85			-0.00524045
23.8833			-0.00523314
23.9167			-0.00522585
23.95			-0.00521857
23.9833			-0.00521132
24.0167			-0.00520409
24.05			-0.00519688
24.0833			-0.00518969
24.1167			-0.00518252
24.15			-0.00517537
24.1833			-0.00516824
24.2167			-0.00516112
24.25			-0.00515403
24.2833			-0.00514696
24.3167			-0.0051399
24.35			-0.00513287
24.3833			-0.00512585
24.4167			-0.00511886
24.45			-0.00511188
24.4833			-0.00510492
24.5167			-0.00509798
24.55			-0.00509106
24.5833			-0.00508416
24.6167			-0.00507728
24.65			-0.00507041
24.6833			-0.00506357
24.7167			-0.00505674
24.75			-0.00504993
24.7833			-0.00504314
24.8167			-0.00503637
24.85			-0.00502962
24.8833			-0.00502288
24.9167			-0.00501616
24.95			-0.00500946
24.9833			-0.00500278
25.0167			-0.00499611
25.05			-0.00498947
25.0833			-0.00498284
25.1167			-0.00497623
25.15			-0.00496963
25.1833			-0.00496306
25.2167			-0.0049565
25.25			-0.00494996
25.2833			-0.00494343
25.3167			-0.00493692
25.35			-0.00493043
25.3833			-0.00492396
25.4167			-0.0049175
25.45			-0.00491106
25.4833			-0.00490464
25.5167			-0.00489824
25.55			-0.00489185
25.5833			-0.00488548
25.6167			-0.00487912
25.65			-0.00487278
25.6833			-0.00486646
25.7167			-0.00486015
25.75			-0.00485386
25.7833			-0.00484759
25.8167			-0.00484133
25.85			-0.00483509
25.8833			-0.00482886
25.9167			-0.00482265
25.95			-0.00481646
25.9833			-0.00481028
26.0167			-0.00480412
26.05			-0.00479797
26.0833			-0.00479184
26.1167			-0.00478573
26.15			-0.00477963
26.1833			-0.00477355
26.2167			-0.00476748
26.25			-0.00476142
26.2833			-0.00475539
26.3167			-0.00474937
26.35			-0.00474336
26.3833			-0.00473737
26.4167			-0.00473139
26.45			-0.00472543
26.4833			-0.00471948
26.5167			-0.00471355
26.55			-0.00470763
26.5833			-0.00470173
26.6167			-0.00469585
26.65			-0.00468997
26.6833			-0.00468412
26.7167			-0.00467827
26.75			-0.00467244
26.7833			-0.00466663
26.8167			-0.00466083
26.85			-0.00465505
26.8833			-0.00464927
26.9167			-0.00464352
26.95			-0.00463778
26.9833			-0.00463205
27.0167			-0.00462633
27.05			-0.00462063
27.0833			-0.00461495
27.1167			-0.00460928
27.15			-0.00460362
27.1833			-0.00459797
27.2167			-0.00459234
27.25			-0.00458673
27.2833			-0.00458112
27.3167			-0.00457554
27.35			-0.00456996
27.3833			-0.0045644
27.4167			-0.00455885
27.45			-0.00455331
27.4833			-0.00454779
27.5167			-0.00454228
27.55			-0.00453679
27.5833			-0.00453131
27.6167			-0.00452584
27.65			-0.00452039
27.6833			-0.00451494
27.7167			-0.00450951
27.75			-0.0045041
27.7833			-0.0044987
27.8167			-0.00449331
27.85			-0.00448793
27.8833			-0.00448256
27.9167			-0.00447721
27.95			-0.00447187
27.9833			-0.00446655
28.0167			-0.00446124
28.05			-0.00445593
28.0833			-0.00445065
28.1167			-0.00444537
28.15			-0.00444011
28.1833			-0.00443486
28.2167			-0.00442962
28.25			-0.00442439
28.2833			-0.00441918
28.3167			-0.00441398
28.35			-0.00440879
28.3833			-0.00440361
28.4167			-0.00439845
28.45			-0.0043933
28.4833			-0.00438816
28.5167			-0.00438303
28.55			-0.00437791
28.5833			-0.00437281
28.6167			-0.00436771
28.65			-0.00436263
28.6833			-0.00435756
28.7167			-0.00435251
28.75			-0.00434746
28.7833			-0.00434243
28.8167			-0.0043374
28.85			-0.00433239
28.8833			-0.0043274
28.9167			-0.00432241
28.95			-0.00431743
28.9833			-0.00431247
29.0167			-0.00430751
29.05			-0.00430257
29.0833			-0.00429764
29.1167			-0.00429272
29.15			-0.00428781
29.1833			-0.00428292
29.2167			-0.00427803
29.25			-0.00427316
29.2833			-0.00426829
29.3167			-0.00426344
29.35			-0.0042586
29.3833			-0.00425377
29.4167			-0.00424895
29.45			-0.00424414
29.4833			-0.00423934
29.5167			-0.00423456
29.55			-0.00422978
29.5833			-0.00422502
29.6167			-0.00422026
29.65			-0.00421552
29.6833			-0.00421079
29.7167			-0.00420606
29.75			-0.00420135
29.7833			-0.00419665
29.8167			-0.00419196
29.85			-0.00418728
29.8833			-0.00418261
29.9167			-0.00417795
29.95			-0.0041733
29.9833			-0.00416866
30.0167			-0.00416403
30.05			-0.00415941
30.0833			-0.00415481
30.1167			-0.00415021
30.15			-0.00414562
30.1833			-0.00414104
30.2167			-0.00413648
30.25			-0.00413192
30.2833			-0.00412737
30.3167			-0.00412283
30.35			-0.00411831
30.3833			-0.00411379
30.4167			-0.00410928
30.45			-0.00410478
30.4833			-0.00410029
30.5167			-0.00409582
30.55			-0.00409135
30.5833			-0.00408689
30.6167			-0.00408244
30.65			-0.004078
30.6833			-0.00407357
30.7167			-0.00406915
30.75			-0.00406474
30.7833			-0.00406034
30.8167			-0.00405595
30.85			-0.00405157
30.8833			-0.0040472
30.9167			-0.00404283
30.95			-0.00403848
30.9833			-0.00403414
31.0167			-0.0040298
31.05			-0.00402547
31.0833			-0.00402116
31.1167			-0.00401685
31.15			-0.00401255
31.1833			-0.00400827
31.2167			-0.00400399
31.25			-0.00399972
31.2833			-0.00399545
31.3167			-0.0039912
31.35			-0.00398696
31.3833			-0.00398273
31.4167			-0.0039785
31.45			-0.00397428
31.4833			-0.00397008
31.5167			-0.00396588
31.55			-0.00396169
31.5833			-0.00395751
31.6167			-0.00395334
31.65			-0.00394917
31.6833			-0.00394502
31.7167			-0.00394087
31.75			-0.00393674
31.7833			-0.00393261
31.8167			-0.00392849
31.85			-0.00392438
31.8833			-0.00392028
31.9167			-0.00391618
31.95			-0.0039121
31.9833			-0.00390802
32.0167			-0.00390395
32.05			-0.00389989
32.0833			-0.00389584
32.1167			-0.0038918
32.15			-0.00388776
32.1833			-0.00388374
32.2167			-0.00387972
32.25			-0.00387571
32.2833			-0.00387171
32.3167			-0.00386772
32.35			-0.00386373
32.3833			-0.00385975
32.4167			-0.00385579
32.45			-0.00385183
32.4833			-0.00384787
32.5167			-0.00384393
32.55			-0.00383999
32.5833			-0.00383607
32.6167			-0.00383215
32.65			-0.00382823
32.6833			-0.00382433
32.7167			-0.00382043
32.75			-0.00381655
32.7833			-0.00381267
32.8167			-0.00380879
32.85			-0.00380493
32.8833			-0.00380107
32.9167			-0.00379722
32.95			-0.00379338
32.9833			-0.00378955
33.0167			-0.00378573
33.05			-0.00378191
33.0833			-0.0037781
33.1167			-0.0037743
33.15			-0.0037705
33.1833			-0.00376671
33.2167			-0.00376293
33.25			-0.00375916
33.2833			-0.0037554
33.3167			-0.00375164
33.35			-0.00374789
33.3833			-0.00374415
33.4167			-0.00374042
33.45			-0.00373669
33.4833			-0.00373297
33.5167			-0.00372926
33.55			-0.00372555
33.5833			-0.00372186
33.6167			-0.00371817
33.65			-0.00371448
33.6833			-0.00371081
33.7167			-0.00370714
33.75			-0.00370348
33.7833			-0.00369982
33.8167			-0.00369618
33.85			-0.00369254
33.8833			-0.00368891
33.9167			-0.00368528
33.95			-0.00368166
33.9833			-0.00367805
34.0167			-0.00367445
34.05			-0.00367085
34.0833			-0.00366726
34.1167			-0.00366368
34.15			-0.0036601
34.1833			-0.00365654
34.2167			-0.00365297
34.25			-0.00364942
34.2833			-0.00364587
34.3167			-0.00364233
34.35			-0.0036388
34.3833			-0.00363527
34.4167			-0.00363175
34.45			-0.00362823
34.4833			-0.00362473
34.5167			-0.00362123
34.55			-0.00361773
34.5833			-0.00361425
34.6167			-0.00361077
34.65			-0.00360729
34.6833			-0.00360383
34.7167			-0.00360037
34.75			-0.00359692
34.7833			-0.00359347
34.8167			-0.00359003
34.85			-0.0035866
34.8833			-0.00358317
34.9167			-0.00357975
34.95			-0.00357633
34.9833			-0.00357293
35.0167			-0.00356953
35.05			-0.00356613
35.0833			-0.00356274
35.1167			-0.00355936
35.15			-0.00355599
35.1833			-0.00355262
35.2167			-0.00354926
35.25			-0.0035459
35.2833			-0.00354255
35.3167			-0.00353921
35.35			-0.00353587
35.3833			-0.00353254
35.4167			-0.00352922
35.45			-0.0035259
35.4833			-0.00352259
35.5167			-0.00351928
35.55			-0.00351598
35.5833			-0.00351269
35.6167			-0.0035094
35.65			-0.00350612
35.6833			-0.00350284
35.7167			-0.00349958
35.75			-0.00349631
35.7833			-0.00349306
35.8167			-0.00348981
35.85			-0.00348656
35.8833			-0.00348332
35.9167			-0.00348009
35.95			-0.00347686
35.9833			-0.00347364
36.0167			-0.00347043
36.05			-0.00346722
36.0833			-0.00346402
36.1167			-0.00346082
36.15			-0.00345763
36.1833			-0.00345445
36.2167			-0.00345127
36.25			-0.00344809
36.2833			-0.00344493
36.3167			-0.00344176
36.35			-0.00343861
36.3833			-0.00343546
36.4167			-0.00343231
36.45			-0.00342918
36.4833			-0.00342604
36.5167			-0.00342292
36.55			-0.00341979
36.5833			-0.00341668
36.6167			-0.00341357
36.65			-0.00341046
36.6833			-0.00340737
36.7167			-0.00340427
36.75			-0.00340119
36.7833			-0.0033981
36.8167			-0.00339503
36.85			-0.00339196
36.8833			-0.00338889
36.9167			-0.00338583
36.95			-0.00338278
36.9833			-0.00337973
37.0167			-0.00337669
37.05			-0.00337365
37.0833			-0.00337062
37.1167			-0.00336759
37.15			-0.00336457
37.1833			-0.00336155
37.2167			-0.00335854
37.25			-0.00335554
37.2833			-0.00335254
37.3167			-0.00334954
37.35			-0.00334655
37.3833			-0.00334357
37.4167			-0.00334059
37.45			-0.00333762
37.4833			-0.00333465
37.5167			-0.00333169
37.55			-0.00332873
37.5833			-0.00332578
37.6167			-0.00332283
37.65			-0.00331989
37.6833			-0.00331695
37.7167			-0.00331402
37.75			-0.0033111
37.7833			-0.00330818
37.8167			-0.00330526
37.85			-0.00330235
37.8833			-0.00329944
37.9167			-0.00329654
37.95			-0.00329365
37.9833			-0.00329076
38.0167			-0.00328787
38.05			-0.00328499
38.0833			-0.00328212
38.1167			-0.00327925
38.15			-0.00327638
38.1833			-0.00327352
38.2167			-0.00327067
38.25			-0.00326782
38.2833			-0.00326497
38.3167			-0.00326213
38.35			-0.0032593
38.3833			-0.00325647
38.4167			-0.00325364
38.45			-0.00325082
38.4833			-0.00324801
38.5167			-0.0032452
38.55			-0.00324239
38.5833			-0.00323959
38.6167			-0.00323679
38.65			-0.003234
38.6833			-0.00323122
38.7167			-0.00322843
38.75			-0.00322566
38.7833			-0.00322289
38.8167			-0.00322012
38.85			-0.00321736
38.8833			-0.0032146
38.9167			-0.00321184
38.95			-0.0032091
38.9833			-0.00320635
39.0167			-0.00320361
39.05			-0.00320088
39.0833			-0.00319815
39.1167			-0.00319542
39.15			-0.0031927
39.1833			-0.00318999
39.2167			-0.00318728
39.25			-0.00318457
39.2833			-0.00318187
39.3167			-0.00317917
39.35			-0.00317648
39.3833			-0.00317379
39.4167			-0.00317111
39.45			-0.00316843
39.4833			-0.00316575
39.5167			-0.00316308
39.55			-0.00316042
39.5833			-0.00315775
39.6167			-0.0031551
39.65			-0.00315245
39.6833			-0.0031498
39.7167			-0.00314715
39.75			-0.00314452
39.7833			-0.00314188
39.8167			-0.00313925
39.85			-0.00313663
39.8833			-0.003134
39.9167			-0.00313139
39.95			-0.00312878
39.9833			-0.00312617
40.0167			-0.00312356
40.05			-0.00312096
40.0833			-0.00311837
40.1167			-0.00311578
40.15			-0.00311319
40.1833			-0.00311061
40.2167			-0.00310803
40.25			-0.00310546
40.2833			-0.00310289
40.3167			-0.00310032
40.35			-0.00309776
40.3833			-0.0030952
40.4167			-0.00309265
40.45			-0.0030901
40.4833			-0.00308756
40.5167			-0.00308502
40.55			-0.00308248
40.5833			-0.00307995
40.6167			-0.00307742
40.65			-0.0030749
40.6833			-0.00307238
40.7167			-0.00306987
40.75			-0.00306736
40.7833			-0.00306485
40.8167			-0.00306235
40.85			-0.00305985
40.8833			-0.00305735
40.9167			-0.00305486
40.95			-0.00305238
40.9833			-0.00304989
41.0167			-0.00304742
41.05			-0.00304494
41.0833			-0.00304247
41.1167			-0.00304
41.15			-0.00303754
41.1833			-0.00303508
41.2167			-0.00303263
41.25			-0.00303018
41.2833			-0.00302773
41.3167			-0.00302529
41.35			-0.00302285
41.3833			-0.00302042
41.4167			-0.00301799
41.45			-0.00301556
41.4833			-0.00301314
41.5167			-0.00301072
41.55			-0.0030083
41.5833			-0.00300589
41.6167			-0.00300348
41.65			-0.00300108
41.6833			-0.00299868
41.7167			-0.00299628
41.75			-0.00299389
41.7833			-0.0029915
41.8167			-0.00298912
41.85			-0.00298674
41.8833			-0.00298436
41.9167			-0.00298199
41.95			-0.00297962
41.9833			-0.00297725
42.0167			-0.00297489
42.05			-0.00297253
42.0833			-0.00297018
42.1167			-0.00296783
42.15			-0.00296548
42.1833			-0.00296314
42.2167			-0.0029608
42.25			-0.00295846
42.2833			-0.00295613
42.3167			-0.0029538
42.35			-0.00295148
42.3833			-0.00294916
42.4167			-0.00294684
42.45			-0.00294453
42.4833			-0.00294222
42.5167			-0.00293991
42.55			-0.00293761
42.5833			-0.00293531
42.6167			-0.00293301
42.65			-0.00293072
42.6833			-0.00292843
42.7167			-0.00292615
42.75			-0.00292387
42.7833			-0.00292159
42.8167			-0.00291931
42.85			-0.00291704
42.8833			-0.00291478
42.9167			-0.00291251
42.95			-0.00291025
42.9833			-0.00290799
43.0167			-0.00290574
43.05			-0.00290349
43.0833			-0.00290125
43.1167			-0.002899
43.15			-0.00289676
43.1833			-0.00289453
43.2167			-0.0028923
43.25			-0.00289007
43.2833			-0.00288784
43.3167			-0.00288562
43.35			-0.0028834
43.3833			-0.00288118
43.4167			-0.00287897
43.45			-0.00287676
43.4833			-0.00287456
43.5167			-0.00287236
43.55			-0.00287016
43.5833			-0.00286796
43.6167			-0.00286577
43.65			-0.00286358
43.6833			-0.0028614
43.7167			-0.00285922
43.75			-0.00285704
43.7833			-0.00285486
43.8167			-0.00285269
43.85			-0.00285052
43.8833			-0.00284836
43.9167			-0.0028462
43.95			-0.00284404
43.9833			-0.00284188
44.0167			-0.00283973
44.05			-0.00283758
44.0833			-0.00283544
44.1167			-0.0028333
44.15			-0.00283116
44.1833			-0.00282902
44.2167			-0.00282689
44.25			-0.00282476
44.2833			-0.00282263
44.3167			-0.00282051
44.35			-0.00281839
44.3833			-0.00281627
44.4167			-0.00281416
44.45			-0.00281205
44.4833			-0.00280994
44.5167			-0.00280784
44.55			-0.00280574
44.5833			-0.00280364
44.6167			-0.00280155
44.65			-0.00279945
44.6833			-0.00279737
44.7167			-0.00279528
44.75			-0.0027932
44.7833			-0.00279112
44.8167			-0.00278904
44.85			-0.00278697
44.8833			-0.0027849
44.9167			-0.00278284
44.95			-0.00278077
44.9833			-0.00277871
45.0167			-0.00277665
45.05			-0.0027746
45.0833			-0.00277255
45.1167			-0.0027705
45.15			-0.00276845
45.1833			-0.00276641
45.2167			-0.00276437
45.25			-0.00276234
45.2833			-0.0027603
45.3167			-0.00275827
45.35			-0.00275625
45.3833			-0.00275422
45.4167			-0.0027522
45.45			-0.00275018
45.4833			-0.00274817
45.5167			-0.00274615
45.55			-0.00274415
45.5833			-0.00274214
45.6167			-0.00274014
45.65			-0.00273813
45.6833			-0.00273614
45.7167			-0.00273414
45.75			-0.00273215
45.7833			-0.00273016
45.8167			-0.00272817
45.85			-0.00272619
45.8833			-0.00272421
45.9167			-0.00272223
45.95			-0.00272026
45.9833			-0.00271829
46.0167			-0.00271632
46.05			-0.00271435
46.0833			-0.00271239
46.1167			-0.00271043
46.15			-0.00270847
46.1833			-0.00270652
46.2167			-0.00270456
46.25			-0.00270261
46.2833			-0.00270067
46.3167			-0.00269873
46.35			-0.00269678
46.3833			-0.00269485
46.4167			-0.00269291
46.45			-0.00269098
46.4833			-0.00268905
46.5167			-0.00268712
46.55			-0.0026852
46.5833			-0.00268328
46.6167			-0.00268136
46.65			-0.00267944
46.6833			-0.00267753
46.7167			-0.00267562
46.75			-0.00267371
46.7833			-0.00267181
46.8167			-0.0026699
46.85			-0.00266801
46.8833			-0.00266611
46.9167			-0.00266421
46.95			-0.00266232
46.9833			-0.00266043
47.0167			-0.00265855
47.05			-0.00265666
47.0833			-0.00265478
47.1167			-0.00265291
47.15			-0.00265103
47.1833			-0.00264916
47.2167			-0.00264729
47.25			-0.00264542
47.2833			-0.00264356
47.3167			-0.00264169
47.35			-0.00263983
47.3833			-0.00263798
47.4167			-0.00263612
47.45			-0.00263427
47.4833			-0.00263242
47.5167			-0.00263058
47.55			-0.00262873
47.5833			-0.00262689
47.6167			-0.00262505
47.65			-0.00262321
47.6833			-0.00262138
47.7167			-0.00261955
47.75			-0.00261772
47.7833			-0.0026159
47.8167			-0.00261407
47.85			-0.00261225
47.8833			-0.00261043
47.9167			-0.00260862
47.95			-0.0026068
47.9833			-0.00260499
48.0167			-0.00260318
48.05			-0.00260138
48.0833			-0.00259958
48.1167			-0.00259777
48.15			-0.00259598
48.1833			-0.00259418
48.2167			-0.00259239
48.25			-0.0025906
48.2833			-0.00258881
48.3167			-0.00258702
48.35			-0.00258524
48.3833			-0.00258346
48.4167			-0.00258168
48.45			-0.0025799
48.4833			-0.00257813
48.5167			-0.00257636
48.55			-0.00257459
48.5833			-0.00257282
48.6167			-0.00257106
48.65			-0.0025693
48.6833			-0.00256754
48.7167			-0.00256578
48.75			-0.00256403
48.7833			-0.00256228
48.8167			-0.00256053
48.85			-0.00255878
48.8833			-0.00255703
48.9167			-0.00255529
48.95			-0.00255355
48.9833			-0.00255181
49.0167			-0.00255008
49.05			-0.00254835
49.0833			-0.00254662
49.1167			-0.00254489
49.15			-0.00254316
49.1833			-0.00254144
49.2167			-0.00253972
49.25			-0.002538
49.2833			-0.00253628
49.3167			-0.00253457
49.35			-0.00253286
49.3833			-0.00253115
49.4167			-0.00252944
49.45			-0.00252773
49.4833			-0.00252603
49.5167			-0.00252433
49.55			-0.00252263
49.5833			-0.00252094
49.6167			-0.00251924
49.65			-0.00251755
49.6833			-0.00251586
49.7167			-0.00251418
49.75			-0.00251249
49.7833			-0.00251081
49.8167			-0.00250913
49.85			-0.00250745
49.8833			-0.00250578
49.9167			-0.0025041
49.95			-0.00250243
49.9833			-0.00250076
50.0167			-0.0024991
50.05			-0.00249743
50.0833			-0.00249577
50.1167			-0.00249411
50.15			-0.00249245
50.1833			-0.0024908
50.2167			-0.00248914
50.25			-0.00248749
50.2833			-0.00248584
50.3167			-0.0024842
50.35			-0.00248255
50.3833			-0.00248091
50.4167			-0.00247927
50.45			-0.00247763
50.4833			-0.002476
50.5167			-0.00247436
50.55			-0.00247273
50.5833			-0.0024711
50.6167			-0.00246948
50.65			-0.00246785
50.6833			-0.00246623
50.7167			-0.00246461
50.75			-0.00246299
50.7833			-0.00246137
50.8167			-0.00245976
50.85			-0.00245814
50.8833			-0.00245653
50.9167			-0.00245493
50.95			-0.00245332
50.9833			-0.00245172
51.0167			-0.00245011
51.05			-0.00244851
51.0833			-0.00244692
51.1167			-0.00244532
51.15			-0.00244373
51.1833			-0.00244214
51.2167			-0.00244055
51.25			-0.00243896
51.2833			-0.00243737
51.3167			-0.00243579
51.35			-0.00243421
51.3833			-0.00243263
51.4167			-0.00243105
51.45			-0.00242948
51.4833			-0.00242791
51.5167			-0.00242634
51.55			-0.00242477
51.5833			-0.0024232
51.6167			-0.00242164
51.65			-0.00242007
51.6833			-0.00241851
51.7167			-0.00241695
51.75			-0.0024154
51.7833			-0.00241384
51.8167			-0.00241229
51.85			-0.00241074
51.8833			-0.00240919
51.9167			-0.00240764
51.95			-0.0024061
51.9833			-0.00240456
52.0167			-0.00240301
52.05			-0.00240148
52.0833			-0.00239994
52.1167			-0.0023984
52.15			-0.00239687
52.1833			-0.00239534
52.2167			-0.00239381
52.25			-0.00239228
52.2833			-0.00239076
52.3167			-0.00238924
52.35			-0.00238771
52.3833			-0.00238619
52.4167			-0.00238468
52.45			-0.00238316
52.4833			-0.00238165
52.5167			-0.00238014
52.55			-0.00237863
52.5833			-0.00237712
52.6167			-0.00237561
52.65			-0.00237411
52.6833			-0.00237261
52.7167			-0.00237111
52.75			-0.00236961
52.7833			-0.00236811
52.8167			-0.00236662
52.85			-0.00236513
52.8833			-0.00236363
52.9167			-0.00236215
52.95			-0.00236066
52.9833			-0.00235917
53.0167			-0.00235769
53.05			-0.00235621
53.0833			-0.00235473
53.1167			-0.00235325
53.15			-0.00235178
53.1833			-0.0023503
53.2167			-0.00234883
53.25			-0.00234736
53.2833			-0.00234589
53.3167			-0.00234443
53.35			-0.00234296
53.3833			-0.0023415
53.4167			-0.00234004
53.45			-0.00233858
53.4833			-0.00233712
53.5167			-0.00233566
53.55			-0.00233421
53.5833			-0.00233276
53.6167			-0.00233131
53.65			-0.00232986
53.6833			-0.00232841
53.7167			-0.00232697
53.75			-0.00232553
53.7833			-0.00232408
53.8167			-0.00232264
53.85			-0.00232121
53.8833			-0.00231977
53.9167			-0.00231834
53.95			-0.0023169
53.9833			-0.00231547
54.0167			-0.00231405
54.05			-0.00231262
54.0833			-0.00231119
54.1167			-0.00230977
54.15			-0.00230835
54.1833			-0.00230693
54.2167			-0.00230551
54.25			-0.00230409
54.2833			-0.00230268
54.3167			-0.00230127
54.35			-0.00229985
54.3833			-0.00229844
54.4167			-0.00229704
54.45			-0.00229563
54.4833			-0.00229423
54.5167			-0.00229282
54.55			-0.00229142
54.5833			-0.00229002
54.6167			-0.00228863
54.65			-0.00228723
54.6833			-0.00228584
54.7167			-0.00228444
54.75			-0.00228305
54.7833			-0.00228166
54.8167			-0.00228028
54.85			-0.00227889
54.8833			-0.00227751
54.9167			-0.00227612
54.95			-0.00227474
54.9833			-0.00227336
55.0167			-0.00227199
55.05			-0.00227061
55.0833			-0.00226924
55.1167			-0.00226786
55.15			-0.00226649
55.1833			-0.00226513
55.2167			-0.00226376
55.25			-0.00226239
55.2833			-0.00226103
55.3167			-0.00225967
55.35			-0.0022583
55.3833			-0.00225695
55.4167			-0.00225559
55.45			-0.00225423
55.4833			-0.00225288
55.5167			-0.00225153
55.55			-0.00225017
55.5833			-0.00224883
55.6167			-0.00224748
55.65			-0.00224613
55.6833			-0.00224479
55.7167			-0.00224344
55.75			-0.0022421
55.7833			-0.00224076
55.8167			-0.00223942
55.85			-0.00223809
55.8833			-0.00223675
55.9167			-0.00223542
55.95			-0.00223409
55.9833			-0.00223276
56.0167			-0.00223143
56.05			-0.0022301
56.0833			-0.00222878
56.1167			-0.00222745
56.15			-0.00222613
56.1833			-0.00222481
56.2167			-0.00222349
56.25			-0.00222217
56.2833			-0.00222086
56.3167			-0.00221954
56.35			-0.00221823
56.3833			-0.00221692
56.4167			-0.00221561
56.45			-0.0022143
56.4833			-0.00221299
56.5167			-0.00221169
56.55			-0.00221039
56.5833			-0.00220908
56.6167			-0.00220778
56.65			-0.00220648
56.6833			-0.00220519
56.7167			-0.00220389
56.75			-0.0022026
56.7833			-0.0022013
56.8167			-0.00220001
56.85			-0.00219872
56.8833			-0.00219743
56.9167			-0.00219615
56.95			-0.00219486
56.9833			-0.00219358
57.0167			-0.00219229
57.05			-0.00219101
57.0833			-0.00218973
57.1167			-0.00218846
57.15			-0.00218718
57.1833			-0.00218591
57.2167			-0.00218463
57.25			-0.00218336
57.2833			-0.00218209
57.3167			-0.00218082
57.35			-0.00217955
57.3833			-0.00217829
57.4167			-0.00217702
57.45			-0.00217576
57.4833			-0.0021745
57.5167			-0.00217324
57.55			-0.00217198
57.5833			-0.00217072
57.6167			-0.00216947
57.65			-0.00216821
57.6833			-0.00216696
57.7167			-0.00216571
57.75			-0.00216446
57.7833			-0.00216321
57.8167			-0.00216196
57.85			-0.00216072
57.8833			-0.00215947
57.9167			-0.00215823
57.95			-0.00215699
57.9833			-0.00215575
58.0167			-0.00215451
58.05			-0.00215327
58.0833			-0.00215204
58.1167			-0.0021508
58.15			-0.00214957
58.1833			-0.00214834
58.2167			-0.00214711
58.25			-0.00214588
58.2833			-0.00214465
58.3167			-0.00214343
58.35			-0.0021422
58.3833			-0.00214098
58.4167			-0.00213976
58.45			-0.00213854
58.4833			-0.00213732
58.5167			-0.0021361
58.55			-0.00213488
58.5833			-0.00213367
58.6167			-0.00213246
58.65			-0.00213124
58.6833			-0.00213003
58.7167			-0.00212882
58.75			-0.00212762
58.7833			-0.00212641
58.8167			-0.00212521
58.85			-0.002124
58.8833			-0.0021228
58.9167			-0.0021216
58.95			-0.0021204
58.9833			-0.0021192
59.0167			-0.002118
59.05			-0.00211681
59.0833			-0.00211561
59.1167			-0.00211442
59.15			-0.00211323
59.1833			-0.00211204
59.2167			-0.00211085
59.25			-0.00210966
59.2833			-0.00210848
59.3167			-0.00210729
59.35			-0.00210611
59.3833			-0.00210493
59.4167			-0.00210375
59.45			-0.00210257
59.4833			-0.00210139
59.5167			-0.00210021
59.55			-0.00209904
59.5833			-0.00209786
59.6167			-0.00209669
59.65			-0.00209552
59.6833			-0.00209435
59.7167			-0.00209318
59.75			-0.00209201
59.7833			-0.00209084
59.8167			-0.00208968
59.85			-0.00208851
59.8833			-0.00208735
59.9167			-0.00208619
59.95			-0.00208503
59.9833			-0.00208387
60.0167			-0.00208271
60.05			-0.00208156
60.0833			-0.0020804
60.1167			-0.00207925
60.15			-0.0020781
60.1833			-0.00207695
60.2167			-0.0020758
60.25			-0.00207465
60.2833			-0.0020735
60.3167			-0.00207236
60.35			-0.00207121
60.3833			-0.00207007
60.4167			-0.00206893
60.45			-0.00206779
60.4833			-0.00206665
60.5167			-0.00206551
60.55			-0.00206437
60.5833			-0.00206323
60.6167			-0.0020621
60.65			-0.00206097
60.6833			-0.00205983
60.7167			-0.0020587
60.75			-0.00205757
60.7833			-0.00205645
60.8167			-0.00205532
60.85			-0.00205419
60.8833			-0.00205307
60.9167			-0.00205195
60.95			-0.00205082
60.9833			-0.0020497
61.0167			-0.00204858
61.05			-0.00204746
61.0833			-0.00204635
61.1167			-0.00204523
61.15			-0.00204412
61.1833			-0.002043
61.2167			-0.00204189
61.25			-0.00204078
61.2833			-0.00203967
61.3167			-0.00203856
61.35			-0.00203745
61.3833			-0.00203635
61.4167			-0.00203524
61.45			-0.00203414
61.4833			-0.00203303
61.5167			-0.00203193
61.55			-0.00203083
61.5833			-0.00202973
61.6167			-0.00202863
61.65			-0.00202754
61.6833			-0.00202644
61.7167			-0.00202535
61.75			-0.00202425
61.7833			-0.00202316
61.8167			-0.00202207
61.85			-0.00202098
61.8833			-0.00201989
61.9167			-0.00201881
61.95			-0.00201772
61.9833			-0.00201663
62.0167			-0.00201555
62.05			-0.00201447
62.0833			-0.00201339
62.1167			-0.00201231
62.15			-0.00201123
62.1833			-0.00201015
62.2167			-0.00200907
62.25			-0.002008
62.2833			-0.00200692
62.3167			-0.00200585
62.35			-0.00200478
62.3833			-0.0020037
62.4167			-0.00200263
62.45			-0.00200157
62.4833			-0.0020005
62.5167			-0.00199943
62.55			-0.00199837
62.5833			-0.0019973
62.6167			-0.00199624
62.65			-0.00199518
62.6833			-0.00199412
62.7167			-0.00199306
62.75			-0.001992
62.7833			-0.00199094
62.8167			-0.00198988
62.85			-0.00198883
62.8833			-0.00198777
62.9167			-0.00198672
62.95			-0.00198567
62.9833			-0.00198462
63.0167			-0.00198357
63.05			-0.00198252
63.0833			-0.00198147
63.1167			-0.00198042
63.15			-0.00197938
63.1833			-0.00197834
63.2167			-0.00197729
63.25			-0.00197625
63.2833			-0.00197521
63.3167			-0.00197417
63.35			-0.00197313
63.3833			-0.00197209
63.4167			-0.00197106
63.45			-0.00197002
63.4833			-0.00196899
63.5167			-0.00196795
63.55			-0.00196692
63.5833			-0.00196589
63.6167			-0.00196486
63.65			-0.00196383
63.6833			-0.0019628
63.7167			-0.00196178
63.75			-0.00196075
63.7833			-0.00195973
63.8167			-0.0019587
63.85			-0.00195768
63.8833			-0.00195666
63.9167			-0.00195564
63.95			-0.00195462
63.9833			-0.0019536
64.0167			-0.00195258
64.05			-0.00195157
64.0833			-0.00195055
64.1167			-0.00194954
64.15			-0.00194853
64.1833			-0.00194751
64.2167			-0.0019465
64.25			-0.00194549
64.2833			-0.00194448
64.3167			-0.00194348
64.35			-0.00194247
64.3833			-0.00194146
64.4167			-0.00194046
64.45			-0.00193946
64.4833			-0.00193845
64.5167			-0.00193745
64.55			-0.00193645
64.5833			-0.00193545
64.6167			-0.00193445
64.65			-0.00193346
64.6833			-0.00193246
64.7167			-0.00193146
64.75			-0.00193047
64.7833			-0.00192948
64.8167			-0.00192848
64.85			-0.00192749
64.8833			-0.0019265
64.9167			-0.00192551
64.95			-0.00192453
64.9833			-0.00192354
65.0167			-0.00192255
65.05			-0.00192157
65.0833			-0.00192058
65.1167			-0.0019196
65.15			-0.00191862
65.1833			-0.00191764
65.2167			-0.00191666
65.25			-0.00191568
65.2833			-0.0019147
65.3167			-0.00191372
65.35			-0.00191275
65.3833			-0.00191177
65.4167			-0.0019108
65.45			-0.00190982
65.4833			-0.00190885
65.5167			-0.00190788
65.55			-0.00190691
65.5833			-0.00190594
65.6167			-0.00190497
65.65			-0.00190401
65.6833			-0.00190304
65.7167			-0.00190207
65.75			-0.00190111
65.7833			-0.00190015
65.8167			-0.00189918
65.85			-0.00189822
65.8833			-0.00189726
65.9167			-0.0018963
65.95			-0.00189535
65.9833			-0.00189439
66.0167			-0.00189343
66.05			-0.00189248
66.0833			-0.00189152
66.1167			-0.00189057
66.15			-0.00188961
66.1833			-0.00188866
66.2167			-0.00188771
66.25			-0.00188676
66.2833			-0.00188581
66.3167			-0.00188487
66.35			-0.00188392
66.3833			-0.00188297
66.4167			-0.00188203
66.45			-0.00188108
66.4833			-0.00188014
66.5167			-0.0018792
66.55			-0.00187826
66.5833			-0.00187732
66.6167			-0.00187638
66.65			-0.00187544
66.6833			-0.0018745
66.7167			-0.00187357
66.75			-0.00187263
66.7833			-0.0018717
66.8167			-0.00187076
66.85			-0.00186983
66.8833			-0.0018689
66.9167			-0.00186797
66.95			-0.00186704
66.9833			-0.00186611
67.0167			-0.00186518
67.05			-0.00186425
67.0833			-0.00186333
67.1167			-0.0018624
67.15			-0.00186148
67.1833			-0.00186055
67.2167			-0.00185963
67.25			-0.00185871
67.2833			-0.00185779
67.3167			-0.00185687
67.35			-0.00185595
67.3833			-0.00185503
67.4167			-0.00185411
67.45			-0.0018532
67.4833			-0.00185228
67.5167			-0.00185137
67.55			-0.00185045
67.5833			-0.00184954
67.6167			-0.00184863
67.65			-0.00184772
67.6833			-0.00184681
67.7167			-0.0018459
67.75			-0.00184499
67.7833			-0.00184408
67.8167			-0.00184318
67.85			-0.00184227
67.8833			-0.00184137
67.9167			-0.00184046
67.95			-0.00183956
67.9833			-0.00183866
68.0167			-0.00183776
68.05			-0.00183686
68.0833			-0.00183596
68.1167			-0.00183506
68.15			-0.00183416
68.1833			-0.00183327
68.2167			-0.00183237
68.25			-0.00183147
68.2833			-0.00183058
68.3167			-0.00182969
68.35			-0.0018288
68.3833			-0.0018279
68.4167			-0.00182701
68.45			-0.00182612
68.4833			-0.00182523
68.5167			-0.00182435
68.55			-0.00182346
68.5833			-0.00182257
68.6167			-0.00182169
68.65			-0.0018208
68.6833			-0.00181992
68.7167			-0.00181904
68.75			-0.00181816
68.7833			-0.00181727
68.8167			-0.00181639
68.85			-0.00181551
68.8833			-0.00181464
68.9167			-0.00181376
68.95			-0.00181288
68.9833			-0.00181201
69.0167			-0.00181113
69.05			-0.00181026
69.0833			-0.00180938
69.1167			-0.00180851
69.15			-0.00180764
69.1833			-0.00180677
69.2167			-0.0018059
69.25			-0.00180503
69.2833			-0.00180416
69.3167			-0.00180329
69.35			-0.00180243
69.3833			-0.00180156
69.4167			-0.00180069
69.45			-0.00179983
69.4833			-0.00179897
69.5167			-0.0017981
69.55			-0.00179724
69.5833			-0.00179638
69.6167			-0.00179552
69.65			-0.00179466
69.6833			-0.0017938
69.7167			-0.00179295
69.75			-0.00179209
69.7833			-0.00179123
69.8167			-0.00179038
69.85			-0.00178952
69.8833			-0.00178867
69.9167			-0.00178782
69.95			-0.00178697
69.9833			-0.00178611
70.0167			-0.00178526
70.05			-0.00178441
70.0833			-0.00178357
70.1167			-0.00178272
70.15			-0.00178187
70.1833			-0.00178102
70.2167			-0.00178018
70.25			-0.00177933
70.2833			-0.00177849
70.3167			-0.00177765
70.35			-0.00177681
70.3833			-0.00177596
70.4167			-0.00177512
70.45			-0.00177428
70.4833			-0.00177344
70.5167			-0.00177261
70.55			-0.00177177
70.5833			-0.00177093
70.6167			-0.0017701
70.65			-0.00176926
70.6833			-0.00176843
70.7167			-0.00176759
70.75			-0.00176676
70.7833			-0.00176593
70.8167			-0.0017651
70.85			-0.00176427
70.8833			-0.00176344
70.9167			-0.00176261
70.95			-0.00176178
70.9833			-0.00176095
71.0167			-0.00176013
71.05			-0.0017593
71.0833			-0.00175848
71.1167			-0.00175765
71.15			-0.00175683
71.1833			-0.001756
71.2167			-0.00175518
71.25			-0.00175436
71.2833			-0.00175354
71.3167			-0.00175272
71.35			-0.0017519
71.3833			-0.00175109
71.4167			-0.00175027
71.45			-0.00174945
71.4833			-0.00174864
71.5167			-0.00174782
71.55			-0.00174701
71.5833			-0.00174619
71.6167			-0.00174538
71.65			-0.00174457
71.6833			-0.00174376
71.7167			-0.00174295
71.75			-0.00174214
71.7833			-0.00174133
71.8167			-0.00174052
71.85			-0.00173971
71.8833			-0.00173891
71.9167			-0.0017381
71.95			-0.00173729
71.9833			-0.00173649
72.0167			-0.00173569
72.05			-0.00173488
72.0833			-0.00173408
72.1167			-0.00173328
72.15			-0.00173248
72.1833			-0.00173168
72.2167			-0.00173088
72.25			-0.00173008
72.2833			-0.00172928
72.3167			-0.00172849
72.35			-0.00172769
72.3833			-0.00172689
72.4167			-0.0017261
72.45			-0.0017253
72.4833			-0.00172451
72.5167			-0.00172372
72.55			-0.00172293
72.5833			-0.00172214
72.6167			-0.00172135
72.65			-0.00172056
72.6833			-0.00171977
72.7167			-0.00171898
72.75			-0.00171819
72.7833			-0.0017174
72.8167			-0.00171662
72.85			-0.00171583
72.8833			-0.00171505
72.9167			-0.00171426
72.95			-0.00171348
72.9833			-0.0017127
73.0167			-0.00171192
73.05			-0.00171113
73.0833			-0.00171035
73.1167			-0.00170957
73.15			-0.0017088
73.1833			-0.00170802
73.2167			-0.00170724
73.25			-0.00170646
73.2833			-0.00170569
73.3167			-0.00170491
73.35			-0.00170414
73.3833			-0.00170336
73.4167			-0.00170259
73.45			-0.00170182
73.4833			-0.00170104
73.5167			-0.00170027
73.55			-0.0016995
73.5833			-0.00169873
73.6167			-0.00169796
73.65			-0.00169719
73.6833			-0.00169643
73.7167			-0.00169566
73.75			-0.00169489
73.7833			-0.00169413
73.8167			-0.00169336
73.85			-0.0016926
73.8833			-0.00169184
73.9167			-0.00169107
73.95			-0.00169031
73.9833			-0.00168955
74.0167			-0.00168879
74.05			-0.00168803
74.0833			-0.00168727
74.1167			-0.00168651
74.15			-0.00168575
74.1833			-0.00168499
74.2167			-0.00168424
74.25			-0.00168348
74.2833			-0.00168273
74.3167			-0.00168197
74.35			-0.00168122
74.3833			-0.00168046
74.4167			-0.00167971
74.45			-0.00167896
74.4833			-0.00167821
74.5167			-0.00167746
74.55			-0.00167671
74.5833			-0.00167596
74.6167			-0.00167521
74.65			-0.00167446
74.6833			-0.00167371
74.7167			-0.00167297
74.75			-0.00167222
74.7833			-0.00167147
74.8167			-0.00167073
74.85			-0.00166999
74.8833			-0.00166924
74.9167			-0.0016685
74.95			-0.00166776
74.9833			-0.00166702
75.0167			-0.00166628
75.05			-0.00166554
75.0833			-0.0016648
75.1167			-0.00166406
75.15			-0.00166332
75.1833			-0.00166258
75.2167			-0.00166185
75.25			-0.00166111
75.2833			-0.00166037
75.3167			-0.00165964
75.35			-0.0016589
75.3833			-0.00165817
75.4167			-0.00165744
75.45			-0.00165671
75.4833			-0.00165597
75.5167			-0.00165524
75.55			-0.00165451
75.5833			-0.00165378
75.6167			-0.00165305
75.65			-0.00165233
75.6833			-0.0016516
75.7167			-0.00165087
75.75			-0.00165015
75.7833			-0.00164942
75.8167			-0.00164869
75.85			-0.00164797
75.8833			-0.00164725
75.9167			-0.00164652
75.95			-0.0016458
75.9833			-0.00164508
76.0167			-0.00164436
76.05			-0.00164364
76.0833			-0.00164292
76.1167			-0.0016422
76.15			-0.00164148
76.1833			-0.00164076
76.2167			-0.00164004
76.25			-0.00163932
76.2833			-0.00163861
76.3167			-0.00163789
76.35			-0.00163718
76.3833			-0.00163646
76.4167			-0.00163575
76.45			-0.00163504
76.4833			-0.00163432
76.5167			-0.00163361
76.55			-0.0016329
76.5833			-0.00163219
76.6167			-0.00163148
76.65			-0.00163077
76.6833			-0.00163006
76.7167			-0.00162935
76.75			-0.00162865
76.7833			-0.00162794
76.8167			-0.00162723
76.85			-0.00162653
76.8833			-0.00162582
76.9167			-0.00162512
76.95			-0.00162441
76.9833			-0.00162371
77.0167			-0.00162301
77.05			-0.0016223
77.0833			-0.0016216
77.1167			-0.0016209
77.15			-0.0016202
77.1833			-0.0016195
77.2167			-0.0016188
77.25			-0.0016181
77.2833			-0.00161741
77.3167			-0.00161671
77.35			-0.00161601
77.3833			-0.00161532
77.4167			-0.00161462
77.45			-0.00161393
77.4833			-0.00161323
77.5167			-0.00161254
77.55			-0.00161184
77.5833			-0.00161115
77.6167			-0.00161046
77.65			-0.00160977
77.6833			-0.00160908
77.7167			-0.00160839
77.75			-0.0016077
77.7833			-0.00160701
77.8167			-0.00160632
77.85			-0.00160563
77.8833			-0.00160495
77.9167			-0.00160426
77.95			-0.00160357
77.9833			-0.00160289
78.0167			-0.0016022
78.05			-0.00160152
78.0833			-0.00160084
78.1167			-0.00160015
78.15			-0.00159947
78.1833			-0.00159879
78.2167			-0.00159811
78.25			-0.00159743
78.2833			-0.00159675
78.3167			-0.00159607
78.35			-0.00159539
78.3833			-0.00159471
78.4167			-0.00159403
78.45			-0.00159335
78.4833			-0.00159268
78.5167			-0.001592
78.55			-0.00159133
78.5833			-0.00159065
78.6167			-0.00158998
78.65			-0.0015893
78.6833			-0.00158863
78.7167			-0.00158796
78.75			-0.00158728
78.7833			-0.00158661
78.8167			-0.00158594
78.85			-0.00158527
78.8833			-0.0015846
78.9167			-0.00158393
78.95			-0.00158326
78.9833			-0.00158259
79.0167			-0.00158193
79.05			-0.00158126
79.0833			-0.00158059
79.1167			-0.00157993
79.15			-0.00157926
79.1833			-0.0015786
79.2167			-0.00157793
79.25			-0.00157727
79.2833			-0.00157661
79.3167			-0.00157594
79.35			-0.00157528
79.3833			-0.00157462
79.4167			-0.00157396
79.45			-0.0015733
79.4833			-0.00157264
79.5167			-0.00157198
79.55			-0.00157132
79.5833			-0.00157066
79.6167			-0.00157001
79.65			-0.00156935
79.6833			-0.00156869
79.7167			-0.00156804
79.75			-0.00156738
79.7833			-0.00156673
79.8167			-0.00156607
79.85			-0.00156542
79.8833			-0.00156476
79.9167			-0.00156411
79.95			-0.00156346
79.9833			-0.00156281
80.0167			-0.00156216
80.05			-0.00156151
80.0833			-0.00156086
80.1167			-0.00156021
80.15			-0.00155956
80.1833			-0.00155891
80.2167			-0.00155826
80.25			-0.00155762
80.2833			-0.00155697
80.3167			-0.00155632
80.35			-0.00155568
80.3833			-0.00155503
80.4167			-0.00155439
80.45			-0.00155374
80.4833			-0.0015531
80.5167			-0.00155246
80.55			-0.00155181
80.5833			-0.00155117
80.6167			-0.00155053
80.65			-0.00154989
80.6833			-0.00154925
80.7167			-0.00154861
80.75			-0.00154797
80.7833			-0.00154733
80.8167			-0.00154669
80.85			-0.00154606
80.8833			-0.00154542
80.9167			-0.00154478
80.95			-0.00154415
80.9833			-0.00154351
81.0167			-0.00154288
81.05			-0.00154224
81.0833			-0.00154161
81.1167			-0.00154097
81.15			-0.00154034
81.1833			-0.00153971
81.2167			-0.00153908
81.25			-0.00153845
81.2833			-0.00153781
81.3167			-0.00153718
81.35			-0.00153655
81.3833			-0.00153592
81.4167			-0.0015353
81.45			-0.00153467
81.4833			-0.00153404
81.5167			-0.00153341
81.55			-0.00153279
81.5833			-0.00153216
81.6167			-0.00153153
81.65			-0.00153091
81.6833			-0.00153028
81.7167			-0.00152966
81.75			-0.00152904
81.7833			-0.00152841
81.8167			-0.00152779
81.85			-0.00152717
81.8833			-0.00152655
81.9167			-0.00152593
81.95			-0.0015253
81.9833			-0.00152468
82.0167			-0.00152406
82.05			-0.00152345
82.0833			-0.00152283
82.1167			-0.00152221
82.15			-0.00152159
82.1833			-0.00152097
82.2167			-0.00152036
82.25			-0.00151974
82.2833			-0.00151913
82.3167			-0.00151851
82.35			-0.0015179
82.3833			-0.00151728
82.4167			-0.00151667
82.45			-0.00151605
82.4833			-0.00151544
82.5167			-0.00151483
82.55			-0.00151422
82.5833			-0.00151361
82.6167			-0.001513
82.65			-0.00151239
82.6833			-0.00151178
82.7167			-0.00151117
82.75			-0.00151056
82.7833			-0.00150995
82.8167			-0.00150934
82.85			-0.00150874
82.8833			-0.00150813
82.9167			-0.00150752
82.95			-0.00150692
82.9833			-0.00150631
83.0167			-0.00150571
83.05			-0.0015051
83.0833			-0.0015045
83.1167			-0.0015039
83.15			-0.00150329
83.1833			-0.00150269
83.2167			-0.00150209
83.25			-0.00150149
83.2833			-0.00150089
83.3167			-0.00150029
83.35			-0.00149969
83.3833			-0.00149909
83.4167			-0.00149849
83.45			-0.00149789
83.4833			-0.00149729
83.5167			-0.00149669
83.55			-0.0014961
83.5833			-0.0014955
83.6167			-0.0014949
83.65			-0.00149431
83.6833			-0.00149371
83.7167			-0.00149312
83.75			-0.00149252
83.7833			-0.00149193
83.8167			-0.00149134
83.85			-0.00149074
83.8833			-0.00149015
83.9167			-0.00148956
83.95			-0.00148897
83.9833			-0.00148838
84.0167			-0.00148779
84.05			-0.0014872
84.0833			-0.00148661
84.1167			-0.00148602
84.15			-0.00148543
84.1833			-0.00148484
84.2167			-0.00148425
84.25			-0.00148367
84.2833			-0.00148308
84.3167			-0.00148249
84.35			-0.00148191
84.3833			-0.00148132
84.4167			-0.00148074
84.45			-0.00148015
84.4833			-0.00147957
84.5167			-0.00147898
84.55			-0.0014784
84.5833			-0.00147782
84.6167			-0.00147724
84.65			-0.00147665
84.6833			-0.00147607
84.7167			-0.00147549
84.75			-0.00147491
84.7833			-0.00147433
84.8167			-0.00147375
84.85			-0.00147317
84.8833			-0.0014726
84.9167			-0.00147202
84.95			-0.00147144
84.9833			-0.00147086
85.0167			-0.00147029
85.05			-0.00146971
85.0833			-0.00146913
85.1167			-0.00146856
85.15			-0.00146798
85.1833			-0.00146741
85.2167			-0.00146684
85.25			-0.00146626
85.2833			-0.00146569
85.3167			-0.00146512
85.35			-0.00146454
85.3833			-0.00146397
85.4167			-0.0014634
85.45			-0.00146283
85.4833			-0.00146226
85.5167			-0.00146169
85.55			-0.00146112
85.5833			-0.00146055
85.6167			-0.00145998
85.65			-0.00145941
85.6833			-0.00145885
85.7167			-0.00145828
85.75			-0.00145771
85.7833			-0.00145715
85.8167			-0.00145658
85.85			-0.00145601
85.8833			-0.00145545
85.9167			-0.00145488
85.95			-0.00145432
85.9833			-0.00145376
86.0167			-0.00145319
86.05			-0.00145263
86.0833			-0.00145207
86.1167			-0.00145151
86.15			-0.00145094
86.1833			-0.00145038
86.2167			-0.00144982
86.25			-0.00144926
86.2833			-0.0014487
86.3167			-0.00144814
86.35			-0.00144758
86.3833			-0.00144702
86.4167			-0.00144647
86.45			-0.00144591
86.4833			-0.00144535
86.5167			-0.00144479
86.55			-0.00144424
86.5833			-0.00144368
86.6167			-0.00144313
86.65			-0.00144257
86.6833			-0.00144202
86.7167			-0.00144146
86.75			-0.00144091
86.7833			-0.00144036
86.8167			-0.0014398
86.85			-0.00143925
86.8833			-0.0014387
86.9167			-0.00143815
86.95			-0.00143759
86.9833			-0.00143704
87.0167			-0.00143649
87.05			-0.00143594
87.0833			-0.00143539
87.1167			-0.00143484
87.15			-0.0014343
87.1833			-0.00143375
87.2167			-0.0014332
87.25			-0.00143265
87.2833			-0.0014321
87.3167			-0.00143156
87.35			-0.00143101
87.3833			-0.00143047
87.4167			-0.00142992
87.45			-0.00142938
87.4833			-0.00142883
87.5167			-0.00142829
87.55			-0.00142774
87.5833			-0.0014272
87.6167			-0.00142666
87.65			-0.00142611
87.6833			-0.00142557
87.7167			-0.00142503
87.75			-0.00142449
87.7833			-0.00142395
87.8167			-0.00142341
87.85			-0.00142287
87.8833			-0.00142233
87.9167			-0.00142179
87.95			-0.00142125
87.9833			-0.00142071
88.0167			-0.00142017
88.05			-0.00141964
88.0833			-0.0014191
88.1167			-0.00141856
88.15			-0.00141802
88.1833			-0.00141749
88.2167			-0.00141695
88.25			-0.00141642
88.2833			-0.00141588
88.3167			-0.00141535
88.35			-0.00141481
88.3833			-0.00141428
88.4167			-0.00141375
88.45			-0.00141322
88.4833			-0.00141268
88.5167			-0.00141215
88.55			-0.00141162
88.5833			-0.00141109
88.6167			-0.00141056
88.65			-0.00141003
88.6833			-0.0014095
88.7167			-0.00140897
88.75			-0.00140844
88.7833			-0.00140791
88.8167			-0.00140738
88.85			-0.00140685
88.8833			-0.00140633
88.9167			-0.0014058
88.95			-0.00140527
88.9833			-0.00140475
89.0167			-0.00140422
89.05			-0.00140369
89.0833			-0.00140317
89.1167			-0.00140264
89.15			-0.00140212
89.1833			-0.00140159
89.2167			-0.00140107
89.25			-0.00140055
89.2833			-0.00140003
89.3167			-0.0013995
89.35			-0.00139898
89.3833			-0.00139846
89.4167			-0.00139794
89.45			-0.00139742
89.4833			-0.0013969
89.5167			-0.00139638
89.55			-0.00139586
89.5833			-0.00139534
89.6167			-0.00139482
89.65			-0.0013943
89.6833			-0.00139378
89.7167			-0.00139326
89.75			-0.00139275
89.7833			-0.00139223
89.8167			-0.00139171
89.85			-0.0013912
89.8833			-0.00139068
89.9167			-0.00139016
89.95			-0.00138965
89.9833			-0.00138913
90.0167			-0.00138862
90.05			-0.00138811
90.0833			-0.00138759
90.1167			-0.00138708
90.15			-0.00138657
90.1833			-0.00138605
90.2167			-0.00138554
90.25			-0.00138503
90.2833			-0.00138452
90.3167			-0.00138401
90.35			-0.0013835
90.3833			-0.00138299
90.4167			-0.00138248
90.45			-0.00138197
90.4833			-0.00138146
90.5167			-0.00138095
90.55			-0.00138044
90.5833			-0.00137993
90.6167			-0.00137943
90.65			-0.00137892
90.6833			-0.00137841
90.7167			-0.0013779
90.75			-0.0013774
90.7833			-0.00137689
90.8167			-0.00137639
90.85			-0.00137588
90.8833			-0.00137538
90.9167			-0.00137487
90.95			-0.00137437
90.9833			-0.00137387
91.0167			-0.00137336
91.05			-0.00137286
91.0833			-0.00137236
91.1167			-0.00137186
91.15			-0.00137135
91.1833			-0.00137085
91.2167			-0.00137035
91.25			-0.00136985
91.2833			-0.00136935
91.3167			-0.00136885
91.35			-0.00136835
91.3833			-0.00136785
91.4167			-0.00136735
91.45			-0.00136686
91.4833			-0.00136636
91.5167			-0.00136586
91.55			-0.00136536
91.5833			-0.00136487
91.6167			-0.00136437
91.65			-0.00136387
91.6833			-0.00136338
91.7167			-0.00136288
91.75			-0.00136239
91.7833			-0.00136189
91.8167			-0.0013614
91.85			-0.0013609
91.8833			-0.00136041
91.9167			-0.00135992
91.95			-0.00135942
91.9833			-0.00135893
92.0167			-0.00135844
92.05			-0.00135795
92.0833			-0.00135745
92.1167			-0.00135696
92.15			-0.00135647
92.1833			-0.00135598
92.2167			-0.00135549
92.25			-0.001355
92.2833			-0.00135451
92.3167			-0.00135402
92.35			-0.00135354
92.3833			-0.00135305
92.4167			-0.00135256
92.45			-0.00135207
92.4833			-0.00135158
92.5167			-0.0013511
92.55			-0.00135061
92.5833			-0.00135012
92.6167			-0.00134964
92.65			-0.00134915
92.6833			-0.00134867
92.7167			-0.00134818
92.75			-0.0013477
92.7833			-0.00134721
92.8167			-0.00134673
92.85			-0.00134625
92.8833			-0.00134576
92.9167			-0.00134528
92.95			-0.0013448
92.9833			-0.00134432
93.0167			-0.00134383
93.05			-0.00134335
93.0833			-0.00134287
93.1167			-0.00134239
93.15			-0.00134191
93.1833			-0.00134143
93.2167			-0.00134095
93.25			-0.00134047
93.2833			-0.00133999
93.3167			-0.00133951
93.35			-0.00133904
93.3833			-0.00133856
93.4167			-0.00133808
93.45			-0.0013376
93.4833			-0.00133713
93.5167			-0.00133665
93.55			-0.00133617
93.5833			-0.0013357
93.6167			-0.00133522
93.65			-0.00133475
93.6833			-0.00133427
93.7167			-0.0013338
93.75			-0.00133332
93.7833			-0.00133285
93.8167			-0.00133238
93.85			-0.0013319
93.8833			-0.00133143
93.9167			-0.00133096
93.95			-0.00133048
93.9833			-0.00133001
94.0167			-0.00132954
94.05			-0.00132907
94.0833			-0.0013286
94.1167			-0.00132813
94.15			-0.00132766
94.1833			-0.00132719
94.2167			-0.00132672
94.25			-0.00132625
94.2833			-0.00132578
94.3167			-0.00132531
94.35			-0.00132484
94.3833			-0.00132438
94.4167			-0.00132391
94.45			-0.00132344
94.4833			-0.00132297
94.5167			-0.00132251
94.55			-0.00132204
94.5833			-0.00132158
94.6167			-0.00132111
94.65			-0.00132064
94.6833			-0.00132018
94.7167			-0.00131972
94.75			-0.00131925
94.7833			-0.00131879
94.8167			-0.00131832
94.85			-0.00131786
94.8833			-0.0013174
94.9167			-0.00131693
94.95			-0.00131647
94.9833			-0.00131601
95.0167			-0.00131555
95.05			-0.00131509
95.0833			-0.00131463
95.1167			-0.00131417
95.15			-0.00131371
95.1833			-0.00131325
95.2167			-0.00131279
95.25			-0.00131233
95.2833			-0.00131187
95.3167			-0.00131141
95.35			-0.00131095
95.3833			-0.00131049
95.4167			-0.00131003
95.45			-0.00130958
95.4833			-0.00130912
95.5167			-0.00130866
95.55			-0.00130821
95.5833			-0.00130775
95.6167			-0.00130729
95.65			-0.00130684
95.6833			-0.00130638
95.7167			-0.00130593
95.75			-0.00130547
95.7833			-0.00130502
95.8167			-0.00130456
95.85			-0.00130411
95.8833			-0.00130366
95.9167			-0.0013032
95.95			-0.00130275
95.9833			-0.0013023
96.0167			-0.00130185
96.05			-0.0013014
96.0833			-0.00130094
96.1167			-0.00130049
96.15			-0.00130004
96.1833			-0.00129959
96.2167			-0.00129914
96.25			-0.00129869
96.2833			-0.00129824
96.3167			-0.00129779
96.35			-0.00129734
96.3833			-0.0012969
96.4167			-0.00129645
96.45			-0.001296
96.4833			-0.00129555
96.5167			-0.0012951
96.55			-0.00129466
96.5833			-0.00129421
96.6167			-0.00129376
96.65			-0.00129332
96.6833			-0.00129287
96.7167			-0.00129243
96.75			-0.00129198
96.7833			-0.00129154
96.8167			-0.00129109
96.85			-0.00129065
96.8833			-0.0012902
96.9167			-0.00128976
96.95			-0.00128931
96.9833			-0.00128887
97.0167			-0.00128843
97.05			-0.00128799
97.0833			-0.00128754
97.1167			-0.0012871
97.15			-0.00128666
97.1833			-0.00128622
97.2167			-0.00128578
97.25			-0.00128534
97.2833			-0.0012849
97.3167			-0.00128446
97.35			-0.00128402
97.3833			-0.00128358
97.4167			-0.00128314
97.45			-0.0012827
97.4833			-0.00128226
97.5167			-0.00128182
97.55			-0.00128138
97.5833			-0.00128095
97.6167			-0.00128051
97.65			-0.00128007
97.6833			-0.00127964
97.7167			-0.0012792
97.75			-0.00127876
97.7833			-0.00127833
97.8167			-0.00127789
97.85			-0.00127746
97.8833			-0.00127702
97.9167			-0.00127659
97.95			-0.00127615
97.9833			-0.00127572
98.0167			-0.00127528
98.05			-0.00127485
98.0833			-0.00127442
98.1167			-0.00127398
98.15			-0.00127355
98.1833			-0.00127312
98.2167			-0.00127269
98.25			-0.00127226
98.2833			-0.00127182
98.3167			-0.00127139
98.35			-0.00127096
98.3833			-0.00127053
98.4167			-0.0012701
98.45			-0.00126967
98.4833			-0.00126924
98.5167			-0.00126881
98.55			-0.00126838
98.5833			-0.00126795
98.6167			-0.00126753
98.65			-0.0012671
98.6833			-0.00126667
98.7167			-0.00126624
98.75			-0.00126581
98.7833			-0.00126539
98.8167			-0.00126496
98.85			-0.00126453
98.8833			-0.00126411
98.9167			-0.00126368
98.95			-0.00126326
98.9833			-0.00126283
99.0167			-0.0012624
99.05			-0.00126198
99.0833			-0.00126156
99.1167			-0.00126113
99.15			-0.00126071
99.1833			-0.00126028
99.2167			-0.00125986
99.25			-0.00125944
99.2833			-0.00125901
99.3167			-0.00125859
99.35			-0.00125817
99.3833			-0.00125775
99.4167			-0.00125733
99.45			-0.0012569
99.4833			-0.00125648
99.5167			-0.00125606
99.55			-0.00125564
99.5833			-0.00125522
99.6167			-0.0012548
99.65			-0.00125438
99.6833			-0.00125396
99.7167			-0.00125354
99.75			-0.00125312
99.7833			-0.00125271
99.8167			-0.00125229
99.85			-0.00125187
99.8833			-0.00125145
99.9167			-0.00125103
99.95			-0.00125062
99.9833			-0.0012502
