0.05			-0.404006
0.0833333			-0.403946
0.116667			-0.403425
0.15			-0.401952
0.183333			-0.399369
0.216667			-0.395732
0.25			-0.391146
0.283333			-0.385707
0.316667			-0.379507
0.35			-0.372648
0.383333			-0.365245
0.416667			-0.357421
0.45			-0.349303
0.483333			-0.341008
0.516667			-0.332644
0.55			-0.324302
0.583333			-0.31606
0.616667			-0.307978
0.65			-0.300102
0.683333			-0.292464
0.716667			-0.285089
0.75			-0.27799
0.783333			-0.271174
0.816667			-0.264643
0.85			-0.258394
0.883333			-0.252422
0.916667			-0.246719
0.95			-0.241277
0.983333			-0.236084
1.01667			-0.231129
1.05			-0.226403
1.08333			-0.221893
1.11667			-0.217588
1.15			-0.213479
1.18333			-0.209554
1.21667			-0.205803
1.25			-0.202218
1.28333			-0.198788
1.31667			-0.195506
1.35			-0.192364
1.38333			-0.189353
1.41667			-0.186467
1.45			-0.183698
1.48333			-0.181041
1.51667			-0.178489
1.55			-0.176037
1.58333			-0.17368
1.61667			-0.171412
1.65			-0.169229
1.68333			-0.167127
1.71667			-0.165101
1.75			-0.163148
1.78333			-0.161265
1.81667			-0.159446
1.85			-0.157691
1.88333			-0.155994
1.91667			-0.154355
1.95			-0.152769
1.98333			-0.151235
2.01667			-0.14975
2.05			-0.148312
2.08333			-0.146919
2.11667			-0.145569
2.15			-0.14426
2.18333			-0.14299
2.21667			-0.141757
2.25			-0.140561
2.28333			-0.139398
2.31667			-0.138269
2.35			-0.137172
2.38333			-0.136105
2.41667			-0.135067
2.45			-0.134058
2.48333			-0.133075
2.51667			-0.132118
2.55			-0.131186
2.58333			-0.130278
2.61667			-0.129394
2.65			-0.128531
2.68333			-0.12769
2.71667			-0.12687
2.75			-0.12607
2.78333			-0.125289
2.81667			-0.124526
2.85			-0.123781
2.88333			-0.123054
2.91667			-0.122344
2.95			-0.121649
2.98333			-0.12097
3.01667			-0.120307
3.05			-0.119658
3.08333			-0.119023
3.11667			-0.118402
3.15			-0.117794
3.18333			-0.117199
3.21667			-0.116616
3.25			-0.116046
3.28333			-0.115487
3.31667			-0.11494
3.35			-0.114404
3.38333			-0.113878
3.41667			-0.113363
3.45			-0.112858
3.48333			-0.112362
3.51667			-0.111877
3.55			-0.1114
3.58333			-0.110932
3.61667			-0.110474
3.65			-0.110023
3.68333			-0.109581
3.71667			-0.109147
3.75			-0.108721
3.78333			-0.108303
3.81667			-0.107892
3.85			-0.107488
3.88333			-0.107091
3.91667			-0.106701
3.95			-0.106318
3.98333			-0.105941
4.01667			-0.105571
4.05			-0.105207
4.08333			-0.104848
4.11667			-0.104496
4.15			-0.10415
4.18333			-0.103809
4.21667			-0.103473
4.25			-0.103143
4.28333			-0.102819
4.31667			-0.102499
4.35			-0.102184
4.38333			-0.101874
4.41667			-0.101569
4.45			-0.101269
4.48333			-0.100973
4.51667			-0.100682
4.55			-0.100395
4.58333			-0.100112
4.61667			-0.0998332
4.65			-0.0995586
4.68333			-0.099288
4.71667			-0.0990213
4.75			-0.0987584
4.78333			-0.0984992
4.81667			-0.0982437
4.85			-0.0979917
4.88333			-0.0977433
4.91667			-0.0974983
4.95			-0.0972566
4.98333			-0.0970183
5.01667			-0.0967831
5.05			-0.0965512
5.08333			-0.0963223
5.11667			-0.0960965
5.15			-0.0958736
5.18333			-0.0956537
5.21667			-0.0954366
5.25			-0.0952223
5.28333			-0.0950108
5.31667			-0.094802
5.35			-0.0945959
5.38333			-0.0943923
5.41667			-0.0941913
5.45			-0.0939928
5.48333			-0.0937967
5.51667			-0.0936031
5.55			-0.0934118
5.58333			-0.0932229
5.61667			-0.0930362
5.65			-0.0928518
5.68333			-0.0926696
5.71667			-0.0924896
5.75			-0.0923117
5.78333			-0.0921358
5.81667			-0.0919621
5.85			-0.0917903
5.88333			-0.0916205
5.91667			-0.0914527
5.95			-0.0912868
5.98333			-0.0911227
6.01667			-0.0909605
6.05			-0.0908002
6.08333			-0.0906416
6.11667			-0.0904848
6.15			-0.0903297
6.18333			-0.0901763
6.21667			-0.0900246
6.25			-0.0898745
6.28333			-0.0897261
6.31667			-0.0895793
6.35			-0.089434
6.38333			-0.0892902
6.41667			-0.089148
6.45			-0.0890073
6.48333			-0.0888681
6.51667			-0.0887303
6.55			-0.0885939
6.58333			-0.0884589
6.61667			-0.0883254
6.65			-0.0881931
6.68333			-0.0880623
6.71667			-0.0879327
6.75			-0.0878045
6.78333			-0.0876775
6.81667			-0.0875518
6.85			-0.0874273
6.88333			-0.0873041
6.91667			-0.0871821
6.95			-0.0870613
6.98333			-0.0869416
7.01667			-0.0868231
7.05			-0.0867057
7.08333			-0.0865895
7.11667			-0.0864744
7.15			-0.0863603
7.18333			-0.0862473
7.21667			-0.0861354
7.25			-0.0860246
7.28333			-0.0859148
7.31667			-0.085806
7.35			-0.0856982
7.38333			-0.0855913
7.41667			-0.0854855
7.45			-0.0853806
7.48333			-0.0852767
7.51667			-0.0851737
7.55			-0.0850716
7.58333			-0.0849705
7.61667			-0.0848702
7.65			-0.0847709
7.68333			-0.0846724
7.71667			-0.0845748
7.75			-0.084478
7.78333			-0.0843821
7.81667			-0.084287
7.85			-0.0841927
7.88333			-0.0840993
7.91667			-0.0840066
7.95			-0.0839147
7.98333			-0.0838236
8.01667			-0.0837333
8.05			-0.0836437
8.08333			-0.0835549
8.11667			-0.0834668
8.15			-0.0833795
8.18333			-0.0832929
8.21667			-0.083207
8.25			-0.0831218
8.28333			-0.0830373
8.31667			-0.0829535
8.35			-0.0828703
8.38333			-0.0827879
8.41667			-0.0827061
8.45			-0.0826249
8.48333			-0.0825444
8.51667			-0.0824646
8.55			-0.0823854
8.58333			-0.0823068
8.61667			-0.0822288
8.65			-0.0821514
8.68333			-0.0820746
8.71667			-0.0819985
8.75			-0.0819229
8.78333			-0.0818479
8.81667			-0.0817735
8.85			-0.0816996
8.88333			-0.0816263
8.91667			-0.0815536
8.95			-0.0814814
8.98333			-0.0814098
9.01667			-0.0813387
9.05			-0.0812681
9.08333			-0.081198
9.11667			-0.0811285
9.15			-0.0810595
9.18333			-0.080991
9.21667			-0.080923
9.25			-0.0808555
9.28333			-0.0807885
9.31667			-0.0807219
9.35			-0.0806559
9.38333			-0.0805903
9.41667			-0.0805252
9.45			-0.0804606
9.48333			-0.0803964
9.51667			-0.0803327
9.55			-0.0802695
9.58333			-0.0802066
9.61667			-0.0801443
9.65			-0.0800823
9.68333			-0.0800208
9.71667			-0.0799598
9.75			-0.0798991
9.78333			-0.0798389
9.81667			-0.0797791
9.85			-0.0797196
9.88333			-0.0796606
9.91667			-0.079602
9.95			-0.0795438
9.98333			-0.079486
10.0167			-0.0794286
10.05			-0.0793716
10.0833			-0.0793149
10.1167			-0.0792587
10.15			-0.0792028
10.1833			-0.0791472
10.2167			-0.0790921
10.25			-0.0790373
10.2833			-0.0789829
10.3167			-0.0789288
10.35			-0.0788751
10.3833			-0.0788217
10.4167			-0.0787687
10.45			-0.078716
10.4833			-0.0786636
10.5167			-0.0786116
10.55			-0.07856
10.5833			-0.0785086
10.6167			-0.0784576
10.65			-0.0784069
10.6833			-0.0783565
10.7167			-0.0783065
10.75			-0.0782567
10.7833			-0.0782073
10.8167			-0.0781582
10.85			-0.0781094
10.8833			-0.0780609
10.9167			-0.0780126
10.95			-0.0779647
10.9833			-0.0779171
11.0167			-0.0778698
11.05			-0.0778227
11.0833			-0.077776
11.1167			-0.0777295
11.15			-0.0776833
11.1833			-0.0776374
11.2167			-0.0775918
11.25			-0.0775464
11.2833			-0.0775013
11.3167			-0.0774565
11.35			-0.077412
11.3833			-0.0773677
11.4167			-0.0773237
11.45			-0.0772799
11.4833			-0.0772364
11.5167			-0.0771931
11.55			-0.0771502
11.5833			-0.0771074
11.6167			-0.0770649
11.65			-0.0770226
11.6833			-0.0769806
11.7167			-0.0769389
11.75			-0.0768973
11.7833			-0.0768561
11.8167			-0.076815
11.85			-0.0767742
11.8833			-0.0767336
11.9167			-0.0766932
11.95			-0.0766531
11.9833			-0.0766132
12.0167			-0.0765735
12.05			-0.0765341
12.0833			-0.0764948
12.1167			-0.0764558
12.15			-0.076417
12.1833			-0.0763784
12.2167			-0.07634
12.25			-0.0763019
12.2833			-0.0762639
12.3167			-0.0762262
12.35			-0.0761886
12.3833			-0.0761513
12.4167			-0.0761142
12.45			-0.0760773
12.4833			-0.0760405
12.5167			-0.076004
12.55			-0.0759677
12.5833			-0.0759315
12.6167			-0.0758956
12.65			-0.0758598
12.6833			-0.0758242
12.7167			-0.0757889
12.75			-0.0757537
12.7833			-0.0757187
12.8167			-0.0756839
12.85			-0.0756492
12.8833			-0.0756148
12.9167			-0.0755805
12.95			-0.0755464
12.9833			-0.0755125
13.0167			-0.0754787
13.05			-0.0754451
13.0833			-0.0754118
13.1167			-0.0753785
13.15			-0.0753455
13.1833			-0.0753126
13.2167			-0.0752799
13.25			-0.0752473
13.2833			-0.0752149
13.3167			-0.0751827
13.35			-0.0751506
13.3833			-0.0751187
13.4167			-0.075087
13.45			-0.0750554
13.4833			-0.075024
13.5167			-0.0749927
13.55			-0.0749616
13.5833			-0.0749307
13.6167			-0.0748999
13.65			-0.0748692
13.6833			-0.0748387
13.7167			-0.0748084
13.75			-0.0747782
13.7833			-0.0747481
13.8167			-0.0747182
13.85			-0.0746885
13.8833			-0.0746589
13.9167			-0.0746294
13.95			-0.0746001
13.9833			-0.0745709
14.0167			-0.0745418
14.05			-0.0745129
14.0833			-0.0744841
14.1167			-0.0744555
14.15			-0.074427
14.1833			-0.0743987
14.2167			-0.0743704
14.25			-0.0743423
14.2833			-0.0743144
14.3167			-0.0742866
14.35			-0.0742589
14.3833			-0.0742313
14.4167			-0.0742038
14.45			-0.0741765
14.4833			-0.0741494
14.5167			-0.0741223
14.55			-0.0740954
14.5833			-0.0740686
14.6167			-0.0740419
14.65			-0.0740153
14.6833			-0.0739889
14.7167			-0.0739626
14.75			-0.0739364
14.7833			-0.0739103
14.8167			-0.0738843
14.85			-0.0738585
14.8833			-0.0738327
14.9167			-0.0738071
14.95			-0.0737816
14.9833			-0.0737563
15.0167			-0.073731
15.05			-0.0737058
15.0833			-0.0736808
15.1167			-0.0736559
15.15			-0.0736311
15.1833			-0.0736064
15.2167			-0.0735818
15.25			-0.0735573
15.2833			-0.0735329
15.3167			-0.0735086
15.35			-0.0734844
15.3833			-0.0734604
15.4167			-0.0734364
15.45			-0.0734126
15.4833			-0.0733888
15.5167			-0.0733652
15.55			-0.0733416
15.5833			-0.0733182
15.6167			-0.0732948
15.65			-0.0732716
15.6833			-0.0732485
15.7167			-0.0732254
15.75			-0.0732025
15.7833			-0.0731796
15.8167			-0.0731569
15.85			-0.0731342
15.8833			-0.0731117
15.9167			-0.0730892
15.95			-0.0730669
15.9833			-0.0730446
16.0167			-0.0730224
16.05			-0.0730003
16.0833			-0.0729783
16.1167			-0.0729564
16.15			-0.0729346
16.1833			-0.0729129
16.2167			-0.0728913
16.25			-0.0728697
16.2833			-0.0728483
16.3167			-0.0728269
16.35			-0.0728057
16.3833			-0.0727845
16.4167			-0.0727634
16.45			-0.0727424
16.4833			-0.0727214
16.5167			-0.0727006
16.55			-0.0726798
16.5833			-0.0726592
16.6167			-0.0726386
16.65			-0.0726181
16.6833			-0.0725977
16.7167			-0.0725773
16.75			-0.0725571
16.7833			-0.0725369
16.8167			-0.0725168
16.85			-0.0724968
16.8833			-0.0724768
16.9167			-0.072457
16.95			-0.0724372
16.9833			-0.0724175
17.0167			-0.0723979
17.05			-0.0723783
17.0833			-0.0723589
17.1167			-0.0723395
17.15			-0.0723202
17.1833			-0.0723009
17.2167			-0.0722818
17.25			-0.0722627
17.2833			-0.0722437
17.3167			-0.0722247
17.35			-0.0722059
17.3833			-0.0721871
17.4167			-0.0721683
17.45			-0.0721497
17.4833			-0.0721311
17.5167			-0.0721126
17.55			-0.0720942
17.5833			-0.0720758
17.6167			-0.0720575
17.65			-0.0720393
17.6833			-0.0720211
17.7167			-0.072003
17.75			-0.071985
17.7833			-0.0719671
17.8167			-0.0719492
17.85			-0.0719314
17.8833			-0.0719136
17.9167			-0.0718959
17.95			-0.0718783
17.9833			-0.0718608
18.0167			-0.0718433
18.05			-0.0718259
18.0833			-0.0718085
18.1167			-0.0717912
18.15			-0.071774
18.1833			-0.0717569
18.2167			-0.0717398
18.25			-0.0717227
18.2833			-0.0717058
18.3167			-0.0716888
18.35			-0.071672
18.3833			-0.0716552
18.4167			-0.0716385
18.45			-0.0716218
18.4833			-0.0716052
18.5167			-0.0715887
18.55			-0.0715722
18.5833			-0.0715558
18.6167			-0.0715394
18.65			-0.0715231
18.6833			-0.0715068
18.7167			-0.0714907
18.75			-0.0714745
18.7833			-0.0714585
18.8167			-0.0714424
18.85			-0.0714265
18.8833			-0.0714106
18.9167			-0.0713947
18.95			-0.071379
18.9833			-0.0713632
19.0167			-0.0713475
19.05			-0.0713319
19.0833			-0.0713164
19.1167			-0.0713008
19.15			-0.0712854
19.1833			-0.07127
19.2167			-0.0712546
19.25			-0.0712393
19.2833			-0.0712241
19.3167			-0.0712089
19.35			-0.0711938
19.3833			-0.0711787
19.4167			-0.0711637
19.45			-0.0711487
19.4833			-0.0711338
19.5167			-0.0711189
19.55			-0.0711041
19.5833			-0.0710893
19.6167			-0.0710746
19.65			-0.0710599
19.6833			-0.0710453
19.7167			-0.0710307
19.75			-0.0710162
19.7833			-0.0710017
19.8167			-0.0709873
19.85			-0.0709729
19.8833			-0.0709586
19.9167			-0.0709443
19.95			-0.07093
19.9833			-0.0709159
20.0167			-0.0709017
20.05			-0.0708876
20.0833			-0.0708736
20.1167			-0.0708596
20.15			-0.0708457
20.1833			-0.0708318
20.2167			-0.0708179
20.25			-0.0708041
20.2833			-0.0707903
20.3167			-0.0707766
20.35			-0.0707629
20.3833			-0.0707493
20.4167			-0.0707357
20.45			-0.0707222
20.4833			-0.0707087
20.5167			-0.0706952
20.55			-0.0706818
20.5833			-0.0706685
20.6167			-0.0706552
20.65			-0.0706419
20.6833			-0.0706287
20.7167			-0.0706155
20.75			-0.0706023
20.7833			-0.0705892
20.8167			-0.0705762
20.85			-0.0705631
20.8833			-0.0705502
20.9167			-0.0705372
20.95			-0.0705243
20.9833			-0.0705115
21.0167			-0.0704987
21.05			-0.0704859
21.0833			-0.0704732
21.1167			-0.0704605
21.15			-0.0704478
21.1833			-0.0704352
21.2167			-0.0704226
21.25			-0.0704101
21.2833			-0.0703976
21.3167			-0.0703852
21.35			-0.0703728
21.3833			-0.0703604
21.4167			-0.0703481
21.45			-0.0703358
21.4833			-0.0703235
21.5167			-0.0703113
21.55			-0.0702991
21.5833			-0.070287
21.6167			-0.0702749
21.65			-0.0702628
21.6833			-0.0702508
21.7167			-0.0702388
21.75			-0.0702268
21.7833			-0.0702149
21.8167			-0.070203
21.85			-0.0701912
21.8833			-0.0701794
21.9167			-0.0701676
21.95			-0.0701559
21.9833			-0.0701442
22.0167			-0.0701325
22.05			-0.0701209
22.0833			-0.0701093
22.1167			-0.0700977
22.15			-0.0700862
22.1833			-0.0700747
22.2167			-0.0700632
22.25			-0.0700518
22.2833			-0.0700404
22.3167			-0.0700291
22.35			-0.0700178
22.3833			-0.0700065
22.4167			-0.0699952
22.45			-0.069984
22.4833			-0.0699728
22.5167			-0.0699617
22.55			-0.0699506
22.5833			-0.0699395
22.6167			-0.0699284
22.65			-0.0699174
22.6833			-0.0699064
22.7167			-0.0698955
22.75			-0.0698846
22.7833			-0.0698737
22.8167			-0.0698628
22.85			-0.069852
22.8833			-0.0698412
22.9167			-0.0698305
22.95			-0.0698197
22.9833			-0.069809
23.0167			-0.0697984
23.05			-0.0697877
23.0833			-0.0697771
23.1167			-0.0697666
23.15			-0.069756
23.1833			-0.0697455
23.2167			-0.069735
23.25			-0.0697246
23.2833			-0.0697142
23.3167			-0.0697038
23.35			-0.0696934
23.3833			-0.0696831
23.4167			-0.0696728
23.45			-0.0696625
23.4833			-0.0696523
23.5167			-0.069642
23.55			-0.0696319
23.5833			-0.0696217
23.6167			-0.0696116
23.65			-0.0696015
23.6833			-0.0695914
23.7167			-0.0695814
23.75			-0.0695714
23.7833			-0.0695614
23.8167			-0.0695514
23.85			-0.0695415
23.8833			-0.0695316
23.9167			-0.0695217
23.95			-0.0695119
23.9833			-0.0695021
24.0167			-0.0694923
24.05			-0.0694825
24.0833			-0.0694728
24.1167			-0.0694631
24.15			-0.0694534
24.1833			-0.0694437
24.2167			-0.0694341
24.25			-0.0694245
24.2833			-0.0694149
24.3167			-0.0694054
24.35			-0.0693959
24.3833			-0.0693864
24.4167			-0.0693769
24.45			-0.0693675
24.4833			-0.069358
24.5167			-0.0693486
24.55			-0.0693393
24.5833			-0.0693299
24.6167			-0.0693206
24.65			-0.0693113
24.6833			-0.0693021
24.7167			-0.0692928
24.75			-0.0692836
24.7833			-0.0692744
24.8167			-0.0692653
24.85			-0.0692561
24.8833			-0.069247
24.9167			-0.0692379
24.95			-0.0692289
24.9833			-0.0692198
25.0167			-0.0692108
25.05			-0.0692018
25.0833			-0.0691928
25.1167			-0.0691839
25.15			-0.069175
25.1833			-0.0691661
25.2167			-0.0691572
25.25			-0.0691484
25.2833			-0.0691395
25.3167			-0.0691307
25.35			-0.0691219
25.3833			-0.0691132
25.4167			-0.0691045
25.45			-0.0690957
25.4833			-0.0690871
25.5167			-0.0690784
25.55			-0.0690698
25.5833			-0.0690611
25.6167			-0.0690525
25.65			-0.069044
25.6833			-0.0690354
25.7167			-0.0690269
25.75			-0.0690184
25.7833			-0.0690099
25.8167			-0.0690014
25.85			-0.068993
25.8833			-0.0689846
25.9167			-0.0689762
25.95			-0.0689678
25.9833			-0.0689594
26.0167			-0.0689511
26.05			-0.0689428
26.0833			-0.0689345
26.1167			-0.0689262
26.15			-0.068918
26.1833			-0.0689098
26.2167			-0.0689016
26.25			-0.0688934
26.2833			-0.0688852
26.3167			-0.0688771
26.35			-0.068869
26.3833			-0.0688609
26.4167			-0.0688528
26.45			-0.0688447
26.4833			-0.0688367
26.5167			-0.0688287
26.55			-0.0688207
26.5833			-0.0688127
26.6167			-0.0688047
26.65			-0.0687968
26.6833			-0.0687889
26.7167			-0.068781
26.75			-0.0687731
26.7833			-0.0687652
26.8167			-0.0687574
26.85			-0.0687496
26.8833			-0.0687418
26.9167			-0.068734
26.95			-0.0687262
26.9833			-0.0687185
27.0167			-0.0687108
27.05			-0.0687031
27.0833			-0.0686954
27.1167			-0.0686877
27.15			-0.0686801
27.1833			-0.0686724
27.2167			-0.0686648
27.25			-0.0686572
27.2833			-0.0686497
27.3167			-0.0686421
27.35			-0.0686346
27.3833			-0.0686271
27.4167			-0.0686196
27.45			-0.0686121
27.4833			-0.0686046
27.5167			-0.0685972
27.55			-0.0685898
27.5833			-0.0685824
27.6167			-0.068575
27.65			-0.0685676
27.6833			-0.0685602
27.7167			-0.0685529
27.75			-0.0685456
27.7833			-0.0685383
27.8167			-0.068531
27.85			-0.0685237
27.8833			-0.0685165
27.9167			-0.0685093
27.95			-0.0685021
27.9833			-0.0684949
28.0167			-0.0684877
28.05			-0.0684805
28.0833			-0.0684734
28.1167			-0.0684663
28.15			-0.0684591
28.1833			-0.0684521
28.2167			-0.068445
28.25			-0.0684379
28.2833			-0.0684309
28.3167			-0.0684239
28.35			-0.0684168
28.3833			-0.0684099
28.4167			-0.0684029
28.45			-0.0683959
28.4833			-0.068389
28.5167			-0.068382
28.55			-0.0683751
28.5833			-0.0683682
28.6167			-0.0683614
28.65			-0.0683545
28.6833			-0.0683477
28.7167			-0.0683408
28.75			-0.068334
28.7833			-0.0683272
28.8167			-0.0683204
28.85			-0.0683137
28.8833			-0.0683069
28.9167			-0.0683002
28.95			-0.0682935
28.9833			-0.0682868
29.0167			-0.0682801
29.05			-0.0682734
29.0833			-0.0682667
29.1167			-0.0682601
29.15			-0.0682535
29.1833			-0.0682469
29.2167			-0.0682403
29.25			-0.0682337
29.2833			-0.0682271
29.3167			-0.0682206
29.35			-0.068214
29.3833			-0.0682075
29.4167			-0.068201
29.45			-0.0681945
29.4833			-0.068188
29.5167			-0.0681816
29.55			-0.0681751
29.5833			-0.0681687
29.6167			-0.0681623
29.65			-0.0681559
29.6833			-0.0681495
29.7167			-0.0681431
29.75			-0.0681367
29.7833			-0.0681304
29.8167			-0.0681241
29.85			-0.0681177
29.8833			-0.0681114
29.9167			-0.0681052
29.95			-0.0680989
29.9833			-0.0680926
30.0167			-0.0680864
30.05			-0.0680801
30.0833			-0.0680739
30.1167			-0.0680677
30.15			-0.0680615
30.1833			-0.0680553
30.2167			-0.0680492
30.25			-0.068043
30.2833			-0.0680369
30.3167			-0.0680308
30.35			-0.0680247
30.3833			-0.0680186
30.4167			-0.0680125
30.45			-0.0680064
30.4833			-0.0680004
30.5167			-0.0679943
30.55			-0.0679883
30.5833			-0.0679823
30.6167			-0.0679763
30.65			-0.0679703
30.6833			-0.0679643
30.7167			-0.0679583
30.75			-0.0679524
30.7833			-0.0679464
30.8167			-0.0679405
30.85			-0.0679346
30.8833			-0.0679287
30.9167			-0.0679228
30.95			-0.0679169
30.9833			-0.0679111
31.0167			-0.0679052
31.05			-0.0678994
31.0833			-0.0678936
31.1167			-0.0678878
31.15			-0.067882
31.1833			-0.0678762
31.2167			-0.0678704
31.25			-0.0678646
31.2833			-0.0678589
31.3167			-0.0678532
31.35			-0.0678474
31.3833			-0.0678417
31.4167			-0.067836
31.45			-0.0678303
31.4833			-0.0678247
31.5167			-0.067819
31.55			-0.0678133
31.5833			-0.0678077
31.6167			-0.0678021
31.65			-0.0677965
31.6833			-0.0677909
31.7167			-0.0677853
31.75			-0.0677797
31.7833			-0.0677741
31.8167			-0.0677686
31.85			-0.067763
31.8833			-0.0677575
31.9167			-0.067752
31.95			-0.0677464
31.9833			-0.0677409
32.0167			-0.0677355
32.05			-0.06773
32.0833			-0.0677245
32.1167			-0.0677191
32.15			-0.0677136
32.1833			-0.0677082
32.2167			-0.0677028
32.25			-0.0676974
32.2833			-0.067692
32.3167			-0.0676866
32.35			-0.0676812
32.3833			-0.0676759
32.4167			-0.0676705
32.45			-0.0676652
32.4833			-0.0676598
32.5167			-0.0676545
32.55			-0.0676492
32.5833			-0.0676439
32.6167			-0.0676386
32.65			-0.0676334
32.6833			-0.0676281
32.7167			-0.0676228
32.75			-0.0676176
32.7833			-0.0676124
32.8167			-0.0676071
32.85			-0.0676019
32.8833			-0.0675967
32.9167			-0.0675915
32.95			-0.0675864
32.9833			-0.0675812
33.0167			-0.067576
33.05			-0.0675709
33.0833			-0.0675658
33.1167			-0.0675606
33.15			-0.0675555
33.1833			-0.0675504
33.2167			-0.0675453
33.25			-0.0675402
33.2833			-0.0675351
33.3167			-0.0675301
33.35			-0.067525
33.3833			-0.06752
33.4167			-0.0675149
33.45			-0.0675099
33.4833			-0.0675049
33.5167			-0.0674999
33.55			-0.0674949
33.5833			-0.0674899
33.6167			-0.067485
33.65			-0.06748
33.6833			-0.067475
33.7167			-0.0674701
33.75			-0.0674652
33.7833			-0.0674602
33.8167			-0.0674553
33.85			-0.0674504
33.8833			-0.0674455
33.9167			-0.0674406
33.95			-0.0674358
33.9833			-0.0674309
34.0167			-0.067426
34.05			-0.0674212
34.0833			-0.0674163
34.1167			-0.0674115
34.15			-0.0674067
34.1833			-0.0674019
34.2167			-0.0673971
34.25			-0.0673923
34.2833			-0.0673875
34.3167			-0.0673827
34.35			-0.067378
34.3833			-0.0673732
34.4167			-0.0673685
34.45			-0.0673637
34.4833			-0.067359
34.5167			-0.0673543
34.55			-0.0673496
34.5833			-0.0673449
34.6167			-0.0673402
34.65			-0.0673355
34.6833			-0.0673309
34.7167			-0.0673262
34.75			-0.0673215
34.7833			-0.0673169
34.8167			-0.0673123
34.85			-0.0673076
34.8833			-0.067303
34.9167			-0.0672984
34.95			-0.0672938
34.9833			-0.0672892
35.0167			-0.0672846
35.05			-0.0672801
35.0833			-0.0672755
35.1167			-0.0672709
35.15			-0.0672664
35.1833			-0.0672619
35.2167			-0.0672573
35.25			-0.0672528
35.2833			-0.0672483
35.3167			-0.0672438
35.35			-0.0672393
35.3833			-0.0672348
35.4167			-0.0672303
35.45			-0.0672258
35.4833			-0.0672214
35.5167			-0.0672169
35.55			-0.0672125
35.5833			-0.0672081
35.6167			-0.0672036
35.65			-0.0671992
35.6833			-0.0671948
35.7167			-0.0671904
35.75			-0.067186
35.7833			-0.0671816
35.8167			-0.0671772
35.85			-0.0671729
35.8833			-0.0671685
35.9167			-0.0671641
35.95			-0.0671598
35.9833			-0.0671555
36.0167			-0.0671511
36.05			-0.0671468
36.0833			-0.0671425
36.1167			-0.0671382
36.15			-0.0671339
36.1833			-0.0671296
36.2167			-0.0671253
36.25			-0.067121
36.2833			-0.0671168
36.3167			-0.0671125
36.35			-0.0671083
36.3833			-0.067104
36.4167			-0.0670998
36.45			-0.0670956
36.4833			-0.0670913
36.5167			-0.0670871
36.55			-0.0670829
36.5833			-0.0670787
36.6167			-0.0670745
36.65			-0.0670704
36.6833			-0.0670662
36.7167			-0.067062
36.75			-0.0670579
36.7833			-0.0670537
36.8167			-0.0670496
36.85			-0.0670454
36.8833			-0.0670413
36.9167			-0.0670372
36.95			-0.0670331
36.9833			-0.067029
37.0167			-0.0670249
37.05			-0.0670208
37.0833			-0.0670167
37.1167			-0.0670126
37.15			-0.0670085
37.1833			-0.0670045
37.2167			-0.0670004
37.25			-0.0669964
37.2833			-0.0669923
37.3167			-0.0669883
37.35			-0.0669843
37.3833			-0.0669803
37.4167			-0.0669763
37.45			-0.0669723
37.4833			-0.0669683
37.5167			-0.0669643
37.55			-0.0669603
37.5833			-0.0669563
37.6167			-0.0669523
37.65			-0.0669484
37.6833			-0.0669444
37.7167			-0.0669405
37.75			-0.0669365
37.7833			-0.0669326
37.8167			-0.0669287
37.85			-0.0669248
37.8833			-0.0669209
37.9167			-0.066917
37.95			-0.0669131
37.9833			-0.0669092
38.0167			-0.0669053
38.05			-0.0669014
38.0833			-0.0668975
38.1167			-0.0668937
38.15			-0.0668898
38.1833			-0.066886
38.2167			-0.0668821
38.25			-0.0668783
38.2833			-0.0668745
38.3167			-0.0668706
38.35			-0.0668668
38.3833			-0.066863
38.4167			-0.0668592
38.45			-0.0668554
38.4833			-0.0668516
38.5167			-0.0668478
38.55			-0.066844
38.5833			-0.0668403
38.6167			-0.0668365
38.65			-0.0668328
38.6833			-0.066829
38.7167			-0.0668253
38.75			-0.0668215
38.7833			-0.0668178
38.8167			-0.0668141
38.85			-0.0668103
38.8833			-0.0668066
38.9167			-0.0668029
38.95			-0.0667992
38.9833			-0.0667955
39.0167			-0.0667919
39.05			-0.0667882
39.0833			-0.0667845
39.1167			-0.0667808
39.15			-0.0667772
39.1833			-0.0667735
39.2167			-0.0667699
39.25			-0.0667662
39.2833			-0.0667626
39.3167			-0.066759
39.35			-0.0667553
39.3833			-0.0667517
39.4167			-0.0667481
39.45			-0.0667445
39.4833			-0.0667409
39.5167			-0.0667373
39.55			-0.0667337
39.5833			-0.0667301
39.6167			-0.0667266
39.65			-0.066723
39.6833			-0.0667194
39.7167			-0.0667159
39.75			-0.0667123
39.7833			-0.0667088
39.8167			-0.0667052
39.85			-0.0667017
39.8833			-0.0666982
39.9167			-0.0666946
39.95			-0.0666911
39.9833			-0.0666876
40.0167			-0.0666841
40.05			-0.0666806
40.0833			-0.0666771
40.1167			-0.0666736
40.15			-0.0666702
40.1833			-0.0666667
40.2167			-0.0666632
40.25			-0.0666598
40.2833			-0.0666563
40.3167			-0.0666528
40.35			-0.0666494
40.3833			-0.066646
40.4167			-0.0666425
40.45			-0.0666391
40.4833			-0.0666357
40.5167			-0.0666323
40.55			-0.0666288
40.5833			-0.0666254
40.6167			-0.066622
40.65			-0.0666186
40.6833			-0.0666152
40.7167			-0.0666119
40.75			-0.0666085
40.7833			-0.0666051
40.8167			-0.0666017
40.85			-0.0665984
40.8833			-0.066595
40.9167			-0.0665917
40.95			-0.0665883
40.9833			-0.066585
41.0167			-0.0665817
41.05			-0.0665783
41.0833			-0.066575
41.1167			-0.0665717
41.15			-0.0665684
41.1833			-0.0665651
41.2167			-0.0665618
41.25			-0.0665585
41.2833			-0.0665552
41.3167			-0.0665519
41.35			-0.0665486
41.3833			-0.0665453
41.4167			-0.0665421
41.45			-0.0665388
41.4833			-0.0665355
41.5167			-0.0665323
41.55			-0.066529
41.5833			-0.0665258
41.6167			-0.0665226
41.65			-0.0665193
41.6833			-0.0665161
41.7167			-0.0665129
41.75			-0.0665097
41.7833			-0.0665064
41.8167			-0.0665032
41.85			-0.0665
41.8833			-0.0664968
41.9167			-0.0664936
41.95			-0.0664905
41.9833			-0.0664873
42.0167			-0.0664841
42.05			-0.0664809
42.0833			-0.0664778
42.1167			-0.0664746
42.15			-0.0664714
42.1833			-0.0664683
42.2167			-0.0664651
42.25			-0.066462
42.2833			-0.0664589
42.3167			-0.0664557
42.35			-0.0664526
42.3833			-0.0664495
42.4167			-0.0664464
42.45			-0.0664433
42.4833			-0.0664401
42.5167			-0.066437
42.55			-0.0664339
42.5833			-0.0664309
42.6167			-0.0664278
42.65			-0.0664247
42.6833			-0.0664216
42.7167			-0.0664185
42.75			-0.0664155
42.7833			-0.0664124
42.8167			-0.0664093
42.85			-0.0664063
42.8833			-0.0664032
42.9167			-0.0664002
42.95			-0.0663972
42.9833			-0.0663941
43.0167			-0.0663911
43.05			-0.0663881
43.0833			-0.066385
43.1167			-0.066382
43.15			-0.066379
43.1833			-0.066376
43.2167			-0.066373
43.25			-0.06637
43.2833			-0.066367
43.3167			-0.066364
43.35			-0.066361
43.3833			-0.0663581
43.4167			-0.0663551
43.45			-0.0663521
43.4833			-0.0663492
43.5167			-0.0663462
43.55			-0.0663432
43.5833			-0.0663403
43.6167			-0.0663373
43.65			-0.0663344
43.6833			-0.0663315
43.7167			-0.0663285
43.75			-0.0663256
43.7833			-0.0663227
43.8167			-0.0663198
43.85			-0.0663168
43.8833			-0.0663139
43.9167			-0.066311
43.95			-0.0663081
43.9833			-0.0663052
44.0167			-0.0663023
44.05			-0.0662994
44.0833			-0.0662966
44.1167			-0.0662937
44.15			-0.0662908
44.1833			-0.0662879
44.2167			-0.0662851
44.25			-0.0662822
44.2833			-0.0662793
44.3167			-0.0662765
44.35			-0.0662736
44.3833			-0.0662708
44.4167			-0.0662679
44.45			-0.0662651
44.4833			-0.0662623
44.5167			-0.0662594
44.55			-0.0662566
44.5833			-0.0662538
44.6167			-0.066251
44.65			-0.0662482
44.6833			-0.0662454
44.7167			-0.0662426
44.75			-0.0662398
44.7833			-0.066237
44.8167			-0.0662342
44.85			-0.0662314
44.8833			-0.0662286
44.9167			-0.0662258
44.95			-0.0662231
44.9833			-0.0662203
45.0167			-0.0662175
45.05			-0.0662148
45.0833			-0.066212
45.1167			-0.0662092
45.15			-0.0662065
45.1833			-0.0662038
45.2167			-0.066201
45.25			-0.0661983
45.2833			-0.0661955
45.3167			-0.0661928
45.35			-0.0661901
45.3833			-0.0661874
45.4167			-0.0661847
45.45			-0.0661819
45.4833			-0.0661792
45.5167			-0.0661765
45.55			-0.0661738
45.5833			-0.0661711
45.6167			-0.0661684
45.65			-0.0661657
45.6833			-0.0661631
45.7167			-0.0661604
45.75			-0.0661577
45.7833			-0.066155
45.8167			-0.0661524
45.85			-0.0661497
45.8833			-0.066147
45.9167			-0.0661444
45.95			-0.0661417
45.9833			-0.0661391
46.0167			-0.0661364
46.05			-0.0661338
46.0833			-0.0661311
46.1167			-0.0661285
46.15			-0.0661259
46.1833			-0.0661232
46.2167			-0.0661206
46.25			-0.066118
46.2833			-0.0661154
46.3167			-0.0661128
46.35			-0.0661102
46.3833			-0.0661076
46.4167			-0.066105
46.45			-0.0661024
46.4833			-0.0660998
46.5167			-0.0660972
46.55			-0.0660946
46.5833			-0.066092
46.6167			-0.0660894
46.65			-0.0660869
46.6833			-0.0660843
46.7167			-0.0660817
46.75			-0.0660792
46.7833			-0.0660766
46.8167			-0.066074
46.85			-0.0660715
46.8833			-0.0660689
46.9167			-0.0660664
46.95			-0.0660638
46.9833			-0.0660613
47.0167			-0.0660588
47.05			-0.0660562
47.0833			-0.0660537
47.1167			-0.0660512
47.15			-0.0660487
47.1833			-0.0660462
47.2167			-0.0660436
47.25			-0.0660411
47.2833			-0.0660386
47.3167			-0.0660361
47.35			-0.0660336
47.3833			-0.0660311
47.4167			-0.0660286
47.45			-0.0660262
47.4833			-0.0660237
47.5167			-0.0660212
47.55			-0.0660187
47.5833			-0.0660162
47.6167			-0.0660138
47.65			-0.0660113
47.6833			-0.0660088
47.7167			-0.0660064
47.75			-0.0660039
47.7833			-0.0660015
47.8167			-0.065999
47.85			-0.0659966
47.8833			-0.0659941
47.9167			-0.0659917
47.95			-0.0659892
47.9833			-0.0659868
48.0167			-0.0659844
48.05			-0.065982
48.0833			-0.0659795
48.1167			-0.0659771
48.15			-0.0659747
48.1833			-0.0659723
48.2167			-0.0659699
48.25			-0.0659675
48.2833			-0.0659651
48.3167			-0.0659627
48.35			-0.0659603
48.3833			-0.0659579
48.4167			-0.0659555
48.45			-0.0659531
48.4833			-0.0659507
48.5167			-0.0659483
48.55			-0.065946
48.5833			-0.0659436
48.6167			-0.0659412
48.65			-0.0659389
48.6833			-0.0659365
48.7167			-0.0659341
48.75			-0.0659318
48.7833			-0.0659294
48.8167			-0.0659271
48.85			-0.0659247
48.8833			-0.0659224
48.9167			-0.06592
48.95			-0.0659177
48.9833			-0.0659154
49.0167			-0.065913
49.05			-0.0659107
49.0833			-0.0659084
49.1167			-0.0659061
49.15			-0.0659037
49.1833			-0.0659014
49.2167			-0.0658991
49.25			-0.0658968
49.2833			-0.0658945
49.3167			-0.0658922
49.35			-0.0658899
49.3833			-0.0658876
49.4167			-0.0658853
49.45			-0.065883
49.4833			-0.0658807
49.5167			-0.0658784
49.55			-0.0658762
49.5833			-0.0658739
49.6167			-0.0658716
49.65			-0.0658693
49.6833			-0.0658671
49.7167			-0.0658648
49.75			-0.0658625
49.7833			-0.0658603
49.8167			-0.065858
49.85			-0.0658558
49.8833			-0.0658535
49.9167			-0.0658513
49.95			-0.065849
49.9833			-0.0658468
50.0167			-0.0658445
50.05			-0.0658423
50.0833			-0.0658401
50.1167			-0.0658378
50.15			-0.0658356
50.1833			-0.0658334
50.2167			-0.0658312
50.25			-0.065829
50.2833			-0.0658267
50.3167			-0.0658245
50.35			-0.0658223
50.3833			-0.0658201
50.4167			-0.0658179
50.45			-0.0658157
50.4833			-0.0658135
50.5167			-0.0658113
50.55			-0.0658091
50.5833			-0.0658069
50.6167			-0.0658048
50.65			-0.0658026
50.6833			-0.0658004
50.7167			-0.0657982
50.75			-0.065796
50.7833			-0.0657939
50.8167			-0.0657917
50.85			-0.0657895
50.8833			-0.0657874
50.9167			-0.0657852
50.95			-0.0657831
50.9833			-0.0657809
51.0167			-0.0657788
51.05			-0.0657766
51.0833			-0.0657745
51.1167			-0.0657723
51.15			-0.0657702
51.1833			-0.065768
51.2167			-0.0657659
51.25			-0.0657638
51.2833			-0.0657616
51.3167			-0.0657595
51.35			-0.0657574
51.3833			-0.0657553
51.4167			-0.0657532
51.45			-0.065751
51.4833			-0.0657489
51.5167			-0.0657468
51.55			-0.0657447
51.5833			-0.0657426
51.6167			-0.0657405
51.65			-0.0657384
51.6833			-0.0657363
51.7167			-0.0657342
51.75			-0.0657321
51.7833			-0.06573
51.8167			-0.065728
51.85			-0.0657259
51.8833			-0.0657238
51.9167			-0.0657217
51.95			-0.0657196
51.9833			-0.0657176
52.0167			-0.0657155
52.05			-0.0657134
52.0833			-0.0657114
52.1167			-0.0657093
52.15			-0.0657073
52.1833			-0.0657052
52.2167			-0.0657031
52.25			-0.0657011
52.2833			-0.065699
52.3167			-0.065697
52.35			-0.065695
52.3833			-0.0656929
52.4167			-0.0656909
52.45			-0.0656888
52.4833			-0.0656868
52.5167			-0.0656848
52.55			-0.0656828
52.5833			-0.0656807
52.6167			-0.0656787
52.65			-0.0656767
52.6833			-0.0656747
52.7167			-0.0656727
52.75			-0.0656706
52.7833			-0.0656686
52.8167			-0.0656666
52.85			-0.0656646
52.8833			-0.0656626
52.9167			-0.0656606
52.95			-0.0656586
52.9833			-0.0656566
53.0167			-0.0656546
53.05			-0.0656527
53.0833			-0.0656507
53.1167			-0.0656487
53.15			-0.0656467
53.1833			-0.0656447
53.2167			-0.0656427
53.25			-0.0656408
53.2833			-0.0656388
53.3167			-0.0656368
53.35			-0.0656349
53.3833			-0.0656329
53.4167			-0.0656309
53.45			-0.065629
53.4833			-0.065627
53.5167			-0.0656251
53.55			-0.0656231
53.5833			-0.0656212
53.6167			-0.0656192
53.65			-0.0656173
53.6833			-0.0656153
53.7167			-0.0656134
53.75			-0.0656115
53.7833			-0.0656095
53.8167			-0.0656076
53.85			-0.0656057
53.8833			-0.0656037
53.9167			-0.0656018
53.95			-0.0655999
53.9833			-0.065598
54.0167			-0.065596
54.05			-0.0655941
54.0833			-0.0655922
54.1167			-0.0655903
54.15			-0.0655884
54.1833			-0.0655865
54.2167			-0.0655846
54.25			-0.0655827
54.2833			-0.0655808
54.3167			-0.0655789
54.35			-0.065577
54.3833			-0.0655751
54.4167			-0.0655732
54.45			-0.0655713
54.4833			-0.0655694
54.5167			-0.0655676
54.55			-0.0655657
54.5833			-0.0655638
54.6167			-0.0655619
54.65			-0.06556
54.6833			-0.0655582
54.7167			-0.0655563
54.75			-0.0655544
54.7833			-0.0655526
54.8167			-0.0655507
54.85			-0.0655488
54.8833			-0.065547
54.9167			-0.0655451
54.95			-0.0655433
54.9833			-0.0655414
55.0167			-0.0655396
55.05			-0.0655377
55.0833			-0.0655359
55.1167			-0.0655341
55.15			-0.0655322
55.1833			-0.0655304
55.2167			-0.0655285
55.25			-0.0655267
55.2833			-0.0655249
55.3167			-0.065523
55.35			-0.0655212
55.3833			-0.0655194
55.4167			-0.0655176
55.45			-0.0655158
55.4833			-0.0655139
55.5167			-0.0655121
55.55			-0.0655103
55.5833			-0.0655085
55.6167			-0.0655067
55.65			-0.0655049
55.6833			-0.0655031
55.7167			-0.0655013
55.75			-0.0654995
55.7833			-0.0654977
55.8167			-0.0654959
55.85			-0.0654941
55.8833			-0.0654923
55.9167			-0.0654905
55.95			-0.0654887
55.9833			-0.0654869
56.0167			-0.0654851
56.05			-0.0654834
56.0833			-0.0654816
56.1167			-0.0654798
56.15			-0.065478
56.1833			-0.0654763
56.2167			-0.0654745
56.25			-0.0654727
56.2833			-0.065471
56.3167			-0.0654692
56.35			-0.0654674
56.3833			-0.0654657
56.4167			-0.0654639
56.45			-0.0654622
56.4833			-0.0654604
56.5167			-0.0654586
56.55			-0.0654569
56.5833			-0.0654552
56.6167			-0.0654534
56.65			-0.0654517
56.6833			-0.0654499
56.7167			-0.0654482
56.75			-0.0654464
56.7833			-0.0654447
56.8167			-0.065443
56.85			-0.0654412
56.8833			-0.0654395
56.9167			-0.0654378
56.95			-0.0654361
56.9833			-0.0654343
57.0167			-0.0654326
57.05			-0.0654309
57.0833			-0.0654292
57.1167			-0.0654275
57.15			-0.0654258
57.1833			-0.065424
57.2167			-0.0654223
57.25			-0.0654206
57.2833			-0.0654189
57.3167			-0.0654172
57.35			-0.0654155
57.3833			-0.0654138
57.4167			-0.0654121
57.45			-0.0654104
57.4833			-0.0654087
57.5167			-0.065407
57.55			-0.0654054
57.5833			-0.0654037
57.6167			-0.065402
57.65			-0.0654003
57.6833			-0.0653986
57.7167			-0.0653969
57.75			-0.0653953
57.7833			-0.0653936
57.8167			-0.0653919
57.85			-0.0653902
57.8833			-0.0653886
57.9167			-0.0653869
57.95			-0.0653852
57.9833			-0.0653836
58.0167			-0.0653819
58.05			-0.0653803
58.0833			-0.0653786
58.1167			-0.0653769
58.15			-0.0653753
58.1833			-0.0653736
58.2167			-0.065372
58.25			-0.0653703
58.2833			-0.0653687
58.3167			-0.065367
58.35			-0.0653654
58.3833			-0.0653638
58.4167			-0.0653621
58.45			-0.0653605
58.4833			-0.0653588
58.5167			-0.0653572
58.55			-0.0653556
58.5833			-0.065354
58.6167			-0.0653523
58.65			-0.0653507
58.6833			-0.0653491
58.7167			-0.0653475
58.75			-0.0653458
58.7833			-0.0653442
58.8167			-0.0653426
58.85			-0.065341
58.8833			-0.0653394
58.9167			-0.0653378
58.95			-0.0653361
58.9833			-0.0653345
59.0167			-0.0653329
59.05			-0.0653313
59.0833			-0.0653297
59.1167			-0.0653281
59.15			-0.0653265
59.1833			-0.0653249
59.2167			-0.0653233
59.25			-0.0653217
59.2833			-0.0653201
59.3167			-0.0653186
59.35			-0.065317
59.3833			-0.0653154
59.4167			-0.0653138
59.45			-0.0653122
59.4833			-0.0653106
59.5167			-0.0653091
59.55			-0.0653075
59.5833			-0.0653059
59.6167			-0.0653043
59.65			-0.0653028
59.6833			-0.0653012
59.7167			-0.0652996
59.75			-0.0652981
59.7833			-0.0652965
59.8167			-0.0652949
59.85			-0.0652934
59.8833			-0.0652918
59.9167			-0.0652902
59.95			-0.0652887
59.9833			-0.0652871
60.0167			-0.0652856
60.05			-0.065284
60.0833			-0.0652825
60.1167			-0.0652809
60.15			-0.0652794
60.1833			-0.0652778
60.2167			-0.0652763
60.25			-0.0652748
60.2833			-0.0652732
60.3167			-0.0652717
60.35			-0.0652702
60.3833			-0.0652686
60.4167			-0.0652671
60.45			-0.0652656
60.4833			-0.065264
60.5167			-0.0652625
60.55			-0.065261
60.5833			-0.0652595
60.6167			-0.0652579
60.65			-0.0652564
60.6833			-0.0652549
60.7167			-0.0652534
60.75			-0.0652519
60.7833			-0.0652503
60.8167			-0.0652488
60.85			-0.0652473
60.8833			-0.0652458
60.9167			-0.0652443
60.95			-0.0652428
60.9833			-0.0652413
61.0167			-0.0652398
61.05			-0.0652383
61.0833			-0.0652368
61.1167			-0.0652353
61.15			-0.0652338
61.1833			-0.0652323
61.2167			-0.0652308
61.25			-0.0652293
61.2833			-0.0652278
61.3167			-0.0652264
61.35			-0.0652249
61.3833			-0.0652234
61.4167			-0.0652219
61.45			-0.0652204
61.4833			-0.0652189
61.5167			-0.0652175
61.55			-0.065216
61.5833			-0.0652145
61.6167			-0.065213
61.65			-0.0652116
61.6833			-0.0652101
61.7167			-0.0652086
61.75			-0.0652072
61.7833			-0.0652057
61.8167			-0.0652042
61.85			-0.0652028
61.8833			-0.0652013
61.9167			-0.0651999
61.95			-0.0651984
61.9833			-0.0651969
62.0167			-0.0651955
62.05			-0.065194
62.0833			-0.0651926
62.1167			-0.0651911
62.15			-0.0651897
62.1833			-0.0651882
62.2167			-0.0651868
62.25			-0.0651854
62.2833			-0.0651839
62.3167			-0.0651825
62.35			-0.065181
62.3833			-0.0651796
62.4167			-0.0651782
62.45			-0.0651767
62.4833			-0.0651753
62.5167			-0.0651739
62.55			-0.0651724
62.5833			-0.065171
62.6167			-0.0651696
62.65			-0.0651682
62.6833			-0.0651667
62.7167			-0.0651653
62.75			-0.0651639
62.7833			-0.0651625
62.8167			-0.0651611
62.85			-0.0651596
62.8833			-0.0651582
62.9167			-0.0651568
62.95			-0.0651554
62.9833			-0.065154
63.0167			-0.0651526
63.05			-0.0651512
63.0833			-0.0651498
63.1167			-0.0651484
63.15			-0.065147
63.1833			-0.0651456
63.2167			-0.0651442
63.25			-0.0651428
63.2833			-0.0651414
63.3167			-0.06514
63.35			-0.0651386
63.3833			-0.0651372
63.4167			-0.0651358
63.45			-0.0651344
63.4833			-0.065133
63.5167			-0.0651316
63.55			-0.0651303
63.5833			-0.0651289
63.6167			-0.0651275
63.65			-0.0651261
63.6833			-0.0651247
63.7167			-0.0651234
63.75			-0.065122
63.7833			-0.0651206
63.8167			-0.0651192
63.85			-0.0651179
63.8833			-0.0651165
63.9167			-0.0651151
63.95			-0.0651138
63.9833			-0.0651124
64.0167			-0.065111
64.05			-0.0651097
64.0833			-0.0651083
64.1167			-0.065107
64.15			-0.0651056
64.1833			-0.0651042
64.2167			-0.0651029
64.25			-0.0651015
64.2833			-0.0651002
64.3167			-0.0650988
64.35			-0.0650975
64.3833			-0.0650961
64.4167			-0.0650948
64.45			-0.0650934
64.4833			-0.0650921
64.5167			-0.0650907
64.55			-0.0650894
64.5833			-0.0650881
64.6167			-0.0650867
64.65			-0.0650854
64.6833			-0.065084
64.7167			-0.0650827
64.75			-0.0650814
64.7833			-0.06508
64.8167			-0.0650787
64.85			-0.0650774
64.8833			-0.0650761
64.9167			-0.0650747
64.95			-0.0650734
64.9833			-0.0650721
65.0167			-0.0650708
65.05			-0.0650694
65.0833			-0.0650681
65.1167			-0.0650668
65.15			-0.0650655
65.1833			-0.0650642
65.2167			-0.0650629
65.25			-0.0650615
65.2833			-0.0650602
65.3167			-0.0650589
65.35			-0.0650576
65.3833			-0.0650563
65.4167			-0.065055
65.45			-0.0650537
65.4833			-0.0650524
65.5167			-0.0650511
65.55			-0.0650498
65.5833			-0.0650485
65.6167			-0.0650472
65.65			-0.0650459
65.6833			-0.0650446
65.7167			-0.0650433
65.75			-0.065042
65.7833			-0.0650407
65.8167			-0.0650394
65.85			-0.0650381
65.8833			-0.0650369
65.9167			-0.0650356
65.95			-0.0650343
65.9833			-0.065033
66.0167			-0.0650317
66.05			-0.0650304
66.0833			-0.0650292
66.1167			-0.0650279
66.15			-0.0650266
66.1833			-0.0650253
66.2167			-0.065024
66.25			-0.0650228
66.2833			-0.0650215
66.3167			-0.0650202
66.35			-0.065019
66.3833			-0.0650177
66.4167			-0.0650164
66.45			-0.0650152
66.4833			-0.0650139
66.5167			-0.0650126
66.55			-0.0650114
66.5833			-0.0650101
66.6167			-0.0650088
66.65			-0.0650076
66.6833			-0.0650063
66.7167			-0.0650051
66.75			-0.0650038
66.7833			-0.0650026
66.8167			-0.0650013
66.85			-0.0650001
66.8833			-0.0649988
66.9167			-0.0649976
66.95			-0.0649963
66.9833			-0.0649951
67.0167			-0.0649938
67.05			-0.0649926
67.0833			-0.0649913
67.1167			-0.0649901
67.15			-0.0649889
67.1833			-0.0649876
67.2167			-0.0649864
67.25			-0.0649852
67.2833			-0.0649839
67.3167			-0.0649827
67.35			-0.0649815
67.3833			-0.0649802
67.4167			-0.064979
67.45			-0.0649778
67.4833			-0.0649765
67.5167			-0.0649753
67.55			-0.0649741
67.5833			-0.0649729
67.6167			-0.0649716
67.65			-0.0649704
67.6833			-0.0649692
67.7167			-0.064968
67.75			-0.0649668
67.7833			-0.0649655
67.8167			-0.0649643
67.85			-0.0649631
67.8833			-0.0649619
67.9167			-0.0649607
67.95			-0.0649595
67.9833			-0.0649583
68.0167			-0.0649571
68.05			-0.0649559
68.0833			-0.0649547
68.1167			-0.0649535
68.15			-0.0649522
68.1833			-0.064951
68.2167			-0.0649498
68.25			-0.0649486
68.2833			-0.0649474
68.3167			-0.0649462
68.35			-0.0649451
68.3833			-0.0649439
68.4167			-0.0649427
68.45			-0.0649415
68.4833			-0.0649403
68.5167			-0.0649391
68.55			-0.0649379
68.5833			-0.0649367
68.6167			-0.0649355
68.65			-0.0649343
68.6833			-0.0649332
68.7167			-0.064932
68.75			-0.0649308
68.7833			-0.0649296
68.8167			-0.0649284
68.85			-0.0649272
68.8833			-0.0649261
68.9167			-0.0649249
68.95			-0.0649237
68.9833			-0.0649225
69.0167			-0.0649214
69.05			-0.0649202
69.0833			-0.064919
69.1167			-0.0649179
69.15			-0.0649167
69.1833			-0.0649155
69.2167			-0.0649144
69.25			-0.0649132
69.2833			-0.064912
69.3167			-0.0649109
69.35			-0.0649097
69.3833			-0.0649085
69.4167			-0.0649074
69.45			-0.0649062
69.4833			-0.0649051
69.5167			-0.0649039
69.55			-0.0649028
69.5833			-0.0649016
69.6167			-0.0649004
69.65			-0.0648993
69.6833			-0.0648981
69.7167			-0.064897
69.75			-0.0648958
69.7833			-0.0648947
69.8167			-0.0648936
69.85			-0.0648924
69.8833			-0.0648913
69.9167			-0.0648901
69.95			-0.064889
69.9833			-0.0648878
70.0167			-0.0648867
70.05			-0.0648856
70.0833			-0.0648844
70.1167			-0.0648833
70.15			-0.0648822
70.1833			-0.064881
70.2167			-0.0648799
70.25			-0.0648788
70.2833			-0.0648776
70.3167			-0.0648765
70.35			-0.0648754
70.3833			-0.0648742
70.4167			-0.0648731
70.45			-0.064872
70.4833			-0.0648709
70.5167			-0.0648697
70.55			-0.0648686
70.5833			-0.0648675
70.6167			-0.0648664
70.65			-0.0648652
70.6833			-0.0648641
70.7167			-0.064863
70.75			-0.0648619
70.7833			-0.0648608
70.8167			-0.0648597
70.85			-0.0648586
70.8833			-0.0648574
70.9167			-0.0648563
70.95			-0.0648552
70.9833			-0.0648541
71.0167			-0.064853
71.05			-0.0648519
71.0833			-0.0648508
71.1167			-0.0648497
71.15			-0.0648486
71.1833			-0.0648475
71.2167			-0.0648464
71.25			-0.0648453
71.2833			-0.0648442
71.3167			-0.0648431
71.35			-0.064842
71.3833			-0.0648409
71.4167			-0.0648398
71.45			-0.0648387
71.4833			-0.0648376
71.5167			-0.0648365
71.55			-0.0648354
71.5833			-0.0648343
71.6167			-0.0648332
71.65			-0.0648322
71.6833			-0.0648311
71.7167			-0.06483
71.75			-0.0648289
71.7833			-0.0648278
71.8167			-0.0648267
71.85			-0.0648256
71.8833			-0.0648246
71.9167			-0.0648235
71.95			-0.0648224
71.9833			-0.0648213
72.0167			-0.0648202
72.05			-0.0648192
72.0833			-0.0648181
72.1167			-0.064817
72.15			-0.0648159
72.1833			-0.0648149
72.2167			-0.0648138
72.25			-0.0648127
72.2833			-0.0648117
72.3167			-0.0648106
72.35			-0.0648095
72.3833			-0.0648085
72.4167			-0.0648074
72.45			-0.0648063
72.4833			-0.0648053
72.5167			-0.0648042
72.55			-0.0648031
72.5833			-0.0648021
72.6167			-0.064801
72.65			-0.0648
72.6833			-0.0647989
72.7167			-0.0647979
72.75			-0.0647968
72.7833			-0.0647957
72.8167			-0.0647947
72.85			-0.0647936
72.8833			-0.0647926
72.9167			-0.0647915
72.95			-0.0647905
72.9833			-0.0647894
73.0167			-0.0647884
73.05			-0.0647873
73.0833			-0.0647863
73.1167			-0.0647853
73.15			-0.0647842
73.1833			-0.0647832
73.2167			-0.0647821
73.25			-0.0647811
73.2833			-0.06478
73.3167			-0.064779
73.35			-0.064778
73.3833			-0.0647769
73.4167			-0.0647759
73.45			-0.0647749
73.4833			-0.0647738
73.5167			-0.0647728
73.55			-0.0647718
73.5833			-0.0647707
73.6167			-0.0647697
73.65			-0.0647687
73.6833			-0.0647676
73.7167			-0.0647666
73.75			-0.0647656
73.7833			-0.0647646
73.8167			-0.0647635
73.85			-0.0647625
73.8833			-0.0647615
73.9167			-0.0647605
73.95			-0.0647594
73.9833			-0.0647584
74.0167			-0.0647574
74.05			-0.0647564
74.0833			-0.0647554
74.1167			-0.0647543
74.15			-0.0647533
74.1833			-0.0647523
74.2167			-0.0647513
74.25			-0.0647503
74.2833			-0.0647493
74.3167			-0.0647483
74.35			-0.0647473
74.3833			-0.0647462
74.4167			-0.0647452
74.45			-0.0647442
74.4833			-0.0647432
74.5167			-0.0647422
74.55			-0.0647412
74.5833			-0.0647402
74.6167			-0.0647392
74.65			-0.0647382
74.6833			-0.0647372
74.7167			-0.0647362
74.75			-0.0647352
74.7833			-0.0647342
74.8167			-0.0647332
74.85			-0.0647322
74.8833			-0.0647312
74.9167			-0.0647302
74.95			-0.0647292
74.9833			-0.0647282
75.0167			-0.0647272
75.05			-0.0647262
75.0833			-0.0647252
75.1167			-0.0647243
75.15			-0.0647233
75.1833			-0.0647223
75.2167			-0.0647213
75.25			-0.0647203
75.2833			-0.0647193
75.3167			-0.0647183
75.35			-0.0647174
75.3833			-0.0647164
75.4167			-0.0647154
75.45			-0.0647144
75.4833			-0.0647134
75.5167			-0.0647124
75.55			-0.0647115
75.5833			-0.0647105
75.6167			-0.0647095
75.65			-0.0647085
75.6833			-0.0647076
75.7167			-0.0647066
75.75			-0.0647056
75.7833			-0.0647046
75.8167			-0.0647037
75.85			-0.0647027
75.8833			-0.0647017
75.9167			-0.0647008
75.95			-0.0646998
75.9833			-0.0646988
76.0167			-0.0646979
76.05			-0.0646969
76.0833			-0.0646959
76.1167			-0.064695
76.15			-0.064694
76.1833			-0.064693
76.2167			-0.0646921
76.25			-0.0646911
76.2833			-0.0646902
76.3167			-0.0646892
76.35			-0.0646882
76.3833			-0.0646873
76.4167			-0.0646863
76.45			-0.0646854
76.4833			-0.0646844
76.5167			-0.0646835
76.55			-0.0646825
76.5833			-0.0646816
76.6167			-0.0646806
76.65			-0.0646797
76.6833			-0.0646787
76.7167			-0.0646778
76.75			-0.0646768
76.7833			-0.0646759
76.8167			-0.0646749
76.85			-0.064674
76.8833			-0.064673
76.9167			-0.0646721
76.95			-0.0646711
76.9833			-0.0646702
77.0167			-0.0646693
77.05			-0.0646683
77.0833			-0.0646674
77.1167			-0.0646664
77.15			-0.0646655
77.1833			-0.0646646
77.2167			-0.0646636
77.25			-0.0646627
77.2833			-0.0646618
77.3167			-0.0646608
77.35			-0.0646599
77.3833			-0.064659
77.4167			-0.064658
77.45			-0.0646571
77.4833			-0.0646562
77.5167			-0.0646552
77.55			-0.0646543
77.5833			-0.0646534
77.6167			-0.0646524
77.65			-0.0646515
77.6833			-0.0646506
77.7167			-0.0646497
77.75			-0.0646487
77.7833			-0.0646478
77.8167			-0.0646469
77.85			-0.064646
77.8833			-0.0646451
77.9167			-0.0646441
77.95			-0.0646432
77.9833			-0.0646423
78.0167			-0.0646414
78.05			-0.0646405
78.0833			-0.0646396
78.1167			-0.0646386
78.15			-0.0646377
78.1833			-0.0646368
78.2167			-0.0646359
78.25			-0.064635
78.2833			-0.0646341
78.3167			-0.0646332
78.35			-0.0646323
78.3833			-0.0646313
78.4167			-0.0646304
78.45			-0.0646295
78.4833			-0.0646286
78.5167			-0.0646277
78.55			-0.0646268
78.5833			-0.0646259
78.6167			-0.064625
78.65			-0.0646241
78.6833			-0.0646232
78.7167			-0.0646223
78.75			-0.0646214
78.7833			-0.0646205
78.8167			-0.0646196
78.85			-0.0646187
78.8833			-0.0646178
78.9167			-0.0646169
78.95			-0.064616
78.9833			-0.0646151
79.0167			-0.0646142
79.05			-0.0646133
79.0833			-0.0646124
79.1167			-0.0646115
79.15			-0.0646107
79.1833			-0.0646098
79.2167			-0.0646089
79.25			-0.064608
79.2833			-0.0646071
79.3167			-0.0646062
79.35			-0.0646053
79.3833			-0.0646044
79.4167			-0.0646035
79.45			-0.0646027
79.4833			-0.0646018
79.5167			-0.0646009
79.55			-0.0646
79.5833			-0.0645991
79.6167			-0.0645983
79.65			-0.0645974
79.6833			-0.0645965
79.7167			-0.0645956
79.75			-0.0645947
79.7833			-0.0645939
79.8167			-0.064593
79.85			-0.0645921
79.8833			-0.0645912
79.9167			-0.0645904
79.95			-0.0645895
79.9833			-0.0645886
80.0167			-0.0645877
80.05			-0.0645869
80.0833			-0.064586
80.1167			-0.0645851
80.15			-0.0645843
80.1833			-0.0645834
80.2167			-0.0645825
80.25			-0.0645817
80.2833			-0.0645808
80.3167			-0.0645799
80.35			-0.0645791
80.3833			-0.0645782
80.4167			-0.0645773
80.45			-0.0645765
80.4833			-0.0645756
80.5167			-0.0645747
80.55			-0.0645739
80.5833			-0.064573
80.6167			-0.0645722
80.65			-0.0645713
80.6833			-0.0645704
80.7167			-0.0645696
80.75			-0.0645687
80.7833			-0.0645679
80.8167			-0.064567
80.85			-0.0645662
80.8833			-0.0645653
80.9167			-0.0645645
80.95			-0.0645636
80.9833			-0.0645628
81.0167			-0.0645619
81.05			-0.0645611
81.0833			-0.0645602
81.1167			-0.0645594
81.15			-0.0645585
81.1833			-0.0645577
81.2167			-0.0645568
81.25			-0.064556
81.2833			-0.0645551
81.3167			-0.0645543
81.35			-0.0645534
81.3833			-0.0645526
81.4167			-0.0645518
81.45			-0.0645509
81.4833			-0.0645501
81.5167			-0.0645492
81.55			-0.0645484
81.5833			-0.0645476
81.6167			-0.0645467
81.65			-0.0645459
81.6833			-0.064545
81.7167			-0.0645442
81.75			-0.0645434
81.7833			-0.0645425
81.8167			-0.0645417
81.85			-0.0645409
81.8833			-0.06454
81.9167			-0.0645392
81.95			-0.0645384
81.9833			-0.0645375
82.0167			-0.0645367
82.05			-0.0645359
82.0833			-0.0645351
82.1167			-0.0645342
82.15			-0.0645334
82.1833			-0.0645326
82.2167			-0.0645317
82.25			-0.0645309
82.2833			-0.0645301
82.3167			-0.0645293
82.35			-0.0645285
82.3833			-0.0645276
82.4167			-0.0645268
82.45			-0.064526
82.4833			-0.0645252
82.5167			-0.0645243
82.55			-0.0645235
82.5833			-0.0645227
82.6167			-0.0645219
82.65			-0.0645211
82.6833			-0.0645203
82.7167			-0.0645194
82.75			-0.0645186
82.7833			-0.0645178
82.8167			-0.064517
82.85			-0.0645162
82.8833			-0.0645154
82.9167			-0.0645146
82.95			-0.0645137
82.9833			-0.0645129
83.0167			-0.0645121
83.05			-0.0645113
83.0833			-0.0645105
83.1167			-0.0645097
83.15			-0.0645089
83.1833			-0.0645081
83.2167			-0.0645073
83.25			-0.0645065
83.2833			-0.0645057
83.3167			-0.0645049
83.35			-0.0645041
83.3833			-0.0645033
83.4167			-0.0645025
83.45			-0.0645017
83.4833			-0.0645009
83.5167			-0.0645001
83.55			-0.0644993
83.5833			-0.0644985
83.6167			-0.0644977
83.65			-0.0644969
83.6833			-0.0644961
83.7167			-0.0644953
83.75			-0.0644945
83.7833			-0.0644937
83.8167			-0.0644929
83.85			-0.0644921
83.8833			-0.0644913
83.9167			-0.0644905
83.95			-0.0644897
83.9833			-0.0644889
84.0167			-0.0644881
84.05			-0.0644873
84.0833			-0.0644865
84.1167			-0.0644858
84.15			-0.064485
84.1833			-0.0644842
84.2167			-0.0644834
84.25			-0.0644826
84.2833			-0.0644818
84.3167			-0.064481
84.35			-0.0644803
84.3833			-0.0644795
84.4167			-0.0644787
84.45			-0.0644779
84.4833			-0.0644771
84.5167			-0.0644763
84.55			-0.0644756
84.5833			-0.0644748
84.6167			-0.064474
84.65			-0.0644732
84.6833			-0.0644724
84.7167			-0.0644717
84.75			-0.0644709
84.7833			-0.0644701
84.8167			-0.0644693
84.85			-0.0644686
84.8833			-0.0644678
84.9167			-0.064467
84.95			-0.0644662
84.9833			-0.0644655
85.0167			-0.0644647
85.05			-0.0644639
85.0833			-0.0644631
85.1167			-0.0644624
85.15			-0.0644616
85.1833			-0.0644608
85.2167			-0.0644601
85.25			-0.0644593
85.2833			-0.0644585
85.3167			-0.0644578
85.35			-0.064457
85.3833			-0.0644562
85.4167			-0.0644555
85.45			-0.0644547
85.4833			-0.0644539
85.5167			-0.0644532
85.55			-0.0644524
85.5833			-0.0644517
85.6167			-0.0644509
85.65			-0.0644501
85.6833			-0.0644494
85.7167			-0.0644486
85.75			-0.0644479
85.7833			-0.0644471
85.8167			-0.0644463
85.85			-0.0644456
85.8833			-0.0644448
85.9167			-0.0644441
85.95			-0.0644433
85.9833			-0.0644426
86.0167			-0.0644418
86.05			-0.064441
86.0833			-0.0644403
86.1167			-0.0644395
86.15			-0.0644388
86.1833			-0.064438
86.2167			-0.0644373
86.25			-0.0644365
86.2833			-0.0644358
86.3167			-0.064435
86.35			-0.0644343
86.3833			-0.0644335
86.4167			-0.0644328
86.45			-0.064432
86.4833			-0.0644313
86.5167			-0.0644306
86.55			-0.0644298
86.5833			-0.0644291
86.6167			-0.0644283
86.65			-0.0644276
86.6833			-0.0644268
86.7167			-0.0644261
86.75			-0.0644253
86.7833			-0.0644246
86.8167			-0.0644239
86.85			-0.0644231
86.8833			-0.0644224
86.9167			-0.0644217
86.95			-0.0644209
86.9833			-0.0644202
87.0167			-0.0644194
87.05			-0.0644187
87.0833			-0.064418
87.1167			-0.0644172
87.15			-0.0644165
87.1833			-0.0644158
87.2167			-0.064415
87.25			-0.0644143
87.2833			-0.0644136
87.3167			-0.0644128
87.35			-0.0644121
87.3833			-0.0644114
87.4167			-0.0644106
87.45			-0.0644099
87.4833			-0.0644092
87.5167			-0.0644084
87.55			-0.0644077
87.5833			-0.064407
87.6167			-0.0644063
87.65			-0.0644055
87.6833			-0.0644048
87.7167			-0.0644041
87.75			-0.0644034
87.7833			-0.0644026
87.8167			-0.0644019
87.85			-0.0644012
87.8833			-0.0644005
87.9167			-0.0643997
87.95			-0.064399
87.9833			-0.0643983
88.0167			-0.0643976
88.05			-0.0643969
88.0833			-0.0643961
88.1167			-0.0643954
88.15			-0.0643947
88.1833			-0.064394
88.2167			-0.0643933
88.25			-0.0643926
88.2833			-0.0643918
88.3167			-0.0643911
88.35			-0.0643904
88.3833			-0.0643897
88.4167			-0.064389
88.45			-0.0643883
88.4833			-0.0643876
88.5167			-0.0643868
88.55			-0.0643861
88.5833			-0.0643854
88.6167			-0.0643847
88.65			-0.064384
88.6833			-0.0643833
88.7167			-0.0643826
88.75			-0.0643819
88.7833			-0.0643812
88.8167			-0.0643805
88.85			-0.0643797
88.8833			-0.064379
88.9167			-0.0643783
88.95			-0.0643776
88.9833			-0.0643769
89.0167			-0.0643762
89.05			-0.0643755
89.0833			-0.0643748
89.1167			-0.0643741
89.15			-0.0643734
89.1833			-0.0643727
89.2167			-0.064372
89.25			-0.0643713
89.2833			-0.0643706
89.3167			-0.0643699
89.35			-0.0643692
89.3833			-0.0643685
89.4167			-0.0643678
89.45			-0.0643671
89.4833			-0.0643664
89.5167			-0.0643657
89.55			-0.064365
89.5833			-0.0643643
89.6167			-0.0643636
89.65			-0.0643629
89.6833			-0.0643622
89.7167			-0.0643616
89.75			-0.0643609
89.7833			-0.0643602
89.8167			-0.0643595
89.85			-0.0643588
89.8833			-0.0643581
89.9167			-0.0643574
89.95			-0.0643567
89.9833			-0.064356
90.0167			-0.0643553
90.05			-0.0643546
90.0833			-0.064354
90.1167			-0.0643533
90.15			-0.0643526
90.1833			-0.0643519
90.2167			-0.0643512
90.25			-0.0643505
90.2833			-0.0643498
90.3167			-0.0643492
90.35			-0.0643485
90.3833			-0.0643478
90.4167			-0.0643471
90.45			-0.0643464
90.4833			-0.0643457
90.5167			-0.0643451
90.55			-0.0643444
90.5833			-0.0643437
90.6167			-0.064343
90.65			-0.0643423
90.6833			-0.0643417
90.7167			-0.064341
90.75			-0.0643403
90.7833			-0.0643396
90.8167			-0.064339
90.85			-0.0643383
90.8833			-0.0643376
90.9167			-0.0643369
90.95			-0.0643363
90.9833			-0.0643356
91.0167			-0.0643349
91.05			-0.0643342
91.0833			-0.0643336
91.1167			-0.0643329
91.15			-0.0643322
91.1833			-0.0643316
91.2167			-0.0643309
91.25			-0.0643302
91.2833			-0.0643295
91.3167			-0.0643289
91.35			-0.0643282
91.3833			-0.0643275
91.4167			-0.0643269
91.45			-0.0643262
91.4833			-0.0643255
91.5167			-0.0643249
91.55			-0.0643242
91.5833			-0.0643235
91.6167			-0.0643229
91.65			-0.0643222
91.6833			-0.0643215
91.7167			-0.0643209
91.75			-0.0643202
91.7833			-0.0643196
91.8167			-0.0643189
91.85			-0.0643182
91.8833			-0.0643176
91.9167			-0.0643169
91.95			-0.0643162
91.9833			-0.0643156
92.0167			-0.0643149
92.05			-0.0643143
92.0833			-0.0643136
92.1167			-0.064313
92.15			-0.0643123
92.1833			-0.0643116
92.2167			-0.064311
92.25			-0.0643103
92.2833			-0.0643097
92.3167			-0.064309
92.35			-0.0643084
92.3833			-0.0643077
92.4167			-0.0643071
92.45			-0.0643064
92.4833			-0.0643058
92.5167			-0.0643051
92.55			-0.0643045
92.5833			-0.0643038
92.6167			-0.0643031
92.65			-0.0643025
92.6833			-0.0643018
92.7167			-0.0643012
92.75			-0.0643006
92.7833			-0.0642999
92.8167			-0.0642993
92.85			-0.0642986
92.8833			-0.064298
92.9167			-0.0642973
92.95			-0.0642967
92.9833			-0.064296
93.0167			-0.0642954
93.05			-0.0642947
93.0833			-0.0642941
93.1167			-0.0642934
93.15			-0.0642928
93.1833			-0.0642922
93.2167			-0.0642915
93.25			-0.0642909
93.2833			-0.0642902
93.3167			-0.0642896
93.35			-0.064289
93.3833			-0.0642883
93.4167			-0.0642877
93.45			-0.064287
93.4833			-0.0642864
93.5167			-0.0642858
93.55			-0.0642851
93.5833			-0.0642845
93.6167			-0.0642838
93.65			-0.0642832
93.6833			-0.0642826
93.7167			-0.0642819
93.75			-0.0642813
93.7833			-0.0642807
93.8167			-0.06428
93.85			-0.0642794
93.8833			-0.0642788
93.9167			-0.0642781
93.95			-0.0642775
93.9833			-0.0642769
94.0167			-0.0642762
94.05			-0.0642756
94.0833			-0.064275
94.1167			-0.0642744
94.15			-0.0642737
94.1833			-0.0642731
94.2167			-0.0642725
94.25			-0.0642718
94.2833			-0.0642712
94.3167			-0.0642706
94.35			-0.06427
94.3833			-0.0642693
94.4167			-0.0642687
94.45			-0.0642681
94.4833			-0.0642675
94.5167			-0.0642668
94.55			-0.0642662
94.5833			-0.0642656
94.6167			-0.064265
94.65			-0.0642643
94.6833			-0.0642637
94.7167			-0.0642631
94.75			-0.0642625
94.7833			-0.0642619
94.8167			-0.0642612
94.85			-0.0642606
94.8833			-0.06426
94.9167			-0.0642594
94.95			-0.0642588
94.9833			-0.0642581
95.0167			-0.0642575
95.05			-0.0642569
95.0833			-0.0642563
95.1167			-0.0642557
95.15			-0.064255
95.1833			-0.0642544
95.2167			-0.0642538
95.25			-0.0642532
95.2833			-0.0642526
95.3167			-0.064252
95.35			-0.0642514
95.3833			-0.0642507
95.4167			-0.0642501
95.45			-0.0642495
95.4833			-0.0642489
95.5167			-0.0642483
95.55			-0.0642477
95.5833			-0.0642471
95.6167			-0.0642465
95.65			-0.0642459
95.6833			-0.0642452
95.7167			-0.0642446
95.75			-0.064244
95.7833			-0.0642434
95.8167			-0.0642428
95.85			-0.0642422
95.8833			-0.0642416
95.9167			-0.064241
95.95			-0.0642404
95.9833			-0.0642398
96.0167			-0.0642392
96.05			-0.0642386
96.0833			-0.064238
96.1167			-0.0642374
96.15			-0.0642368
96.1833			-0.0642362
96.2167			-0.0642356
96.25			-0.064235
96.2833			-0.0642343
96.3167			-0.0642337
96.35			-0.0642331
96.3833			-0.0642325
96.4167			-0.0642319
96.45			-0.0642313
96.4833			-0.0642307
96.5167			-0.0642301
96.55			-0.0642296
96.5833			-0.064229
96.6167			-0.0642284
96.65			-0.0642278
96.6833			-0.0642272
96.7167			-0.0642266
96.75			-0.064226
96.7833			-0.0642254
96.8167			-0.0642248
96.85			-0.0642242
96.8833			-0.0642236
96.9167			-0.064223
96.95			-0.0642224
96.9833			-0.0642218
97.0167			-0.0642212
97.05			-0.0642206
97.0833			-0.06422
97.1167			-0.0642194
97.15			-0.0642188
97.1833			-0.0642183
97.2167			-0.0642177
97.25			-0.0642171
97.2833			-0.0642165
97.3167			-0.0642159
97.35			-0.0642153
97.3833			-0.0642147
97.4167			-0.0642141
97.45			-0.0642135
97.4833			-0.064213
97.5167			-0.0642124
97.55			-0.0642118
97.5833			-0.0642112
97.6167			-0.0642106
97.65			-0.06421
97.6833			-0.0642094
97.7167			-0.0642089
97.75			-0.0642083
97.7833			-0.0642077
97.8167			-0.0642071
97.85			-0.0642065
97.8833			-0.0642059
97.9167			-0.0642054
97.95			-0.0642048
97.9833			-0.0642042
98.0167			-0.0642036
98.05			-0.064203
98.0833			-0.0642025
98.1167			-0.0642019
98.15			-0.0642013
98.1833			-0.0642007
98.2167			-0.0642001
98.25			-0.0641996
98.2833			-0.064199
98.3167			-0.0641984
98.35			-0.0641978
98.3833			-0.0641973
98.4167			-0.0641967
98.45			-0.0641961
98.4833			-0.0641955
98.5167			-0.064195
98.55			-0.0641944
98.5833			-0.0641938
98.6167			-0.0641932
98.65			-0.0641927
98.6833			-0.0641921
98.7167			-0.0641915
98.75			-0.0641909
98.7833			-0.0641904
98.8167			-0.0641898
98.85			-0.0641892
98.8833			-0.0641887
98.9167			-0.0641881
98.95			-0.0641875
98.9833			-0.064187
99.0167			-0.0641864
99.05			-0.0641858
99.0833			-0.0641852
99.1167			-0.0641847
99.15			-0.0641841
99.1833			-0.0641835
99.2167			-0.064183
99.25			-0.0641824
99.2833			-0.0641818
99.3167			-0.0641813
99.35			-0.0641807
99.3833			-0.0641802
99.4167			-0.0641796
99.45			-0.064179
99.4833			-0.0641785
99.5167			-0.0641779
99.55			-0.0641773
99.5833			-0.0641768
99.6167			-0.0641762
99.65			-0.0641756
99.6833			-0.0641751
99.7167			-0.0641745
99.75			-0.064174
99.7833			-0.0641734
99.8167			-0.0641728
99.85			-0.0641723
99.8833			-0.0641717
99.9167			-0.0641712
99.95			-0.0641706
99.9833			-0.06417
