0			0			0.5
1			0			0.5
2			0			-0.5
3			0			-0.5

0			0.05			0.5
1			0.05			0.499376
2			0.05			-0.499376
3			0.05			-0.5

0			0.1			0.499998
1			0.1			0.497513
2			0.1			-0.497513
3			0.1			-0.499998

0			0.15			0.499992
1			0.15			0.494441
2			0.15			-0.494441
3			0.15			-0.499992

0			0.2			0.499975
1			0.2			0.490206
2			0.2			-0.490206
3			0.2			-0.499975

0			0.25			0.49994
1			0.25			0.484877
2			0.25			-0.484877
3			0.25			-0.49994

0			0.3			0.499876
1			0.3			0.478534
2			0.3			-0.478534
3			0.3			-0.499876

0			0.35			0.499773
1			0.35			0.471276
2			0.35			-0.471276
3			0.35			-0.499773

0			0.4			0.499617
1			0.4			0.463216
2			0.4			-0.463216
3			0.4			-0.499617

0			0.45			0.499393
1			0.45			0.454478
2			0.45			-0.454478
3			0.45			-0.499393

0			0.5			0.499086
1			0.5			0.445195
2			0.5			-0.445195
3			0.5			-0.499086

0			0.55			0.49868
1			0.55			0.435511
2			0.55			-0.435511
3			0.55			-0.49868

0			0.6			0.498159
1			0.6			0.425571
2			0.6			-0.425571
3			0.6			-0.498159

0			0.65			0.497506
1			0.65			0.415526
2			0.65			-0.415526
3			0.65			-0.497506

0			0.7			0.496705
1			0.7			0.405527
2			0.7			-0.405527
3			0.7			-0.496705

0			0.75			0.49574
1			0.75			0.395721
2			0.75			-0.395721
3			0.75			-0.49574

0			0.8			0.494598
1			0.8			0.386253
2			0.8			-0.386253
3			0.8			-0.494598

0			0.85			0.493265
1			0.85			0.377258
2			0.85			-0.377258
3			0.85			-0.493265

0			0.9			0.491731
1			0.9			0.368866
2			0.9			-0.368866
3			0.9			-0.491731

0			0.95			0.489984
1			0.95			0.361192
2			0.95			-0.361192
3			0.95			-0.489984

0			1			0.488019
1			1			0.35434
2			1			-0.35434
3			1			-0.488019

0			1.05			0.485831
1			1.05			0.348399
2			1.05			-0.348399
3			1.05			-0.485831

0			1.1			0.483417
1			1.1			0.343441
2			1.1			-0.343441
3			1.1			-0.483417

0			1.15			0.480779
1			1.15			0.339521
2			1.15			-0.339521
3			1.15			-0.480779

0			1.2			0.477919
1			1.2			0.336676
2			1.2			-0.336676
3			1.2			-0.477919

0			1.25			0.474844
1			1.25			0.334926
2			1.25			-0.334926
3			1.25			-0.474844

0			1.3			0.471563
1			1.3			0.33427
2			1.3			-0.33427
3			1.3			-0.471563

0			1.35			0.468089
1			1.35			0.334689
2			1.35			-0.334689
3			1.35			-0.468089

0			1.4			0.464435
1			1.4			0.336146
2			1.4			-0.336146
3			1.4			-0.464435

0			1.45			0.460621
1			1.45			0.338586
2			1.45			-0.338586
3			1.45			-0.460621

0			1.5			0.456665
1			1.5			0.341939
2			1.5			-0.341939
3			1.5			-0.456665

0			1.55			0.45259
1			1.55			0.346118
2			1.55			-0.346118
3			1.55			-0.45259

0			1.6			0.448419
1			1.6			0.351023
2			1.6			-0.351023
3			1.6			-0.448419

0			1.65			0.444179
1			1.65			0.356541
2			1.65			-0.356541
3			1.65			-0.444179

0			1.7			0.439897
1			1.7			0.362552
2			1.7			-0.362552
3			1.7			-0.439897

0			1.75			0.4356
1			1.75			0.368924
2			1.75			-0.368924
3			1.75			-0.4356

0			1.8			0.431317
1			1.8			0.375522
2			1.8			-0.375522
3			1.8			-0.431317

0			1.85			0.427078
1			1.85			0.382208
2			1.85			-0.382208
3			1.85			-0.427078

0			1.9			0.42291
1			1.9			0.38884
2			1.9			-0.38884
3			1.9			-0.42291

0			1.95			0.418842
1			1.95			0.395279
2			1.95			-0.395279
3			1.95			-0.418842

0			2			0.4149
1			2			0.401391
2			2			-0.401391
3			2			-0.4149

0			2.05			0.411111
1			2.05			0.407044
2			2.05			-0.407044
3			2.05			-0.411111

0			2.1			0.4075
1			2.1			0.412117
2			2.1			-0.412117
3			2.1			-0.4075

0			2.15			0.404086
1			2.15			0.416497
2			2.15			-0.416497
3			2.15			-0.404086

0			2.2			0.400892
1			2.2			0.420082
2			2.2			-0.420082
3			2.2			-0.400892

0			2.25			0.397933
1			2.25			0.422784
2			2.25			-0.422784
3			2.25			-0.397933

0			2.3			0.395225
1			2.3			0.424529
2			2.3			-0.424529
3			2.3			-0.395225

0			2.35			0.392778
1			2.35			0.425257
2			2.35			-0.425257
3			2.35			-0.392778

0			2.4			0.3906
1			2.4			0.424927
2			2.4			-0.424927
3			2.4			-0.3906

0			2.45			0.388695
1			2.45			0.423511
2			2.45			-0.423511
3			2.45			-0.388695

0			2.5			0.387067
1			2.5			0.421
2			2.5			-0.421
3			2.5			-0.387067

0			2.55			0.385711
1			2.55			0.417401
2			2.55			-0.417401
3			2.55			-0.385711

0			2.6			0.384623
1			2.6			0.412739
2			2.6			-0.412739
3			2.6			-0.384623

0			2.65			0.383793
1			2.65			0.407053
2			2.65			-0.407053
3			2.65			-0.383793

0			2.7			0.38321
1			2.7			0.400398
2			2.7			-0.400398
3			2.7			-0.38321

0			2.75			0.382858
1			2.75			0.392843
2			2.75			-0.392843
3			2.75			-0.382858

0			2.8			0.38272
1			2.8			0.384469
2			2.8			-0.384469
3			2.8			-0.38272

0			2.85			0.382775
1			2.85			0.375368
2			2.85			-0.375368
3			2.85			-0.382775

0			2.9			0.383
1			2.9			0.365644
2			2.9			-0.365644
3			2.9			-0.383

0			2.95			0.383371
1			2.95			0.355407
2			2.95			-0.355407
3			2.95			-0.383371

0			3			0.38386
1			3			0.344773
2			3			-0.344773
3			3			-0.38386

0			3.05			0.384439
1			3.05			0.333862
2			3.05			-0.333862
3			3.05			-0.384439

0			3.1			0.38508
1			3.1			0.322798
2			3.1			-0.322798
3			3.1			-0.38508

0			3.15			0.385754
1			3.15			0.311703
2			3.15			-0.311703
3			3.15			-0.385754

0			3.2			0.38643
1			3.2			0.3007
2			3.2			-0.3007
3			3.2			-0.38643

0			3.25			0.387079
1			3.25			0.289905
2			3.25			-0.289905
3			3.25			-0.387079

0			3.3			0.387672
1			3.3			0.279432
2			3.3			-0.279432
3			3.3			-0.387672

0			3.35			0.388181
1			3.35			0.269387
2			3.35			-0.269387
3			3.35			-0.388181

0			3.4			0.388578
1			3.4			0.259869
2			3.4			-0.259869
3			3.4			-0.388578

0			3.45			0.388839
1			3.45			0.250964
2			3.45			-0.250964
3			3.45			-0.388839

0			3.5			0.388939
1			3.5			0.242753
2			3.5			-0.242753
3			3.5			-0.388939

0			3.55			0.388858
1			3.55			0.2353
2			3.55			-0.2353
3			3.55			-0.388858

0			3.6			0.388575
1			3.6			0.22866
2			3.6			-0.22866
3			3.6			-0.388575

0			3.65			0.388076
1			3.65			0.222876
2			3.65			-0.222876
3			3.65			-0.388076

0			3.7			0.387344
1			3.7			0.217976
2			3.7			-0.217976
3			3.7			-0.387344

0			3.75			0.386371
1			3.75			0.213975
2			3.75			-0.213975
3			3.75			-0.386371

0			3.8			0.385147
1			3.8			0.210879
2			3.8			-0.210879
3			3.8			-0.385147

0			3.85			0.383667
1			3.85			0.208677
2			3.85			-0.208677
3			3.85			-0.383667

0			3.9			0.381931
1			3.9			0.207349
2			3.9			-0.207349
3			3.9			-0.381931

0			3.95			0.379938
1			3.95			0.206864
2			3.95			-0.206864
3			3.95			-0.379938

0			4			0.377693
1			4			0.20718
2			4			-0.20718
3			4			-0.377693

0			4.05			0.375202
1			4.05			0.208247
2			4.05			-0.208247
3			4.05			-0.375202

0			4.1			0.372476
1			4.1			0.210007
2			4.1			-0.210007
3			4.1			-0.372476

0			4.15			0.369526
1			4.15			0.212394
2			4.15			-0.212394
3			4.15			-0.369526

0			4.2			0.366368
1			4.2			0.215338
2			4.2			-0.215338
3			4.2			-0.366368

0			4.25			0.363018
1			4.25			0.218765
2			4.25			-0.218765
3			4.25			-0.363018

0			4.3			0.359496
1			4.3			0.222599
2			4.3			-0.222599
3			4.3			-0.359496

0			4.35			0.355821
1			4.35			0.22676
2			4.35			-0.22676
3			4.35			-0.355821

0			4.4			0.352018
1			4.4			0.23117
2			4.4			-0.23117
3			4.4			-0.352018

0			4.45			0.348108
1			4.45			0.235752
2			4.45			-0.235752
3			4.45			-0.348108

0			4.5			0.344118
1			4.5			0.240431
2			4.5			-0.240431
3			4.5			-0.344118

0			4.55			0.340073
1			4.55			0.245136
2			4.55			-0.245136
3			4.55			-0.340073

0			4.6			0.335998
1			4.6			0.249799
2			4.6			-0.249799
3			4.6			-0.335998

0			4.65			0.33192
1			4.65			0.254358
2			4.65			-0.254358
3			4.65			-0.33192

0			4.7			0.327865
1			4.7			0.258756
2			4.7			-0.258756
3			4.7			-0.327865

0			4.75			0.32386
1			4.75			0.262943
2			4.75			-0.262943
3			4.75			-0.32386

0			4.8			0.31993
1			4.8			0.266875
2			4.8			-0.266875
3			4.8			-0.31993

0			4.85			0.316101
1			4.85			0.270516
2			4.85			-0.270516
3			4.85			-0.316101

0			4.9			0.312395
1			4.9			0.273835
2			4.9			-0.273835
3			4.9			-0.312395

0			4.95			0.308837
1			4.95			0.276809
2			4.95			-0.276809
3			4.95			-0.308837

0			5			0.305447
1			5			0.279423
2			5			-0.279423
3			5			-0.305447

0			5.05			0.302247
1			5.05			0.281666
2			5.05			-0.281666
3			5.05			-0.302247

0			5.1			0.299255
1			5.1			0.283536
2			5.1			-0.283536
3			5.1			-0.299255

0			5.15			0.296489
1			5.15			0.285034
2			5.15			-0.285034
3			5.15			-0.296489

0			5.2			0.293963
1			5.2			0.286167
2			5.2			-0.286167
3			5.2			-0.293963

0			5.25			0.291693
1			5.25			0.286947
2			5.25			-0.286947
3			5.25			-0.291693

0			5.3			0.289688
1			5.3			0.28739
2			5.3			-0.28739
3			5.3			-0.289688

0			5.35			0.28796
1			5.35			0.287514
2			5.35			-0.287514
3			5.35			-0.28796

0			5.4			0.286517
1			5.4			0.287341
2			5.4			-0.287341
3			5.4			-0.286517

0			5.45			0.285363
1			5.45			0.286893
2			5.45			-0.286893
3			5.45			-0.285363

0			5.5			0.284505
1			5.5			0.286195
2			5.5			-0.286195
3			5.5			-0.284505

0			5.55			0.283942
1			5.55			0.285272
2			5.55			-0.285272
3			5.55			-0.283942

0			5.6			0.283677
1			5.6			0.28415
2			5.6			-0.28415
3			5.6			-0.283677

0			5.65			0.283707
1			5.65			0.282852
2			5.65			-0.282852
3			5.65			-0.283707

0			5.7			0.28403
1			5.7			0.281404
2			5.7			-0.281404
3			5.7			-0.28403

0			5.75			0.284638
1			5.75			0.279828
2			5.75			-0.279828
3			5.75			-0.284638

0			5.8			0.285528
1			5.8			0.278146
2			5.8			-0.278146
3			5.8			-0.285528

0			5.85			0.286688
1			5.85			0.276378
2			5.85			-0.276378
3			5.85			-0.286688

0			5.9			0.288111
1			5.9			0.274544
2			5.9			-0.274544
3			5.9			-0.288111

0			5.95			0.289783
1			5.95			0.272661
2			5.95			-0.272661
3			5.95			-0.289783

0			6			0.291694
1			6			0.270744
2			6			-0.270744
3			6			-0.291694

0			6.05			0.293828
1			6.05			0.268809
2			6.05			-0.268809
3			6.05			-0.293828

0			6.1			0.296171
1			6.1			0.266868
2			6.1			-0.266868
3			6.1			-0.296171

0			6.15			0.298707
1			6.15			0.264936
2			6.15			-0.264936
3			6.15			-0.298707

0			6.2			0.301419
1			6.2			0.263024
2			6.2			-0.263024
3			6.2			-0.301419

0			6.25			0.304288
1			6.25			0.261145
2			6.25			-0.261145
3			6.25			-0.304288

0			6.3			0.307297
1			6.3			0.259311
2			6.3			-0.259311
3			6.3			-0.307297

0			6.35			0.310427
1			6.35			0.257534
2			6.35			-0.257534
3			6.35			-0.310427

0			6.4			0.313658
1			6.4			0.255828
2			6.4			-0.255828
3			6.4			-0.313658

0			6.45			0.31697
1			6.45			0.254208
2			6.45			-0.254208
3			6.45			-0.31697

0			6.5			0.320343
1			6.5			0.252688
2			6.5			-0.252688
3			6.5			-0.320343

0			6.55			0.323759
1			6.55			0.251287
2			6.55			-0.251287
3			6.55			-0.323759

0			6.6			0.327196
1			6.6			0.250022
2			6.6			-0.250022
3			6.6			-0.327196

0			6.65			0.330636
1			6.65			0.248913
2			6.65			-0.248913
3			6.65			-0.330636

0			6.7			0.33406
1			6.7			0.247982
2			6.7			-0.247982
3			6.7			-0.33406

0			6.75			0.337448
1			6.75			0.24725
2			6.75			-0.24725
3			6.75			-0.337448

0			6.8			0.340783
1			6.8			0.246742
2			6.8			-0.246742
3			6.8			-0.340783

0			6.85			0.344048
1			6.85			0.246482
2			6.85			-0.246482
3			6.85			-0.344048

0			6.9			0.347227
1			6.9			0.246495
2			6.9			-0.246495
3			6.9			-0.347227

0			6.95			0.350305
1			6.95			0.246804
2			6.95			-0.246804
3			6.95			-0.350305

0			7			0.353268
1			7			0.247435
2			7			-0.247435
3			7			-0.353268

0			7.05			0.356103
1			7.05			0.248411
2			7.05			-0.248411
3			7.05			-0.356103

0			7.1			0.358799
1			7.1			0.249752
2			7.1			-0.249752
3			7.1			-0.358799

0			7.15			0.361347
1			7.15			0.251478
2			7.15			-0.251478
3			7.15			-0.361347

0			7.2			0.363738
1			7.2			0.253605
2			7.2			-0.253605
3			7.2			-0.363738

0			7.25			0.365965
1			7.25			0.256146
2			7.25			-0.256146
3			7.25			-0.365965

0			7.3			0.368025
1			7.3			0.259108
2			7.3			-0.259108
3			7.3			-0.368025

0			7.35			0.369914
1			7.35			0.262497
2			7.35			-0.262497
3			7.35			-0.369914

0			7.4			0.37163
1			7.4			0.266309
2			7.4			-0.266309
3			7.4			-0.37163

0			7.45			0.373175
1			7.45			0.270537
2			7.45			-0.270537
3			7.45			-0.373175

0			7.5			0.374549
1			7.5			0.275169
2			7.5			-0.275169
3			7.5			-0.374549

0			7.55			0.375756
1			7.55			0.280185
2			7.55			-0.280185
3			7.55			-0.375756

0			7.6			0.376802
1			7.6			0.285558
2			7.6			-0.285558
3			7.6			-0.376802

0			7.65			0.377694
1			7.65			0.291255
2			7.65			-0.291255
3			7.65			-0.377694

0			7.7			0.37844
1			7.7			0.297239
2			7.7			-0.297239
3			7.7			-0.37844

0			7.75			0.379048
1			7.75			0.303463
2			7.75			-0.303463
3			7.75			-0.379048

0			7.8			0.379531
1			7.8			0.309877
2			7.8			-0.309877
3			7.8			-0.379531

0			7.85			0.379898
1			7.85			0.316424
2			7.85			-0.316424
3			7.85			-0.379898

0			7.9			0.380163
1			7.9			0.323044
2			7.9			-0.323044
3			7.9			-0.380163

0			7.95			0.380338
1			7.95			0.32967
2			7.95			-0.32967
3			7.95			-0.380338

