0.05			-0.546534
0.0833333			-0.54638
0.116667			-0.545453
0.15			-0.543383
0.183333			-0.540362
0.216667			-0.536732
0.25			-0.532738
0.283333			-0.528493
0.316667			-0.524016
0.35			-0.519286
0.383333			-0.514271
0.416667			-0.508949
0.45			-0.503312
0.483333			-0.49737
0.516667			-0.491148
0.55			-0.484681
0.583333			-0.478012
0.616667			-0.471186
0.65			-0.464249
0.683333			-0.457246
0.716667			-0.450219
0.75			-0.443204
0.783333			-0.436234
0.816667			-0.429338
0.85			-0.422539
0.883333			-0.415858
0.916667			-0.409309
0.95			-0.402905
0.983333			-0.396655
1.01667			-0.390566
1.05			-0.384642
1.08333			-0.378885
1.11667			-0.373297
1.15			-0.367877
1.18333			-0.362623
1.21667			-0.357533
1.25			-0.352604
1.28333			-0.347833
1.31667			-0.343214
1.35			-0.338746
1.38333			-0.334422
1.41667			-0.330238
1.45			-0.32619
1.48333			-0.322273
1.51667			-0.318482
1.55			-0.314813
1.58333			-0.311262
1.61667			-0.307823
1.65			-0.304493
1.68333			-0.301268
1.71667			-0.298143
1.75			-0.295115
1.78333			-0.29218
1.81667			-0.289334
1.85			-0.286573
1.88333			-0.283896
1.91667			-0.281297
1.95			-0.278775
1.98333			-0.276326
2.01667			-0.273948
2.05			-0.271637
2.08333			-0.269392
2.11667			-0.267209
2.15			-0.265086
2.18333			-0.263022
2.21667			-0.261014
2.25			-0.259059
2.28333			-0.257156
2.31667			-0.255304
2.35			-0.253499
2.38333			-0.251741
2.41667			-0.250028
2.45			-0.248358
2.48333			-0.24673
2.51667			-0.245142
2.55			-0.243593
2.58333			-0.242081
2.61667			-0.240606
2.65			-0.239165
2.68333			-0.237759
2.71667			-0.236385
2.75			-0.235043
2.78333			-0.233731
2.81667			-0.23245
2.85			-0.231196
2.88333			-0.229971
2.91667			-0.228773
2.95			-0.2276
2.98333			-0.226453
3.01667			-0.22533
3.05			-0.224231
3.08333			-0.223155
3.11667			-0.222102
3.15			-0.22107
3.18333			-0.220059
3.21667			-0.219068
3.25			-0.218098
3.28333			-0.217146
3.31667			-0.216213
3.35			-0.215299
3.38333			-0.214402
3.41667			-0.213522
3.45			-0.212659
3.48333			-0.211812
3.51667			-0.210981
3.55			-0.210165
3.58333			-0.209365
3.61667			-0.208578
3.65			-0.207806
3.68333			-0.207048
3.71667			-0.206303
3.75			-0.205572
3.78333			-0.204853
3.81667			-0.204146
3.85			-0.203452
3.88333			-0.202769
3.91667			-0.202098
3.95			-0.201439
3.98333			-0.20079
4.01667			-0.200152
4.05			-0.199524
4.08333			-0.198907
4.11667			-0.198299
4.15			-0.197701
4.18333			-0.197113
4.21667			-0.196534
4.25			-0.195964
4.28333			-0.195403
4.31667			-0.194851
4.35			-0.194307
4.38333			-0.193771
4.41667			-0.193244
4.45			-0.192724
4.48333			-0.192212
4.51667			-0.191707
4.55			-0.19121
4.58333			-0.190721
4.61667			-0.190238
4.65			-0.189762
4.68333			-0.189293
4.71667			-0.188831
4.75			-0.188375
4.78333			-0.187926
4.81667			-0.187483
4.85			-0.187046
4.88333			-0.186615
4.91667			-0.186189
4.95			-0.18577
4.98333			-0.185356
5.01667			-0.184948
5.05			-0.184545
5.08333			-0.184147
5.11667			-0.183755
5.15			-0.183368
5.18333			-0.182986
5.21667			-0.182608
5.25			-0.182236
5.28333			-0.181868
5.31667			-0.181505
5.35			-0.181147
5.38333			-0.180792
5.41667			-0.180443
5.45			-0.180097
5.48333			-0.179756
5.51667			-0.179419
5.55			-0.179086
5.58333			-0.178758
5.61667			-0.178433
5.65			-0.178111
5.68333			-0.177794
5.71667			-0.177481
5.75			-0.177171
5.78333			-0.176864
5.81667			-0.176562
5.85			-0.176262
5.88333			-0.175967
5.91667			-0.175674
5.95			-0.175385
5.98333			-0.175099
6.01667			-0.174816
6.05			-0.174537
6.08333			-0.17426
6.11667			-0.173987
6.15			-0.173716
6.18333			-0.173449
6.21667			-0.173184
6.25			-0.172922
6.28333			-0.172664
6.31667			-0.172407
6.35			-0.172154
6.38333			-0.171903
6.41667			-0.171655
6.45			-0.171409
6.48333			-0.171166
6.51667			-0.170926
6.55			-0.170688
6.58333			-0.170452
6.61667			-0.170219
6.65			-0.169988
6.68333			-0.16976
6.71667			-0.169534
6.75			-0.16931
6.78333			-0.169088
6.81667			-0.168868
6.85			-0.168651
6.88333			-0.168436
6.91667			-0.168223
6.95			-0.168012
6.98333			-0.167803
7.01667			-0.167596
7.05			-0.167391
7.08333			-0.167187
7.11667			-0.166986
7.15			-0.166787
7.18333			-0.16659
7.21667			-0.166394
7.25			-0.1662
7.28333			-0.166008
7.31667			-0.165818
7.35			-0.16563
7.38333			-0.165443
7.41667			-0.165258
7.45			-0.165075
7.48333			-0.164893
7.51667			-0.164713
7.55			-0.164535
7.58333			-0.164358
7.61667			-0.164183
7.65			-0.164009
7.68333			-0.163837
7.71667			-0.163666
7.75			-0.163497
7.78333			-0.163329
7.81667			-0.163163
7.85			-0.162998
7.88333			-0.162834
7.91667			-0.162672
7.95			-0.162512
7.98333			-0.162352
8.01667			-0.162194
8.05			-0.162038
8.08333			-0.161882
8.11667			-0.161728
8.15			-0.161575
8.18333			-0.161424
8.21667			-0.161274
8.25			-0.161124
8.28333			-0.160977
8.31667			-0.16083
8.35			-0.160685
8.38333			-0.16054
8.41667			-0.160397
8.45			-0.160255
8.48333			-0.160114
8.51667			-0.159975
8.55			-0.159836
8.58333			-0.159698
8.61667			-0.159562
8.65			-0.159426
8.68333			-0.159292
8.71667			-0.159159
8.75			-0.159027
8.78333			-0.158895
8.81667			-0.158765
8.85			-0.158636
8.88333			-0.158507
8.91667			-0.15838
8.95			-0.158254
8.98333			-0.158128
9.01667			-0.158004
9.05			-0.15788
9.08333			-0.157758
9.11667			-0.157636
9.15			-0.157515
9.18333			-0.157395
9.21667			-0.157276
9.25			-0.157158
9.28333			-0.157041
9.31667			-0.156924
9.35			-0.156809
9.38333			-0.156694
9.41667			-0.15658
9.45			-0.156467
9.48333			-0.156354
9.51667			-0.156243
9.55			-0.156132
9.58333			-0.156022
9.61667			-0.155913
9.65			-0.155804
9.68333			-0.155697
9.71667			-0.15559
9.75			-0.155483
9.78333			-0.155378
9.81667			-0.155273
9.85			-0.155169
9.88333			-0.155066
9.91667			-0.154963
9.95			-0.154861
9.98333			-0.15476
10.0167			-0.154659
10.05			-0.15456
10.0833			-0.15446
10.1167			-0.154362
10.15			-0.154264
10.1833			-0.154167
10.2167			-0.15407
10.25			-0.153974
10.2833			-0.153879
10.3167			-0.153784
10.35			-0.15369
10.3833			-0.153596
10.4167			-0.153504
10.45			-0.153411
10.4833			-0.15332
10.5167			-0.153229
10.55			-0.153138
10.5833			-0.153048
10.6167			-0.152959
10.65			-0.15287
10.6833			-0.152782
10.7167			-0.152694
10.75			-0.152607
10.7833			-0.15252
10.8167			-0.152434
10.85			-0.152349
10.8833			-0.152264
10.9167			-0.152179
10.95			-0.152095
10.9833			-0.152012
11.0167			-0.151929
11.05			-0.151847
11.0833			-0.151765
11.1167			-0.151683
11.15			-0.151602
11.1833			-0.151522
11.2167			-0.151442
11.25			-0.151362
11.2833			-0.151283
11.3167			-0.151205
11.35			-0.151127
11.3833			-0.151049
11.4167			-0.150972
11.45			-0.150895
11.4833			-0.150819
11.5167			-0.150743
11.55			-0.150668
11.5833			-0.150593
11.6167			-0.150519
11.65			-0.150445
11.6833			-0.150371
11.7167			-0.150298
11.75			-0.150225
11.7833			-0.150153
11.8167			-0.150081
11.85			-0.150009
11.8833			-0.149938
11.9167			-0.149868
11.95			-0.149797
11.9833			-0.149727
12.0167			-0.149658
12.05			-0.149589
12.0833			-0.14952
12.1167			-0.149452
12.15			-0.149384
12.1833			-0.149316
12.2167			-0.149249
12.25			-0.149182
12.2833			-0.149115
12.3167			-0.149049
12.35			-0.148983
12.3833			-0.148918
12.4167			-0.148853
12.45			-0.148788
12.4833			-0.148724
12.5167			-0.14866
12.55			-0.148596
12.5833			-0.148533
12.6167			-0.14847
12.65			-0.148407
12.6833			-0.148345
12.7167			-0.148283
12.75			-0.148221
12.7833			-0.14816
12.8167			-0.148099
12.85			-0.148038
12.8833			-0.147978
12.9167			-0.147918
12.95			-0.147858
12.9833			-0.147798
13.0167			-0.147739
13.05			-0.14768
13.0833			-0.147622
13.1167			-0.147564
13.15			-0.147506
13.1833			-0.147448
13.2167			-0.147391
13.25			-0.147334
13.2833			-0.147277
13.3167			-0.14722
13.35			-0.147164
13.3833			-0.147108
13.4167			-0.147053
13.45			-0.146997
13.4833			-0.146942
13.5167			-0.146888
13.55			-0.146833
13.5833			-0.146779
13.6167			-0.146725
13.65			-0.146671
13.6833			-0.146618
13.7167			-0.146564
13.75			-0.146512
13.7833			-0.146459
13.8167			-0.146406
13.85			-0.146354
13.8833			-0.146302
13.9167			-0.146251
13.95			-0.146199
13.9833			-0.146148
14.0167			-0.146097
14.05			-0.146047
14.0833			-0.145996
14.1167			-0.145946
14.15			-0.145896
14.1833			-0.145846
14.2167			-0.145797
14.25			-0.145748
14.2833			-0.145699
14.3167			-0.14565
14.35			-0.145601
14.3833			-0.145553
14.4167			-0.145505
14.45			-0.145457
14.4833			-0.145409
14.5167			-0.145362
14.55			-0.145315
14.5833			-0.145268
14.6167			-0.145221
14.65			-0.145174
14.6833			-0.145128
14.7167			-0.145082
14.75			-0.145036
14.7833			-0.14499
14.8167			-0.144945
14.85			-0.1449
14.8833			-0.144855
14.9167			-0.14481
14.95			-0.144765
14.9833			-0.14472
15.0167			-0.144676
15.05			-0.144632
15.0833			-0.144588
15.1167			-0.144545
15.15			-0.144501
15.1833			-0.144458
15.2167			-0.144415
15.25			-0.144372
15.2833			-0.144329
15.3167			-0.144286
15.35			-0.144244
15.3833			-0.144202
15.4167			-0.14416
15.45			-0.144118
15.4833			-0.144076
15.5167			-0.144035
15.55			-0.143994
15.5833			-0.143953
15.6167			-0.143912
15.65			-0.143871
15.6833			-0.14383
15.7167			-0.14379
15.75			-0.14375
15.7833			-0.14371
15.8167			-0.14367
15.85			-0.14363
15.8833			-0.143591
15.9167			-0.143551
15.95			-0.143512
15.9833			-0.143473
16.0167			-0.143434
16.05			-0.143396
16.0833			-0.143357
16.1167			-0.143319
16.15			-0.14328
16.1833			-0.143242
16.2167			-0.143204
16.25			-0.143167
16.2833			-0.143129
16.3167			-0.143092
16.35			-0.143054
16.3833			-0.143017
16.4167			-0.14298
16.45			-0.142943
16.4833			-0.142907
16.5167			-0.14287
16.55			-0.142834
16.5833			-0.142798
16.6167			-0.142761
16.65			-0.142726
16.6833			-0.14269
16.7167			-0.142654
16.75			-0.142619
16.7833			-0.142583
16.8167			-0.142548
16.85			-0.142513
16.8833			-0.142478
16.9167			-0.142443
16.95			-0.142408
16.9833			-0.142374
17.0167			-0.14234
17.05			-0.142305
17.0833			-0.142271
17.1167			-0.142237
17.15			-0.142203
17.1833			-0.14217
17.2167			-0.142136
17.25			-0.142103
17.2833			-0.142069
17.3167			-0.142036
17.35			-0.142003
17.3833			-0.14197
17.4167			-0.141937
17.45			-0.141905
17.4833			-0.141872
17.5167			-0.14184
17.55			-0.141807
17.5833			-0.141775
17.6167			-0.141743
17.65			-0.141711
17.6833			-0.141679
17.7167			-0.141648
17.75			-0.141616
17.7833			-0.141584
17.8167			-0.141553
17.85			-0.141522
17.8833			-0.141491
17.9167			-0.14146
17.95			-0.141429
17.9833			-0.141398
18.0167			-0.141368
18.05			-0.141337
18.0833			-0.141307
18.1167			-0.141276
18.15			-0.141246
18.1833			-0.141216
18.2167			-0.141186
18.25			-0.141156
18.2833			-0.141126
18.3167			-0.141097
18.35			-0.141067
18.3833			-0.141038
18.4167			-0.141009
18.45			-0.140979
18.4833			-0.14095
18.5167			-0.140921
18.55			-0.140892
18.5833			-0.140864
18.6167			-0.140835
18.65			-0.140806
18.6833			-0.140778
18.7167			-0.140749
18.75			-0.140721
18.7833			-0.140693
18.8167			-0.140665
18.85			-0.140637
18.8833			-0.140609
18.9167			-0.140581
18.95			-0.140554
18.9833			-0.140526
19.0167			-0.140499
19.05			-0.140471
19.0833			-0.140444
19.1167			-0.140417
19.15			-0.14039
19.1833			-0.140363
19.2167			-0.140336
19.25			-0.140309
19.2833			-0.140282
19.3167			-0.140256
19.35			-0.140229
19.3833			-0.140203
19.4167			-0.140176
19.45			-0.14015
19.4833			-0.140124
19.5167			-0.140098
19.55			-0.140072
19.5833			-0.140046
19.6167			-0.14002
19.65			-0.139994
19.6833			-0.139969
19.7167			-0.139943
19.75			-0.139918
19.7833			-0.139892
19.8167			-0.139867
19.85			-0.139842
19.8833			-0.139817
19.9167			-0.139792
19.95			-0.139767
19.9833			-0.139742
20.0167			-0.139717
20.05			-0.139692
20.0833			-0.139668
20.1167			-0.139643
20.15			-0.139619
20.1833			-0.139595
20.2167			-0.13957
20.25			-0.139546
20.2833			-0.139522
20.3167			-0.139498
20.35			-0.139474
20.3833			-0.13945
20.4167			-0.139426
20.45			-0.139403
20.4833			-0.139379
20.5167			-0.139355
20.55			-0.139332
20.5833			-0.139308
20.6167			-0.139285
20.65			-0.139262
20.6833			-0.139239
20.7167			-0.139215
20.75			-0.139192
20.7833			-0.139169
20.8167			-0.139147
20.85			-0.139124
20.8833			-0.139101
20.9167			-0.139078
20.95			-0.139056
20.9833			-0.139033
21.0167			-0.139011
21.05			-0.138988
21.0833			-0.138966
21.1167			-0.138944
21.15			-0.138922
21.1833			-0.1389
21.2167			-0.138878
21.25			-0.138856
21.2833			-0.138834
21.3167			-0.138812
21.35			-0.13879
21.3833			-0.138768
21.4167			-0.138747
21.45			-0.138725
21.4833			-0.138704
21.5167			-0.138682
21.55			-0.138661
21.5833			-0.13864
21.6167			-0.138619
21.65			-0.138597
21.6833			-0.138576
21.7167			-0.138555
21.75			-0.138534
21.7833			-0.138513
21.8167			-0.138493
21.85			-0.138472
21.8833			-0.138451
21.9167			-0.138431
21.95			-0.13841
21.9833			-0.138389
22.0167			-0.138369
22.05			-0.138349
22.0833			-0.138328
22.1167			-0.138308
22.15			-0.138288
22.1833			-0.138268
22.2167			-0.138248
22.25			-0.138228
22.2833			-0.138208
22.3167			-0.138188
22.35			-0.138168
22.3833			-0.138148
22.4167			-0.138128
22.45			-0.138109
22.4833			-0.138089
22.5167			-0.13807
22.55			-0.13805
22.5833			-0.138031
22.6167			-0.138011
22.65			-0.137992
22.6833			-0.137973
22.7167			-0.137954
22.75			-0.137934
22.7833			-0.137915
22.8167			-0.137896
22.85			-0.137877
22.8833			-0.137859
22.9167			-0.13784
22.95			-0.137821
22.9833			-0.137802
23.0167			-0.137783
23.05			-0.137765
23.0833			-0.137746
23.1167			-0.137728
23.15			-0.137709
23.1833			-0.137691
23.2167			-0.137672
23.25			-0.137654
23.2833			-0.137636
23.3167			-0.137618
23.35			-0.137599
23.3833			-0.137581
23.4167			-0.137563
23.45			-0.137545
23.4833			-0.137527
23.5167			-0.137509
23.55			-0.137492
23.5833			-0.137474
23.6167			-0.137456
23.65			-0.137438
23.6833			-0.137421
23.7167			-0.137403
23.75			-0.137386
23.7833			-0.137368
23.8167			-0.137351
23.85			-0.137333
23.8833			-0.137316
23.9167			-0.137299
23.95			-0.137281
23.9833			-0.137264
24.0167			-0.137247
24.05			-0.13723
24.0833			-0.137213
24.1167			-0.137196
24.15			-0.137179
24.1833			-0.137162
24.2167			-0.137145
24.25			-0.137128
24.2833			-0.137111
24.3167			-0.137095
24.35			-0.137078
24.3833			-0.137061
24.4167			-0.137045
24.45			-0.137028
24.4833			-0.137012
24.5167			-0.136995
24.55			-0.136979
24.5833			-0.136962
24.6167			-0.136946
24.65			-0.13693
24.6833			-0.136914
24.7167			-0.136897
24.75			-0.136881
24.7833			-0.136865
24.8167			-0.136849
24.85			-0.136833
24.8833			-0.136817
24.9167			-0.136801
24.95			-0.136785
24.9833			-0.136769
25.0167			-0.136754
25.05			-0.136738
25.0833			-0.136722
25.1167			-0.136707
25.15			-0.136691
25.1833			-0.136675
25.2167			-0.13666
25.25			-0.136644
25.2833			-0.136629
25.3167			-0.136613
25.35			-0.136598
25.3833			-0.136583
25.4167			-0.136567
25.45			-0.136552
25.4833			-0.136537
25.5167			-0.136522
25.55			-0.136506
25.5833			-0.136491
25.6167			-0.136476
25.65			-0.136461
25.6833			-0.136446
25.7167			-0.136431
25.75			-0.136416
25.7833			-0.136402
25.8167			-0.136387
25.85			-0.136372
25.8833			-0.136357
25.9167			-0.136342
25.95			-0.136328
25.9833			-0.136313
26.0167			-0.136299
26.05			-0.136284
26.0833			-0.136269
26.1167			-0.136255
26.15			-0.136241
26.1833			-0.136226
26.2167			-0.136212
26.25			-0.136197
26.2833			-0.136183
26.3167			-0.136169
26.35			-0.136155
26.3833			-0.13614
26.4167			-0.136126
26.45			-0.136112
26.4833			-0.136098
26.5167			-0.136084
26.55			-0.13607
26.5833			-0.136056
26.6167			-0.136042
26.65			-0.136028
26.6833			-0.136014
26.7167			-0.136
26.75			-0.135987
26.7833			-0.135973
26.8167			-0.135959
26.85			-0.135945
26.8833			-0.135932
26.9167			-0.135918
26.95			-0.135904
26.9833			-0.135891
27.0167			-0.135877
27.05			-0.135864
27.0833			-0.13585
27.1167			-0.135837
27.15			-0.135824
27.1833			-0.13581
27.2167			-0.135797
27.25			-0.135784
27.2833			-0.13577
27.3167			-0.135757
27.35			-0.135744
27.3833			-0.135731
27.4167			-0.135718
27.45			-0.135704
27.4833			-0.135691
27.5167			-0.135678
27.55			-0.135665
27.5833			-0.135652
27.6167			-0.135639
27.65			-0.135627
27.6833			-0.135614
27.7167			-0.135601
27.75			-0.135588
27.7833			-0.135575
27.8167			-0.135562
27.85			-0.13555
27.8833			-0.135537
27.9167			-0.135524
27.95			-0.135512
27.9833			-0.135499
28.0167			-0.135486
28.05			-0.135474
28.0833			-0.135461
28.1167			-0.135449
28.15			-0.135436
28.1833			-0.135424
28.2167			-0.135412
28.25			-0.135399
28.2833			-0.135387
28.3167			-0.135375
28.35			-0.135362
28.3833			-0.13535
28.4167			-0.135338
28.45			-0.135326
28.4833			-0.135314
28.5167			-0.135301
28.55			-0.135289
28.5833			-0.135277
28.6167			-0.135265
28.65			-0.135253
28.6833			-0.135241
28.7167			-0.135229
28.75			-0.135217
28.7833			-0.135205
28.8167			-0.135193
28.85			-0.135182
28.8833			-0.13517
28.9167			-0.135158
28.95			-0.135146
28.9833			-0.135134
29.0167			-0.135123
29.05			-0.135111
29.0833			-0.135099
29.1167			-0.135088
29.15			-0.135076
29.1833			-0.135064
29.2167			-0.135053
29.25			-0.135041
29.2833			-0.13503
29.3167			-0.135018
29.35			-0.135007
29.3833			-0.134996
29.4167			-0.134984
29.45			-0.134973
29.4833			-0.134961
29.5167			-0.13495
29.55			-0.134939
29.5833			-0.134927
29.6167			-0.134916
29.65			-0.134905
29.6833			-0.134894
29.7167			-0.134883
29.75			-0.134872
29.7833			-0.13486
29.8167			-0.134849
29.85			-0.134838
29.8833			-0.134827
29.9167			-0.134816
29.95			-0.134805
29.9833			-0.134794
30.0167			-0.134783
30.05			-0.134772
30.0833			-0.134761
30.1167			-0.134751
30.15			-0.13474
30.1833			-0.134729
30.2167			-0.134718
30.25			-0.134707
30.2833			-0.134697
30.3167			-0.134686
30.35			-0.134675
30.3833			-0.134664
30.4167			-0.134654
30.45			-0.134643
30.4833			-0.134633
30.5167			-0.134622
30.55			-0.134611
30.5833			-0.134601
30.6167			-0.13459
30.65			-0.13458
30.6833			-0.134569
30.7167			-0.134559
30.75			-0.134548
30.7833			-0.134538
30.8167			-0.134528
30.85			-0.134517
30.8833			-0.134507
30.9167			-0.134497
30.95			-0.134486
30.9833			-0.134476
31.0167			-0.134466
31.05			-0.134456
31.0833			-0.134445
31.1167			-0.134435
31.15			-0.134425
31.1833			-0.134415
31.2167			-0.134405
31.25			-0.134395
31.2833			-0.134385
31.3167			-0.134375
31.35			-0.134365
31.3833			-0.134355
31.4167			-0.134345
31.45			-0.134335
31.4833			-0.134325
31.5167			-0.134315
31.55			-0.134305
31.5833			-0.134295
31.6167			-0.134285
31.65			-0.134275
31.6833			-0.134265
31.7167			-0.134256
31.75			-0.134246
31.7833			-0.134236
31.8167			-0.134226
31.85			-0.134217
31.8833			-0.134207
31.9167			-0.134197
31.95			-0.134188
31.9833			-0.134178
32.0167			-0.134168
32.05			-0.134159
32.0833			-0.134149
32.1167			-0.13414
32.15			-0.13413
32.1833			-0.134121
32.2167			-0.134111
32.25			-0.134102
32.2833			-0.134092
32.3167			-0.134083
32.35			-0.134073
32.3833			-0.134064
32.4167			-0.134055
32.45			-0.134045
32.4833			-0.134036
32.5167			-0.134027
32.55			-0.134017
32.5833			-0.134008
32.6167			-0.133999
32.65			-0.133989
32.6833			-0.13398
32.7167			-0.133971
32.75			-0.133962
32.7833			-0.133953
32.8167			-0.133944
32.85			-0.133934
32.8833			-0.133925
32.9167			-0.133916
32.95			-0.133907
32.9833			-0.133898
33.0167			-0.133889
33.05			-0.13388
33.0833			-0.133871
33.1167			-0.133862
33.15			-0.133853
33.1833			-0.133844
33.2167			-0.133835
33.25			-0.133826
33.2833			-0.133817
33.3167			-0.133809
33.35			-0.1338
33.3833			-0.133791
33.4167			-0.133782
33.45			-0.133773
33.4833			-0.133764
33.5167			-0.133756
33.55			-0.133747
33.5833			-0.133738
33.6167			-0.133729
33.65			-0.133721
33.6833			-0.133712
33.7167			-0.133703
33.75			-0.133695
33.7833			-0.133686
33.8167			-0.133678
33.85			-0.133669
33.8833			-0.13366
33.9167			-0.133652
33.95			-0.133643
33.9833			-0.133635
34.0167			-0.133626
34.05			-0.133618
34.0833			-0.133609
34.1167			-0.133601
34.15			-0.133592
34.1833			-0.133584
34.2167			-0.133576
34.25			-0.133567
34.2833			-0.133559
34.3167			-0.13355
34.35			-0.133542
34.3833			-0.133534
34.4167			-0.133525
34.45			-0.133517
34.4833			-0.133509
34.5167			-0.133501
34.55			-0.133492
34.5833			-0.133484
34.6167			-0.133476
34.65			-0.133468
34.6833			-0.133459
34.7167			-0.133451
34.75			-0.133443
34.7833			-0.133435
34.8167			-0.133427
34.85			-0.133419
34.8833			-0.133411
34.9167			-0.133403
34.95			-0.133395
34.9833			-0.133387
35.0167			-0.133378
35.05			-0.13337
35.0833			-0.133362
35.1167			-0.133354
35.15			-0.133347
35.1833			-0.133339
35.2167			-0.133331
35.25			-0.133323
35.2833			-0.133315
35.3167			-0.133307
35.35			-0.133299
35.3833			-0.133291
35.4167			-0.133283
35.45			-0.133276
35.4833			-0.133268
35.5167			-0.13326
35.55			-0.133252
35.5833			-0.133244
35.6167			-0.133237
35.65			-0.133229
35.6833			-0.133221
35.7167			-0.133213
35.75			-0.133206
35.7833			-0.133198
35.8167			-0.13319
35.85			-0.133183
35.8833			-0.133175
35.9167			-0.133167
35.95			-0.13316
35.9833			-0.133152
36.0167			-0.133145
36.05			-0.133137
36.0833			-0.133129
36.1167			-0.133122
36.15			-0.133114
36.1833			-0.133107
36.2167			-0.133099
36.25			-0.133092
36.2833			-0.133084
36.3167			-0.133077
36.35			-0.133069
36.3833			-0.133062
36.4167			-0.133055
36.45			-0.133047
36.4833			-0.13304
36.5167			-0.133032
36.55			-0.133025
36.5833			-0.133018
36.6167			-0.13301
36.65			-0.133003
36.6833			-0.132996
36.7167			-0.132988
36.75			-0.132981
36.7833			-0.132974
36.8167			-0.132967
36.85			-0.132959
36.8833			-0.132952
36.9167			-0.132945
36.95			-0.132938
36.9833			-0.132931
37.0167			-0.132923
37.05			-0.132916
37.0833			-0.132909
37.1167			-0.132902
37.15			-0.132895
37.1833			-0.132888
37.2167			-0.132881
37.25			-0.132873
37.2833			-0.132866
37.3167			-0.132859
37.35			-0.132852
37.3833			-0.132845
37.4167			-0.132838
37.45			-0.132831
37.4833			-0.132824
37.5167			-0.132817
37.55			-0.13281
37.5833			-0.132803
37.6167			-0.132796
37.65			-0.132789
37.6833			-0.132782
37.7167			-0.132776
37.75			-0.132769
37.7833			-0.132762
37.8167			-0.132755
37.85			-0.132748
37.8833			-0.132741
37.9167			-0.132734
37.95			-0.132727
37.9833			-0.132721
38.0167			-0.132714
38.05			-0.132707
38.0833			-0.1327
38.1167			-0.132694
38.15			-0.132687
38.1833			-0.13268
38.2167			-0.132673
38.25			-0.132667
38.2833			-0.13266
38.3167			-0.132653
38.35			-0.132646
38.3833			-0.13264
38.4167			-0.132633
38.45			-0.132626
38.4833			-0.13262
38.5167			-0.132613
38.55			-0.132607
38.5833			-0.1326
38.6167			-0.132593
38.65			-0.132587
38.6833			-0.13258
38.7167			-0.132574
38.75			-0.132567
38.7833			-0.132561
38.8167			-0.132554
38.85			-0.132548
38.8833			-0.132541
38.9167			-0.132535
38.95			-0.132528
38.9833			-0.132522
39.0167			-0.132515
39.05			-0.132509
39.0833			-0.132502
39.1167			-0.132496
39.15			-0.132489
39.1833			-0.132483
39.2167			-0.132477
39.25			-0.13247
39.2833			-0.132464
39.3167			-0.132458
39.35			-0.132451
39.3833			-0.132445
39.4167			-0.132439
39.45			-0.132432
39.4833			-0.132426
39.5167			-0.13242
39.55			-0.132413
39.5833			-0.132407
39.6167			-0.132401
39.65			-0.132395
39.6833			-0.132388
39.7167			-0.132382
39.75			-0.132376
39.7833			-0.13237
39.8167			-0.132363
39.85			-0.132357
39.8833			-0.132351
39.9167			-0.132345
39.95			-0.132339
39.9833			-0.132333
40.0167			-0.132326
40.05			-0.13232
40.0833			-0.132314
40.1167			-0.132308
40.15			-0.132302
40.1833			-0.132296
40.2167			-0.13229
40.25			-0.132284
40.2833			-0.132278
40.3167			-0.132272
40.35			-0.132266
40.3833			-0.13226
40.4167			-0.132254
40.45			-0.132248
40.4833			-0.132242
40.5167			-0.132236
40.55			-0.13223
40.5833			-0.132224
40.6167			-0.132218
40.65			-0.132212
40.6833			-0.132206
40.7167			-0.1322
40.75			-0.132194
40.7833			-0.132188
40.8167			-0.132182
40.85			-0.132176
40.8833			-0.13217
40.9167			-0.132164
40.95			-0.132159
40.9833			-0.132153
41.0167			-0.132147
41.05			-0.132141
41.0833			-0.132135
41.1167			-0.132129
41.15			-0.132124
41.1833			-0.132118
41.2167			-0.132112
41.25			-0.132106
41.2833			-0.132101
41.3167			-0.132095
41.35			-0.132089
41.3833			-0.132083
41.4167			-0.132078
41.45			-0.132072
41.4833			-0.132066
41.5167			-0.13206
41.55			-0.132055
41.5833			-0.132049
41.6167			-0.132043
41.65			-0.132038
41.6833			-0.132032
41.7167			-0.132026
41.75			-0.132021
41.7833			-0.132015
41.8167			-0.13201
41.85			-0.132004
41.8833			-0.131998
41.9167			-0.131993
41.95			-0.131987
41.9833			-0.131982
42.0167			-0.131976
42.05			-0.13197
42.0833			-0.131965
42.1167			-0.131959
42.15			-0.131954
42.1833			-0.131948
42.2167			-0.131943
42.25			-0.131937
42.2833			-0.131932
42.3167			-0.131926
42.35			-0.131921
42.3833			-0.131915
42.4167			-0.13191
42.45			-0.131904
42.4833			-0.131899
42.5167			-0.131894
42.55			-0.131888
42.5833			-0.131883
42.6167			-0.131877
42.65			-0.131872
42.6833			-0.131867
42.7167			-0.131861
42.75			-0.131856
42.7833			-0.13185
42.8167			-0.131845
42.85			-0.13184
42.8833			-0.131834
42.9167			-0.131829
42.95			-0.131824
42.9833			-0.131818
43.0167			-0.131813
43.05			-0.131808
43.0833			-0.131803
43.1167			-0.131797
43.15			-0.131792
43.1833			-0.131787
43.2167			-0.131781
43.25			-0.131776
43.2833			-0.131771
43.3167			-0.131766
43.35			-0.13176
43.3833			-0.131755
43.4167			-0.13175
43.45			-0.131745
43.4833			-0.13174
43.5167			-0.131734
43.55			-0.131729
43.5833			-0.131724
43.6167			-0.131719
43.65			-0.131714
43.6833			-0.131709
43.7167			-0.131704
43.75			-0.131698
43.7833			-0.131693
43.8167			-0.131688
43.85			-0.131683
43.8833			-0.131678
43.9167			-0.131673
43.95			-0.131668
43.9833			-0.131663
44.0167			-0.131658
44.05			-0.131653
44.0833			-0.131647
44.1167			-0.131642
44.15			-0.131637
44.1833			-0.131632
44.2167			-0.131627
44.25			-0.131622
44.2833			-0.131617
44.3167			-0.131612
44.35			-0.131607
44.3833			-0.131602
44.4167			-0.131597
44.45			-0.131592
44.4833			-0.131587
44.5167			-0.131582
44.55			-0.131578
44.5833			-0.131573
44.6167			-0.131568
44.65			-0.131563
44.6833			-0.131558
44.7167			-0.131553
44.75			-0.131548
44.7833			-0.131543
44.8167			-0.131538
44.85			-0.131533
44.8833			-0.131528
44.9167			-0.131524
44.95			-0.131519
44.9833			-0.131514
45.0167			-0.131509
45.05			-0.131504
45.0833			-0.131499
45.1167			-0.131495
45.15			-0.13149
45.1833			-0.131485
45.2167			-0.13148
45.25			-0.131475
45.2833			-0.131471
45.3167			-0.131466
45.35			-0.131461
45.3833			-0.131456
45.4167			-0.131451
45.45			-0.131447
45.4833			-0.131442
45.5167			-0.131437
45.55			-0.131433
45.5833			-0.131428
45.6167			-0.131423
45.65			-0.131418
45.6833			-0.131414
45.7167			-0.131409
45.75			-0.131404
45.7833			-0.1314
45.8167			-0.131395
45.85			-0.13139
45.8833			-0.131386
45.9167			-0.131381
45.95			-0.131376
45.9833			-0.131372
46.0167			-0.131367
46.05			-0.131362
46.0833			-0.131358
46.1167			-0.131353
46.15			-0.131349
46.1833			-0.131344
46.2167			-0.131339
46.25			-0.131335
46.2833			-0.13133
46.3167			-0.131326
46.35			-0.131321
46.3833			-0.131316
46.4167			-0.131312
46.45			-0.131307
46.4833			-0.131303
46.5167			-0.131298
46.55			-0.131294
46.5833			-0.131289
46.6167			-0.131285
46.65			-0.13128
46.6833			-0.131276
46.7167			-0.131271
46.75			-0.131267
46.7833			-0.131262
46.8167			-0.131258
46.85			-0.131253
46.8833			-0.131249
46.9167			-0.131244
46.95			-0.13124
46.9833			-0.131235
47.0167			-0.131231
47.05			-0.131227
47.0833			-0.131222
47.1167			-0.131218
47.15			-0.131213
47.1833			-0.131209
47.2167			-0.131204
47.25			-0.1312
47.2833			-0.131196
47.3167			-0.131191
47.35			-0.131187
47.3833			-0.131183
47.4167			-0.131178
47.45			-0.131174
47.4833			-0.131169
47.5167			-0.131165
47.55			-0.131161
47.5833			-0.131156
47.6167			-0.131152
47.65			-0.131148
47.6833			-0.131144
47.7167			-0.131139
47.75			-0.131135
47.7833			-0.131131
47.8167			-0.131126
47.85			-0.131122
47.8833			-0.131118
47.9167			-0.131113
47.95			-0.131109
47.9833			-0.131105
48.0167			-0.131101
48.05			-0.131096
48.0833			-0.131092
48.1167			-0.131088
48.15			-0.131084
48.1833			-0.131079
48.2167			-0.131075
48.25			-0.131071
48.2833			-0.131067
48.3167			-0.131063
48.35			-0.131058
48.3833			-0.131054
48.4167			-0.13105
48.45			-0.131046
48.4833			-0.131042
48.5167			-0.131038
48.55			-0.131033
48.5833			-0.131029
48.6167			-0.131025
48.65			-0.131021
48.6833			-0.131017
48.7167			-0.131013
48.75			-0.131009
48.7833			-0.131004
48.8167			-0.131
48.85			-0.130996
48.8833			-0.130992
48.9167			-0.130988
48.95			-0.130984
48.9833			-0.13098
49.0167			-0.130976
49.05			-0.130972
49.0833			-0.130968
49.1167			-0.130963
49.15			-0.130959
49.1833			-0.130955
49.2167			-0.130951
49.25			-0.130947
49.2833			-0.130943
49.3167			-0.130939
49.35			-0.130935
49.3833			-0.130931
49.4167			-0.130927
49.45			-0.130923
49.4833			-0.130919
49.5167			-0.130915
49.55			-0.130911
49.5833			-0.130907
49.6167			-0.130903
49.65			-0.130899
49.6833			-0.130895
49.7167			-0.130891
49.75			-0.130887
49.7833			-0.130883
49.8167			-0.130879
49.85			-0.130875
49.8833			-0.130871
49.9167			-0.130868
49.95			-0.130864
49.9833			-0.13086
50.0167			-0.130856
50.05			-0.130852
50.0833			-0.130848
50.1167			-0.130844
50.15			-0.13084
50.1833			-0.130836
50.2167			-0.130832
50.25			-0.130828
50.2833			-0.130825
50.3167			-0.130821
50.35			-0.130817
50.3833			-0.130813
50.4167			-0.130809
50.45			-0.130805
50.4833			-0.130801
50.5167			-0.130798
50.55			-0.130794
50.5833			-0.13079
50.6167			-0.130786
50.65			-0.130782
50.6833			-0.130778
50.7167			-0.130775
50.75			-0.130771
50.7833			-0.130767
50.8167			-0.130763
50.85			-0.130759
50.8833			-0.130756
50.9167			-0.130752
50.95			-0.130748
50.9833			-0.130744
51.0167			-0.130741
51.05			-0.130737
51.0833			-0.130733
51.1167			-0.130729
51.15			-0.130725
51.1833			-0.130722
51.2167			-0.130718
51.25			-0.130714
51.2833			-0.130711
51.3167			-0.130707
51.35			-0.130703
51.3833			-0.130699
51.4167			-0.130696
51.45			-0.130692
51.4833			-0.130688
51.5167			-0.130685
51.55			-0.130681
51.5833			-0.130677
51.6167			-0.130674
51.65			-0.13067
51.6833			-0.130666
51.7167			-0.130663
51.75			-0.130659
51.7833			-0.130655
51.8167			-0.130652
51.85			-0.130648
51.8833			-0.130644
51.9167			-0.130641
51.95			-0.130637
51.9833			-0.130633
52.0167			-0.13063
52.05			-0.130626
52.0833			-0.130622
52.1167			-0.130619
52.15			-0.130615
52.1833			-0.130612
52.2167			-0.130608
52.25			-0.130604
52.2833			-0.130601
52.3167			-0.130597
52.35			-0.130594
52.3833			-0.13059
52.4167			-0.130587
52.45			-0.130583
52.4833			-0.130579
52.5167			-0.130576
52.55			-0.130572
52.5833			-0.130569
52.6167			-0.130565
52.65			-0.130562
52.6833			-0.130558
52.7167			-0.130555
52.75			-0.130551
52.7833			-0.130548
52.8167			-0.130544
52.85			-0.130541
52.8833			-0.130537
52.9167			-0.130534
52.95			-0.13053
52.9833			-0.130527
53.0167			-0.130523
53.05			-0.13052
53.0833			-0.130516
53.1167			-0.130513
53.15			-0.130509
53.1833			-0.130506
53.2167			-0.130502
53.25			-0.130499
53.2833			-0.130495
53.3167			-0.130492
53.35			-0.130488
53.3833			-0.130485
53.4167			-0.130482
53.45			-0.130478
53.4833			-0.130475
53.5167			-0.130471
53.55			-0.130468
53.5833			-0.130464
53.6167			-0.130461
53.65			-0.130458
53.6833			-0.130454
53.7167			-0.130451
53.75			-0.130447
53.7833			-0.130444
53.8167			-0.130441
53.85			-0.130437
53.8833			-0.130434
53.9167			-0.130431
53.95			-0.130427
53.9833			-0.130424
54.0167			-0.13042
54.05			-0.130417
54.0833			-0.130414
54.1167			-0.13041
54.15			-0.130407
54.1833			-0.130404
54.2167			-0.1304
54.25			-0.130397
54.2833			-0.130394
54.3167			-0.13039
54.35			-0.130387
54.3833			-0.130384
54.4167			-0.13038
54.45			-0.130377
54.4833			-0.130374
54.5167			-0.130371
54.55			-0.130367
54.5833			-0.130364
54.6167			-0.130361
54.65			-0.130357
54.6833			-0.130354
54.7167			-0.130351
54.75			-0.130348
54.7833			-0.130344
54.8167			-0.130341
54.85			-0.130338
54.8833			-0.130335
54.9167			-0.130331
54.95			-0.130328
54.9833			-0.130325
55.0167			-0.130322
55.05			-0.130318
55.0833			-0.130315
55.1167			-0.130312
55.15			-0.130309
55.1833			-0.130305
55.2167			-0.130302
55.25			-0.130299
55.2833			-0.130296
55.3167			-0.130293
55.35			-0.130289
55.3833			-0.130286
55.4167			-0.130283
55.45			-0.13028
55.4833			-0.130277
55.5167			-0.130273
55.55			-0.13027
55.5833			-0.130267
55.6167			-0.130264
55.65			-0.130261
55.6833			-0.130258
55.7167			-0.130254
55.75			-0.130251
55.7833			-0.130248
55.8167			-0.130245
55.85			-0.130242
55.8833			-0.130239
55.9167			-0.130236
55.95			-0.130233
55.9833			-0.130229
56.0167			-0.130226
56.05			-0.130223
56.0833			-0.13022
56.1167			-0.130217
56.15			-0.130214
56.1833			-0.130211
56.2167			-0.130208
56.25			-0.130204
56.2833			-0.130201
56.3167			-0.130198
56.35			-0.130195
56.3833			-0.130192
56.4167			-0.130189
56.45			-0.130186
56.4833			-0.130183
56.5167			-0.13018
56.55			-0.130177
56.5833			-0.130174
56.6167			-0.130171
56.65			-0.130168
56.6833			-0.130165
56.7167			-0.130162
56.75			-0.130158
56.7833			-0.130155
56.8167			-0.130152
56.85			-0.130149
56.8833			-0.130146
56.9167			-0.130143
56.95			-0.13014
56.9833			-0.130137
57.0167			-0.130134
57.05			-0.130131
57.0833			-0.130128
57.1167			-0.130125
57.15			-0.130122
57.1833			-0.130119
57.2167			-0.130116
57.25			-0.130113
57.2833			-0.13011
57.3167			-0.130107
57.35			-0.130104
57.3833			-0.130101
57.4167			-0.130098
57.45			-0.130095
57.4833			-0.130092
57.5167			-0.130089
57.55			-0.130087
57.5833			-0.130084
57.6167			-0.130081
57.65			-0.130078
57.6833			-0.130075
57.7167			-0.130072
57.75			-0.130069
57.7833			-0.130066
57.8167			-0.130063
57.85			-0.13006
57.8833			-0.130057
57.9167			-0.130054
57.95			-0.130051
57.9833			-0.130048
58.0167			-0.130045
58.05			-0.130043
58.0833			-0.13004
58.1167			-0.130037
58.15			-0.130034
58.1833			-0.130031
58.2167			-0.130028
58.25			-0.130025
58.2833			-0.130022
58.3167			-0.130019
58.35			-0.130017
58.3833			-0.130014
58.4167			-0.130011
58.45			-0.130008
58.4833			-0.130005
58.5167			-0.130002
58.55			-0.129999
58.5833			-0.129996
58.6167			-0.129994
58.65			-0.129991
58.6833			-0.129988
58.7167			-0.129985
58.75			-0.129982
58.7833			-0.129979
58.8167			-0.129977
58.85			-0.129974
58.8833			-0.129971
58.9167			-0.129968
58.95			-0.129965
58.9833			-0.129962
59.0167			-0.12996
59.05			-0.129957
59.0833			-0.129954
59.1167			-0.129951
59.15			-0.129948
59.1833			-0.129946
59.2167			-0.129943
59.25			-0.12994
59.2833			-0.129937
59.3167			-0.129934
59.35			-0.129932
59.3833			-0.129929
59.4167			-0.129926
59.45			-0.129923
59.4833			-0.129921
59.5167			-0.129918
59.55			-0.129915
59.5833			-0.129912
59.6167			-0.12991
59.65			-0.129907
59.6833			-0.129904
59.7167			-0.129901
59.75			-0.129899
59.7833			-0.129896
59.8167			-0.129893
59.85			-0.12989
59.8833			-0.129888
59.9167			-0.129885
59.95			-0.129882
59.9833			-0.129879
60.0167			-0.129877
60.05			-0.129874
60.0833			-0.129871
60.1167			-0.129869
60.15			-0.129866
60.1833			-0.129863
60.2167			-0.12986
60.25			-0.129858
60.2833			-0.129855
60.3167			-0.129852
60.35			-0.12985
60.3833			-0.129847
60.4167			-0.129844
60.45			-0.129842
60.4833			-0.129839
60.5167			-0.129836
60.55			-0.129834
60.5833			-0.129831
60.6167			-0.129828
60.65			-0.129826
60.6833			-0.129823
60.7167			-0.12982
60.75			-0.129818
60.7833			-0.129815
60.8167			-0.129812
60.85			-0.12981
60.8833			-0.129807
60.9167			-0.129804
60.95			-0.129802
60.9833			-0.129799
61.0167			-0.129797
61.05			-0.129794
61.0833			-0.129791
61.1167			-0.129789
61.15			-0.129786
61.1833			-0.129783
61.2167			-0.129781
61.25			-0.129778
61.2833			-0.129776
61.3167			-0.129773
61.35			-0.12977
61.3833			-0.129768
61.4167			-0.129765
61.45			-0.129763
61.4833			-0.12976
61.5167			-0.129757
61.55			-0.129755
61.5833			-0.129752
61.6167			-0.12975
61.65			-0.129747
61.6833			-0.129745
61.7167			-0.129742
61.75			-0.129739
61.7833			-0.129737
61.8167			-0.129734
61.85			-0.129732
61.8833			-0.129729
61.9167			-0.129727
61.95			-0.129724
61.9833			-0.129722
62.0167			-0.129719
62.05			-0.129716
62.0833			-0.129714
62.1167			-0.129711
62.15			-0.129709
62.1833			-0.129706
62.2167			-0.129704
62.25			-0.129701
62.2833			-0.129699
62.3167			-0.129696
62.35			-0.129694
62.3833			-0.129691
62.4167			-0.129689
62.45			-0.129686
62.4833			-0.129684
62.5167			-0.129681
62.55			-0.129679
62.5833			-0.129676
62.6167			-0.129674
62.65			-0.129671
62.6833			-0.129669
62.7167			-0.129666
62.75			-0.129664
62.7833			-0.129661
62.8167			-0.129659
62.85			-0.129656
62.8833			-0.129654
62.9167			-0.129651
62.95			-0.129649
62.9833			-0.129646
63.0167			-0.129644
63.05			-0.129641
63.0833			-0.129639
63.1167			-0.129636
63.15			-0.129634
63.1833			-0.129632
63.2167			-0.129629
63.25			-0.129627
63.2833			-0.129624
63.3167			-0.129622
63.35			-0.129619
63.3833			-0.129617
63.4167			-0.129614
63.45			-0.129612
63.4833			-0.12961
63.5167			-0.129607
63.55			-0.129605
63.5833			-0.129602
63.6167			-0.1296
63.65			-0.129597
63.6833			-0.129595
63.7167			-0.129593
63.75			-0.12959
63.7833			-0.129588
63.8167			-0.129585
63.85			-0.129583
63.8833			-0.129581
63.9167			-0.129578
63.95			-0.129576
63.9833			-0.129573
64.0167			-0.129571
64.05			-0.129569
64.0833			-0.129566
64.1167			-0.129564
64.15			-0.129562
64.1833			-0.129559
64.2167			-0.129557
64.25			-0.129554
64.2833			-0.129552
64.3167			-0.12955
64.35			-0.129547
64.3833			-0.129545
64.4167			-0.129543
64.45			-0.12954
64.4833			-0.129538
64.5167			-0.129536
64.55			-0.129533
64.5833			-0.129531
64.6167			-0.129528
64.65			-0.129526
64.6833			-0.129524
64.7167			-0.129521
64.75			-0.129519
64.7833			-0.129517
64.8167			-0.129514
64.85			-0.129512
64.8833			-0.12951
64.9167			-0.129507
64.95			-0.129505
64.9833			-0.129503
65.0167			-0.129501
65.05			-0.129498
65.0833			-0.129496
65.1167			-0.129494
65.15			-0.129491
65.1833			-0.129489
65.2167			-0.129487
65.25			-0.129484
65.2833			-0.129482
65.3167			-0.12948
65.35			-0.129477
65.3833			-0.129475
65.4167			-0.129473
65.45			-0.129471
65.4833			-0.129468
65.5167			-0.129466
65.55			-0.129464
65.5833			-0.129462
65.6167			-0.129459
65.65			-0.129457
65.6833			-0.129455
65.7167			-0.129452
65.75			-0.12945
65.7833			-0.129448
65.8167			-0.129446
65.85			-0.129443
65.8833			-0.129441
65.9167			-0.129439
65.95			-0.129437
65.9833			-0.129434
66.0167			-0.129432
66.05			-0.12943
66.0833			-0.129428
66.1167			-0.129425
66.15			-0.129423
66.1833			-0.129421
66.2167			-0.129419
66.25			-0.129416
66.2833			-0.129414
66.3167			-0.129412
66.35			-0.12941
66.3833			-0.129408
66.4167			-0.129405
66.45			-0.129403
66.4833			-0.129401
66.5167			-0.129399
66.55			-0.129397
66.5833			-0.129394
66.6167			-0.129392
66.65			-0.12939
66.6833			-0.129388
66.7167			-0.129385
66.75			-0.129383
66.7833			-0.129381
66.8167			-0.129379
66.85			-0.129377
66.8833			-0.129375
66.9167			-0.129372
66.95			-0.12937
66.9833			-0.129368
67.0167			-0.129366
67.05			-0.129364
67.0833			-0.129361
67.1167			-0.129359
67.15			-0.129357
67.1833			-0.129355
67.2167			-0.129353
67.25			-0.129351
67.2833			-0.129348
67.3167			-0.129346
67.35			-0.129344
67.3833			-0.129342
67.4167			-0.12934
67.45			-0.129338
67.4833			-0.129336
67.5167			-0.129333
67.55			-0.129331
67.5833			-0.129329
67.6167			-0.129327
67.65			-0.129325
67.6833			-0.129323
67.7167			-0.129321
67.75			-0.129318
67.7833			-0.129316
67.8167			-0.129314
67.85			-0.129312
67.8833			-0.12931
67.9167			-0.129308
67.95			-0.129306
67.9833			-0.129304
68.0167			-0.129301
68.05			-0.129299
68.0833			-0.129297
68.1167			-0.129295
68.15			-0.129293
68.1833			-0.129291
68.2167			-0.129289
68.25			-0.129287
68.2833			-0.129285
68.3167			-0.129282
68.35			-0.12928
68.3833			-0.129278
68.4167			-0.129276
68.45			-0.129274
68.4833			-0.129272
68.5167			-0.12927
68.55			-0.129268
68.5833			-0.129266
68.6167			-0.129264
68.65			-0.129262
68.6833			-0.12926
68.7167			-0.129257
68.75			-0.129255
68.7833			-0.129253
68.8167			-0.129251
68.85			-0.129249
68.8833			-0.129247
68.9167			-0.129245
68.95			-0.129243
68.9833			-0.129241
69.0167			-0.129239
69.05			-0.129237
69.0833			-0.129235
69.1167			-0.129233
69.15			-0.129231
69.1833			-0.129229
69.2167			-0.129227
69.25			-0.129225
69.2833			-0.129223
69.3167			-0.129221
69.35			-0.129218
69.3833			-0.129216
69.4167			-0.129214
69.45			-0.129212
69.4833			-0.12921
69.5167			-0.129208
69.55			-0.129206
69.5833			-0.129204
69.6167			-0.129202
69.65			-0.1292
69.6833			-0.129198
69.7167			-0.129196
69.75			-0.129194
69.7833			-0.129192
69.8167			-0.12919
69.85			-0.129188
69.8833			-0.129186
69.9167			-0.129184
69.95			-0.129182
69.9833			-0.12918
70.0167			-0.129178
70.05			-0.129176
70.0833			-0.129174
70.1167			-0.129172
70.15			-0.12917
70.1833			-0.129168
70.2167			-0.129166
70.25			-0.129164
70.2833			-0.129162
70.3167			-0.12916
70.35			-0.129158
70.3833			-0.129156
70.4167			-0.129154
70.45			-0.129152
70.4833			-0.12915
70.5167			-0.129148
70.55			-0.129147
70.5833			-0.129145
70.6167			-0.129143
70.65			-0.129141
70.6833			-0.129139
70.7167			-0.129137
70.75			-0.129135
70.7833			-0.129133
70.8167			-0.129131
70.85			-0.129129
70.8833			-0.129127
70.9167			-0.129125
70.95			-0.129123
70.9833			-0.129121
71.0167			-0.129119
71.05			-0.129117
71.0833			-0.129115
71.1167			-0.129113
71.15			-0.129111
71.1833			-0.12911
71.2167			-0.129108
71.25			-0.129106
71.2833			-0.129104
71.3167			-0.129102
71.35			-0.1291
71.3833			-0.129098
71.4167			-0.129096
71.45			-0.129094
71.4833			-0.129092
71.5167			-0.12909
71.55			-0.129088
71.5833			-0.129086
71.6167			-0.129085
71.65			-0.129083
71.6833			-0.129081
71.7167			-0.129079
71.75			-0.129077
71.7833			-0.129075
71.8167			-0.129073
71.85			-0.129071
71.8833			-0.129069
71.9167			-0.129067
71.95			-0.129066
71.9833			-0.129064
72.0167			-0.129062
72.05			-0.12906
72.0833			-0.129058
72.1167			-0.129056
72.15			-0.129054
72.1833			-0.129052
72.2167			-0.129051
72.25			-0.129049
72.2833			-0.129047
72.3167			-0.129045
72.35			-0.129043
72.3833			-0.129041
72.4167			-0.129039
72.45			-0.129037
72.4833			-0.129036
72.5167			-0.129034
72.55			-0.129032
72.5833			-0.12903
72.6167			-0.129028
72.65			-0.129026
72.6833			-0.129024
72.7167			-0.129023
72.75			-0.129021
72.7833			-0.129019
72.8167			-0.129017
72.85			-0.129015
72.8833			-0.129013
72.9167			-0.129012
72.95			-0.12901
72.9833			-0.129008
73.0167			-0.129006
73.05			-0.129004
73.0833			-0.129002
73.1167			-0.129001
73.15			-0.128999
73.1833			-0.128997
73.2167			-0.128995
73.25			-0.128993
73.2833			-0.128991
73.3167			-0.12899
73.35			-0.128988
73.3833			-0.128986
73.4167			-0.128984
73.45			-0.128982
73.4833			-0.128981
73.5167			-0.128979
73.55			-0.128977
73.5833			-0.128975
73.6167			-0.128973
73.65			-0.128971
73.6833			-0.12897
73.7167			-0.128968
73.75			-0.128966
73.7833			-0.128964
73.8167			-0.128963
73.85			-0.128961
73.8833			-0.128959
73.9167			-0.128957
73.95			-0.128955
73.9833			-0.128954
74.0167			-0.128952
74.05			-0.12895
74.0833			-0.128948
74.1167			-0.128946
74.15			-0.128945
74.1833			-0.128943
74.2167			-0.128941
74.25			-0.128939
74.2833			-0.128938
74.3167			-0.128936
74.35			-0.128934
74.3833			-0.128932
74.4167			-0.12893
74.45			-0.128929
74.4833			-0.128927
74.5167			-0.128925
74.55			-0.128923
74.5833			-0.128922
74.6167			-0.12892
74.65			-0.128918
74.6833			-0.128916
74.7167			-0.128915
74.75			-0.128913
74.7833			-0.128911
74.8167			-0.128909
74.85			-0.128908
74.8833			-0.128906
74.9167			-0.128904
74.95			-0.128902
74.9833			-0.128901
75.0167			-0.128899
75.05			-0.128897
75.0833			-0.128895
75.1167			-0.128894
75.15			-0.128892
75.1833			-0.12889
75.2167			-0.128889
75.25			-0.128887
75.2833			-0.128885
75.3167			-0.128883
75.35			-0.128882
75.3833			-0.12888
75.4167			-0.128878
75.45			-0.128876
75.4833			-0.128875
75.5167			-0.128873
75.55			-0.128871
75.5833			-0.12887
75.6167			-0.128868
75.65			-0.128866
75.6833			-0.128865
75.7167			-0.128863
75.75			-0.128861
75.7833			-0.128859
75.8167			-0.128858
75.85			-0.128856
75.8833			-0.128854
75.9167			-0.128853
75.95			-0.128851
75.9833			-0.128849
76.0167			-0.128848
76.05			-0.128846
76.0833			-0.128844
76.1167			-0.128842
76.15			-0.128841
76.1833			-0.128839
76.2167			-0.128837
76.25			-0.128836
76.2833			-0.128834
76.3167			-0.128832
76.35			-0.128831
76.3833			-0.128829
76.4167			-0.128827
76.45			-0.128826
76.4833			-0.128824
76.5167			-0.128822
76.55			-0.128821
76.5833			-0.128819
76.6167			-0.128817
76.65			-0.128816
76.6833			-0.128814
76.7167			-0.128812
76.75			-0.128811
76.7833			-0.128809
76.8167			-0.128807
76.85			-0.128806
76.8833			-0.128804
76.9167			-0.128802
76.95			-0.128801
76.9833			-0.128799
77.0167			-0.128797
77.05			-0.128796
77.0833			-0.128794
77.1167			-0.128792
77.15			-0.128791
77.1833			-0.128789
77.2167			-0.128788
77.25			-0.128786
77.2833			-0.128784
77.3167			-0.128783
77.35			-0.128781
77.3833			-0.128779
77.4167			-0.128778
77.45			-0.128776
77.4833			-0.128774
77.5167			-0.128773
77.55			-0.128771
77.5833			-0.12877
77.6167			-0.128768
77.65			-0.128766
77.6833			-0.128765
77.7167			-0.128763
77.75			-0.128762
77.7833			-0.12876
77.8167			-0.128758
77.85			-0.128757
77.8833			-0.128755
77.9167			-0.128753
77.95			-0.128752
77.9833			-0.12875
78.0167			-0.128749
78.05			-0.128747
78.0833			-0.128745
78.1167			-0.128744
78.15			-0.128742
78.1833			-0.128741
78.2167			-0.128739
78.25			-0.128737
78.2833			-0.128736
78.3167			-0.128734
78.35			-0.128733
78.3833			-0.128731
78.4167			-0.128729
78.45			-0.128728
78.4833			-0.128726
78.5167			-0.128725
78.55			-0.128723
78.5833			-0.128722
78.6167			-0.12872
78.65			-0.128718
78.6833			-0.128717
78.7167			-0.128715
78.75			-0.128714
78.7833			-0.128712
78.8167			-0.12871
78.85			-0.128709
78.8833			-0.128707
78.9167			-0.128706
78.95			-0.128704
78.9833			-0.128703
79.0167			-0.128701
79.05			-0.128699
79.0833			-0.128698
79.1167			-0.128696
79.15			-0.128695
79.1833			-0.128693
79.2167			-0.128692
79.25			-0.12869
79.2833			-0.128689
79.3167			-0.128687
79.35			-0.128685
79.3833			-0.128684
79.4167			-0.128682
79.45			-0.128681
79.4833			-0.128679
79.5167			-0.128678
79.55			-0.128676
79.5833			-0.128675
79.6167			-0.128673
79.65			-0.128672
79.6833			-0.12867
79.7167			-0.128668
79.75			-0.128667
79.7833			-0.128665
79.8167			-0.128664
79.85			-0.128662
79.8833			-0.128661
79.9167			-0.128659
79.95			-0.128658
79.9833			-0.128656
80.0167			-0.128655
80.05			-0.128653
80.0833			-0.128652
80.1167			-0.12865
80.15			-0.128649
80.1833			-0.128647
80.2167			-0.128646
80.25			-0.128644
80.2833			-0.128643
80.3167			-0.128641
80.35			-0.128639
80.3833			-0.128638
80.4167			-0.128636
80.45			-0.128635
80.4833			-0.128633
80.5167			-0.128632
80.55			-0.12863
80.5833			-0.128629
80.6167			-0.128627
80.65			-0.128626
80.6833			-0.128624
80.7167			-0.128623
80.75			-0.128621
80.7833			-0.12862
80.8167			-0.128618
80.85			-0.128617
80.8833			-0.128615
80.9167			-0.128614
80.95			-0.128612
80.9833			-0.128611
81.0167			-0.128609
81.05			-0.128608
81.0833			-0.128606
81.1167			-0.128605
81.15			-0.128604
81.1833			-0.128602
81.2167			-0.128601
81.25			-0.128599
81.2833			-0.128598
81.3167			-0.128596
81.35			-0.128595
81.3833			-0.128593
81.4167			-0.128592
81.45			-0.12859
81.4833			-0.128589
81.5167			-0.128587
81.55			-0.128586
81.5833			-0.128584
81.6167			-0.128583
81.65			-0.128581
81.6833			-0.12858
81.7167			-0.128578
81.75			-0.128577
81.7833			-0.128576
81.8167			-0.128574
81.85			-0.128573
81.8833			-0.128571
81.9167			-0.12857
81.95			-0.128568
81.9833			-0.128567
82.0167			-0.128565
82.05			-0.128564
82.0833			-0.128562
82.1167			-0.128561
82.15			-0.12856
82.1833			-0.128558
82.2167			-0.128557
82.25			-0.128555
82.2833			-0.128554
82.3167			-0.128552
82.35			-0.128551
82.3833			-0.128549
82.4167			-0.128548
82.45			-0.128547
82.4833			-0.128545
82.5167			-0.128544
82.55			-0.128542
82.5833			-0.128541
82.6167			-0.128539
82.65			-0.128538
82.6833			-0.128537
82.7167			-0.128535
82.75			-0.128534
82.7833			-0.128532
82.8167			-0.128531
82.85			-0.128529
82.8833			-0.128528
82.9167			-0.128527
82.95			-0.128525
82.9833			-0.128524
83.0167			-0.128522
83.05			-0.128521
83.0833			-0.128519
83.1167			-0.128518
83.15			-0.128517
83.1833			-0.128515
83.2167			-0.128514
83.25			-0.128512
83.2833			-0.128511
83.3167			-0.12851
83.35			-0.128508
83.3833			-0.128507
83.4167			-0.128505
83.45			-0.128504
83.4833			-0.128503
83.5167			-0.128501
83.55			-0.1285
83.5833			-0.128498
83.6167			-0.128497
83.65			-0.128496
83.6833			-0.128494
83.7167			-0.128493
83.75			-0.128491
83.7833			-0.12849
83.8167			-0.128489
83.85			-0.128487
83.8833			-0.128486
83.9167			-0.128484
83.95			-0.128483
83.9833			-0.128482
84.0167			-0.12848
84.05			-0.128479
84.0833			-0.128477
84.1167			-0.128476
84.15			-0.128475
84.1833			-0.128473
84.2167			-0.128472
84.25			-0.128471
84.2833			-0.128469
84.3167			-0.128468
84.35			-0.128466
84.3833			-0.128465
84.4167			-0.128464
84.45			-0.128462
84.4833			-0.128461
84.5167			-0.12846
84.55			-0.128458
84.5833			-0.128457
84.6167			-0.128456
84.65			-0.128454
84.6833			-0.128453
84.7167			-0.128451
84.75			-0.12845
84.7833			-0.128449
84.8167			-0.128447
84.85			-0.128446
84.8833			-0.128445
84.9167			-0.128443
84.95			-0.128442
84.9833			-0.128441
85.0167			-0.128439
85.05			-0.128438
85.0833			-0.128437
85.1167			-0.128435
85.15			-0.128434
85.1833			-0.128432
85.2167			-0.128431
85.25			-0.12843
85.2833			-0.128428
85.3167			-0.128427
85.35			-0.128426
85.3833			-0.128424
85.4167			-0.128423
85.45			-0.128422
85.4833			-0.12842
85.5167			-0.128419
85.55			-0.128418
85.5833			-0.128416
85.6167			-0.128415
85.65			-0.128414
85.6833			-0.128412
85.7167			-0.128411
85.75			-0.12841
85.7833			-0.128408
85.8167			-0.128407
85.85			-0.128406
85.8833			-0.128404
85.9167			-0.128403
85.95			-0.128402
85.9833			-0.1284
86.0167			-0.128399
86.05			-0.128398
86.0833			-0.128397
86.1167			-0.128395
86.15			-0.128394
86.1833			-0.128393
86.2167			-0.128391
86.25			-0.12839
86.2833			-0.128389
86.3167			-0.128387
86.35			-0.128386
86.3833			-0.128385
86.4167			-0.128383
86.45			-0.128382
86.4833			-0.128381
86.5167			-0.128379
86.55			-0.128378
86.5833			-0.128377
86.6167			-0.128376
86.65			-0.128374
86.6833			-0.128373
86.7167			-0.128372
86.75			-0.12837
86.7833			-0.128369
86.8167			-0.128368
86.85			-0.128366
86.8833			-0.128365
86.9167			-0.128364
86.95			-0.128363
86.9833			-0.128361
87.0167			-0.12836
87.05			-0.128359
87.0833			-0.128357
87.1167			-0.128356
87.15			-0.128355
87.1833			-0.128354
87.2167			-0.128352
87.25			-0.128351
87.2833			-0.12835
87.3167			-0.128348
87.35			-0.128347
87.3833			-0.128346
87.4167			-0.128345
87.45			-0.128343
87.4833			-0.128342
87.5167			-0.128341
87.55			-0.128339
87.5833			-0.128338
87.6167			-0.128337
87.65			-0.128336
87.6833			-0.128334
87.7167			-0.128333
87.75			-0.128332
87.7833			-0.128331
87.8167			-0.128329
87.85			-0.128328
87.8833			-0.128327
87.9167			-0.128326
87.95			-0.128324
87.9833			-0.128323
88.0167			-0.128322
88.05			-0.12832
88.0833			-0.128319
88.1167			-0.128318
88.15			-0.128317
88.1833			-0.128315
88.2167			-0.128314
88.25			-0.128313
88.2833			-0.128312
88.3167			-0.12831
88.35			-0.128309
88.3833			-0.128308
88.4167			-0.128307
88.45			-0.128305
88.4833			-0.128304
88.5167			-0.128303
88.55			-0.128302
88.5833			-0.1283
88.6167			-0.128299
88.65			-0.128298
88.6833			-0.128297
88.7167			-0.128295
88.75			-0.128294
88.7833			-0.128293
88.8167			-0.128292
88.85			-0.12829
88.8833			-0.128289
88.9167			-0.128288
88.95			-0.128287
88.9833			-0.128286
89.0167			-0.128284
89.05			-0.128283
89.0833			-0.128282
89.1167			-0.128281
89.15			-0.128279
89.1833			-0.128278
89.2167			-0.128277
89.25			-0.128276
89.2833			-0.128274
89.3167			-0.128273
89.35			-0.128272
89.3833			-0.128271
89.4167			-0.12827
89.45			-0.128268
89.4833			-0.128267
89.5167			-0.128266
89.55			-0.128265
89.5833			-0.128263
89.6167			-0.128262
89.65			-0.128261
89.6833			-0.12826
89.7167			-0.128259
89.75			-0.128257
89.7833			-0.128256
89.8167			-0.128255
89.85			-0.128254
89.8833			-0.128253
89.9167			-0.128251
89.95			-0.12825
89.9833			-0.128249
90.0167			-0.128248
90.05			-0.128247
90.0833			-0.128245
90.1167			-0.128244
90.15			-0.128243
90.1833			-0.128242
90.2167			-0.128241
90.25			-0.128239
90.2833			-0.128238
90.3167			-0.128237
90.35			-0.128236
90.3833			-0.128235
90.4167			-0.128233
90.45			-0.128232
90.4833			-0.128231
90.5167			-0.12823
90.55			-0.128229
90.5833			-0.128227
90.6167			-0.128226
90.65			-0.128225
90.6833			-0.128224
90.7167			-0.128223
90.75			-0.128221
90.7833			-0.12822
90.8167			-0.128219
90.85			-0.128218
90.8833			-0.128217
90.9167			-0.128216
90.95			-0.128214
90.9833			-0.128213
91.0167			-0.128212
91.05			-0.128211
91.0833			-0.12821
91.1167			-0.128208
91.15			-0.128207
91.1833			-0.128206
91.2167			-0.128205
91.25			-0.128204
91.2833			-0.128203
91.3167			-0.128201
91.35			-0.1282
91.3833			-0.128199
91.4167			-0.128198
91.45			-0.128197
91.4833			-0.128196
91.5167			-0.128194
91.55			-0.128193
91.5833			-0.128192
91.6167			-0.128191
91.65			-0.12819
91.6833			-0.128189
91.7167			-0.128187
91.75			-0.128186
91.7833			-0.128185
91.8167			-0.128184
91.85			-0.128183
91.8833			-0.128182
91.9167			-0.12818
91.95			-0.128179
91.9833			-0.128178
92.0167			-0.128177
92.05			-0.128176
92.0833			-0.128175
92.1167			-0.128174
92.15			-0.128172
92.1833			-0.128171
92.2167			-0.12817
92.25			-0.128169
92.2833			-0.128168
92.3167			-0.128167
92.35			-0.128166
92.3833			-0.128164
92.4167			-0.128163
92.45			-0.128162
92.4833			-0.128161
92.5167			-0.12816
92.55			-0.128159
92.5833			-0.128158
92.6167			-0.128156
92.65			-0.128155
92.6833			-0.128154
92.7167			-0.128153
92.75			-0.128152
92.7833			-0.128151
92.8167			-0.12815
92.85			-0.128148
92.8833			-0.128147
92.9167			-0.128146
92.95			-0.128145
92.9833			-0.128144
93.0167			-0.128143
93.05			-0.128142
93.0833			-0.128141
93.1167			-0.128139
93.15			-0.128138
93.1833			-0.128137
93.2167			-0.128136
93.25			-0.128135
93.2833			-0.128134
93.3167			-0.128133
93.35			-0.128132
93.3833			-0.12813
93.4167			-0.128129
93.45			-0.128128
93.4833			-0.128127
93.5167			-0.128126
93.55			-0.128125
93.5833			-0.128124
93.6167			-0.128123
93.65			-0.128121
93.6833			-0.12812
93.7167			-0.128119
93.75			-0.128118
93.7833			-0.128117
93.8167			-0.128116
93.85			-0.128115
93.8833			-0.128114
93.9167			-0.128113
93.95			-0.128111
93.9833			-0.12811
94.0167			-0.128109
94.05			-0.128108
94.0833			-0.128107
94.1167			-0.128106
94.15			-0.128105
94.1833			-0.128104
94.2167			-0.128103
94.25			-0.128102
94.2833			-0.1281
94.3167			-0.128099
94.35			-0.128098
94.3833			-0.128097
94.4167			-0.128096
94.45			-0.128095
94.4833			-0.128094
94.5167			-0.128093
94.55			-0.128092
94.5833			-0.128091
94.6167			-0.12809
94.65			-0.128088
94.6833			-0.128087
94.7167			-0.128086
94.75			-0.128085
94.7833			-0.128084
94.8167			-0.128083
94.85			-0.128082
94.8833			-0.128081
94.9167			-0.12808
94.95			-0.128079
94.9833			-0.128078
95.0167			-0.128076
95.05			-0.128075
95.0833			-0.128074
95.1167			-0.128073
95.15			-0.128072
95.1833			-0.128071
95.2167			-0.12807
95.25			-0.128069
95.2833			-0.128068
95.3167			-0.128067
95.35			-0.128066
95.3833			-0.128065
95.4167			-0.128064
95.45			-0.128062
95.4833			-0.128061
95.5167			-0.12806
95.55			-0.128059
95.5833			-0.128058
95.6167			-0.128057
95.65			-0.128056
95.6833			-0.128055
95.7167			-0.128054
95.75			-0.128053
95.7833			-0.128052
95.8167			-0.128051
95.85			-0.12805
95.8833			-0.128049
95.9167			-0.128048
95.95			-0.128046
95.9833			-0.128045
96.0167			-0.128044
96.05			-0.128043
96.0833			-0.128042
96.1167			-0.128041
96.15			-0.12804
96.1833			-0.128039
96.2167			-0.128038
96.25			-0.128037
96.2833			-0.128036
96.3167			-0.128035
96.35			-0.128034
96.3833			-0.128033
96.4167			-0.128032
96.45			-0.128031
96.4833			-0.12803
96.5167			-0.128029
96.55			-0.128028
96.5833			-0.128026
96.6167			-0.128025
96.65			-0.128024
96.6833			-0.128023
96.7167			-0.128022
96.75			-0.128021
96.7833			-0.12802
96.8167			-0.128019
96.85			-0.128018
96.8833			-0.128017
96.9167			-0.128016
96.95			-0.128015
96.9833			-0.128014
97.0167			-0.128013
97.05			-0.128012
97.0833			-0.128011
97.1167			-0.12801
97.15			-0.128009
97.1833			-0.128008
97.2167			-0.128007
97.25			-0.128006
97.2833			-0.128005
97.3167			-0.128004
97.35			-0.128003
97.3833			-0.128002
97.4167			-0.128001
97.45			-0.127999
97.4833			-0.127998
97.5167			-0.127997
97.55			-0.127996
97.5833			-0.127995
97.6167			-0.127994
97.65			-0.127993
97.6833			-0.127992
97.7167			-0.127991
97.75			-0.12799
97.7833			-0.127989
97.8167			-0.127988
97.85			-0.127987
97.8833			-0.127986
97.9167			-0.127985
97.95			-0.127984
97.9833			-0.127983
98.0167			-0.127982
98.05			-0.127981
98.0833			-0.12798
98.1167			-0.127979
98.15			-0.127978
98.1833			-0.127977
98.2167			-0.127976
98.25			-0.127975
98.2833			-0.127974
98.3167			-0.127973
98.35			-0.127972
98.3833			-0.127971
98.4167			-0.12797
98.45			-0.127969
98.4833			-0.127968
98.5167			-0.127967
98.55			-0.127966
98.5833			-0.127965
98.6167			-0.127964
98.65			-0.127963
98.6833			-0.127962
98.7167			-0.127961
98.75			-0.12796
98.7833			-0.127959
98.8167			-0.127958
98.85			-0.127957
98.8833			-0.127956
98.9167			-0.127955
98.95			-0.127954
98.9833			-0.127953
99.0167			-0.127952
99.05			-0.127951
99.0833			-0.12795
99.1167			-0.127949
99.15			-0.127948
99.1833			-0.127947
99.2167			-0.127946
99.25			-0.127945
99.2833			-0.127944
99.3167			-0.127943
99.35			-0.127942
99.3833			-0.127941
99.4167			-0.12794
99.45			-0.127939
99.4833			-0.127938
99.5167			-0.127937
99.55			-0.127936
99.5833			-0.127935
99.6167			-0.127934
99.65			-0.127933
99.6833			-0.127932
99.7167			-0.127931
99.75			-0.12793
99.7833			-0.127929
99.8167			-0.127928
99.85			-0.127927
99.8833			-0.127926
99.9167			-0.127925
99.95			-0.127924
99.9833			-0.127923
