0.05			-0.291153
0.0833333			-0.290798
0.116667			-0.28934
0.15			-0.286347
0.183333			-0.281673
0.216667			-0.275402
0.25			-0.267801
0.283333			-0.259229
0.316667			-0.250052
0.35			-0.240591
0.383333			-0.231101
0.416667			-0.221766
0.45			-0.212715
0.483333			-0.204027
0.516667			-0.195748
0.55			-0.187899
0.583333			-0.180485
0.616667			-0.173496
0.65			-0.166917
0.683333			-0.16073
0.716667			-0.154912
0.75			-0.149441
0.783333			-0.144293
0.816667			-0.139447
0.85			-0.134881
0.883333			-0.130576
0.916667			-0.126513
0.95			-0.122675
0.983333			-0.119044
1.01667			-0.115608
1.05			-0.112351
1.08333			-0.109261
1.11667			-0.106328
1.15			-0.103539
1.18333			-0.100885
1.21667			-0.0983575
1.25			-0.0959478
1.28333			-0.0936484
1.31667			-0.0914521
1.35			-0.0893526
1.38333			-0.0873439
1.41667			-0.0854203
1.45			-0.0835769
1.48333			-0.0818089
1.51667			-0.0801119
1.55			-0.0784818
1.58333			-0.076915
1.61667			-0.0754079
1.65			-0.0739572
1.68333			-0.0725599
1.71667			-0.0712133
1.75			-0.0699146
1.78333			-0.0686614
1.81667			-0.0674514
1.85			-0.0662825
1.88333			-0.0651526
1.91667			-0.0640599
1.95			-0.0630026
1.98333			-0.0619791
2.01667			-0.0609877
2.05			-0.060027
2.08333			-0.0590956
2.11667			-0.0581923
2.15			-0.0573158
2.18333			-0.0564649
2.21667			-0.0556386
2.25			-0.0548357
2.28333			-0.0540554
2.31667			-0.0532968
2.35			-0.0525589
2.38333			-0.0518408
2.41667			-0.051142
2.45			-0.0504615
2.48333			-0.0497986
2.51667			-0.0491528
2.55			-0.0485234
2.58333			-0.0479097
2.61667			-0.0473111
2.65			-0.0467272
2.68333			-0.0461574
2.71667			-0.0456012
2.75			-0.0450582
2.78333			-0.0445278
2.81667			-0.0440096
2.85			-0.0435033
2.88333			-0.0430084
2.91667			-0.0425245
2.95			-0.0420513
2.98333			-0.0415885
3.01667			-0.0411356
3.05			-0.0406925
3.08333			-0.0402587
3.11667			-0.039834
3.15			-0.0394181
3.18333			-0.0390108
3.21667			-0.0386117
3.25			-0.0382207
3.28333			-0.0378374
3.31667			-0.0374617
3.35			-0.0370934
3.38333			-0.0367322
3.41667			-0.0363779
3.45			-0.0360303
3.48333			-0.0356893
3.51667			-0.0353547
3.55			-0.0350262
3.58333			-0.0347038
3.61667			-0.0343872
3.65			-0.0340763
3.68333			-0.0337709
3.71667			-0.0334709
3.75			-0.0331762
3.78333			-0.0328866
3.81667			-0.0326021
3.85			-0.0323223
3.88333			-0.0320473
3.91667			-0.0317769
3.95			-0.0315111
3.98333			-0.0312496
4.01667			-0.0309924
4.05			-0.0307394
4.08333			-0.0304905
4.11667			-0.0302455
4.15			-0.0300044
4.18333			-0.0297672
4.21667			-0.0295336
4.25			-0.0293037
4.28333			-0.0290773
4.31667			-0.0288544
4.35			-0.0286348
4.38333			-0.0284186
4.41667			-0.0282056
4.45			-0.0279957
4.48333			-0.0277889
4.51667			-0.0275852
4.55			-0.0273844
4.58333			-0.0271865
4.61667			-0.0269914
4.65			-0.0267992
4.68333			-0.0266096
4.71667			-0.0264226
4.75			-0.0262383
4.78333			-0.0260565
4.81667			-0.0258772
4.85			-0.0257004
4.88333			-0.025526
4.91667			-0.0253539
4.95			-0.025184
4.98333			-0.0250165
5.01667			-0.0248512
5.05			-0.024688
5.08333			-0.0245269
5.11667			-0.024368
5.15			-0.024211
5.18333			-0.0240561
5.21667			-0.0239031
5.25			-0.0237521
5.28333			-0.023603
5.31667			-0.0234557
5.35			-0.0233102
5.38333			-0.0231666
5.41667			-0.0230246
5.45			-0.0228844
5.48333			-0.0227459
5.51667			-0.0226091
5.55			-0.0224739
5.58333			-0.0223403
5.61667			-0.0222083
5.65			-0.0220778
5.68333			-0.0219489
5.71667			-0.0218214
5.75			-0.0216954
5.78333			-0.0215709
5.81667			-0.0214477
5.85			-0.021326
5.88333			-0.0212056
5.91667			-0.0210866
5.95			-0.0209689
5.98333			-0.0208526
6.01667			-0.0207375
6.05			-0.0206236
6.08333			-0.020511
6.11667			-0.0203996
6.15			-0.0202895
6.18333			-0.0201805
6.21667			-0.0200726
6.25			-0.0199659
6.28333			-0.0198604
6.31667			-0.0197559
6.35			-0.0196526
6.38333			-0.0195503
6.41667			-0.019449
6.45			-0.0193489
6.48333			-0.0192497
6.51667			-0.0191515
6.55			-0.0190544
6.58333			-0.0189582
6.61667			-0.018863
6.65			-0.0187687
6.68333			-0.0186754
6.71667			-0.018583
6.75			-0.0184915
6.78333			-0.0184009
6.81667			-0.0183111
6.85			-0.0182223
6.88333			-0.0181343
6.91667			-0.0180471
6.95			-0.0179608
6.98333			-0.0178753
7.01667			-0.0177906
7.05			-0.0177068
7.08333			-0.0176236
7.11667			-0.0175413
7.15			-0.0174598
7.18333			-0.0173789
7.21667			-0.0172989
7.25			-0.0172195
7.28333			-0.0171409
7.31667			-0.017063
7.35			-0.0169858
7.38333			-0.0169093
7.41667			-0.0168335
7.45			-0.0167584
7.48333			-0.0166839
7.51667			-0.0166101
7.55			-0.016537
7.58333			-0.0164644
7.61667			-0.0163925
7.65			-0.0163213
7.68333			-0.0162506
7.71667			-0.0161806
7.75			-0.0161112
7.78333			-0.0160423
7.81667			-0.015974
7.85			-0.0159064
7.88333			-0.0158393
7.91667			-0.0157727
7.95			-0.0157067
7.98333			-0.0156413
8.01667			-0.0155764
8.05			-0.015512
8.08333			-0.0154482
8.11667			-0.0153848
8.15			-0.015322
8.18333			-0.0152598
8.21667			-0.015198
8.25			-0.0151367
8.28333			-0.0150759
8.31667			-0.0150156
8.35			-0.0149558
8.38333			-0.0148964
8.41667			-0.0148375
8.45			-0.0147791
8.48333			-0.0147211
8.51667			-0.0146636
8.55			-0.0146066
8.58333			-0.0145499
8.61667			-0.0144938
8.65			-0.014438
8.68333			-0.0143827
8.71667			-0.0143278
8.75			-0.0142733
8.78333			-0.0142192
8.81667			-0.0141655
8.85			-0.0141123
8.88333			-0.0140594
8.91667			-0.0140069
8.95			-0.0139549
8.98333			-0.0139032
9.01667			-0.0138519
9.05			-0.0138009
9.08333			-0.0137504
9.11667			-0.0137002
9.15			-0.0136503
9.18333			-0.0136009
9.21667			-0.0135518
9.25			-0.013503
9.28333			-0.0134546
9.31667			-0.0134065
9.35			-0.0133588
9.38333			-0.0133114
9.41667			-0.0132644
9.45			-0.0132176
9.48333			-0.0131713
9.51667			-0.0131252
9.55			-0.0130794
9.58333			-0.013034
9.61667			-0.0129889
9.65			-0.0129441
9.68333			-0.0128996
9.71667			-0.0128554
9.75			-0.0128115
9.78333			-0.0127679
9.81667			-0.0127246
9.85			-0.0126816
9.88333			-0.0126389
9.91667			-0.0125965
9.95			-0.0125544
9.98333			-0.0125125
10.0167			-0.0124709
10.05			-0.0124296
10.0833			-0.0123886
10.1167			-0.0123478
10.15			-0.0123073
10.1833			-0.0122671
10.2167			-0.0122271
10.25			-0.0121874
10.2833			-0.0121479
10.3167			-0.0121087
10.35			-0.0120698
10.3833			-0.0120311
10.4167			-0.0119926
10.45			-0.0119544
10.4833			-0.0119165
10.5167			-0.0118787
10.55			-0.0118412
10.5833			-0.011804
10.6167			-0.011767
10.65			-0.0117302
10.6833			-0.0116936
10.7167			-0.0116573
10.75			-0.0116212
10.7833			-0.0115853
10.8167			-0.0115497
10.85			-0.0115142
10.8833			-0.011479
10.9167			-0.011444
10.95			-0.0114092
10.9833			-0.0113746
11.0167			-0.0113402
11.05			-0.011306
11.0833			-0.0112721
11.1167			-0.0112383
11.15			-0.0112048
11.1833			-0.0111714
11.2167			-0.0111382
11.25			-0.0111053
11.2833			-0.0110725
11.3167			-0.0110399
11.35			-0.0110075
11.3833			-0.0109753
11.4167			-0.0109433
11.45			-0.0109115
11.4833			-0.0108798
11.5167			-0.0108484
11.55			-0.0108171
11.5833			-0.010786
11.6167			-0.0107551
11.65			-0.0107243
11.6833			-0.0106938
11.7167			-0.0106634
11.75			-0.0106332
11.7833			-0.0106031
11.8167			-0.0105732
11.85			-0.0105435
11.8833			-0.010514
11.9167			-0.0104846
11.95			-0.0104554
11.9833			-0.0104263
12.0167			-0.0103974
12.05			-0.0103687
12.0833			-0.0103401
12.1167			-0.0103117
12.15			-0.0102834
12.1833			-0.0102553
12.2167			-0.0102274
12.25			-0.0101996
12.2833			-0.0101719
12.3167			-0.0101444
12.35			-0.010117
12.3833			-0.0100898
12.4167			-0.0100628
12.45			-0.0100358
12.4833			-0.0100091
12.5167			-0.00998244
12.55			-0.00995595
12.5833			-0.00992959
12.6167			-0.00990338
12.65			-0.00987731
12.6833			-0.00985137
12.7167			-0.00982557
12.75			-0.0097999
12.7833			-0.00977437
12.8167			-0.00974897
12.85			-0.0097237
12.8833			-0.00969856
12.9167			-0.00967355
12.95			-0.00964867
12.9833			-0.00962392
13.0167			-0.0095993
13.05			-0.0095748
13.0833			-0.00955042
13.1167			-0.00952617
13.15			-0.00950204
13.1833			-0.00947803
13.2167			-0.00945415
13.25			-0.00943038
13.2833			-0.00940673
13.3167			-0.00938321
13.35			-0.0093598
13.3833			-0.0093365
13.4167			-0.00931332
13.45			-0.00929026
13.4833			-0.00926731
13.5167			-0.00924447
13.55			-0.00922174
13.5833			-0.00919913
13.6167			-0.00917663
13.65			-0.00915423
13.6833			-0.00913195
13.7167			-0.00910977
13.75			-0.0090877
13.7833			-0.00906574
13.8167			-0.00904389
13.85			-0.00902214
13.8833			-0.00900049
13.9167			-0.00897895
13.95			-0.00895751
13.9833			-0.00893617
14.0167			-0.00891493
14.05			-0.00889379
14.0833			-0.00887276
14.1167			-0.00885182
14.15			-0.00883098
14.1833			-0.00881024
14.2167			-0.0087896
14.25			-0.00876905
14.2833			-0.0087486
14.3167			-0.00872824
14.35			-0.00870798
14.3833			-0.00868781
14.4167			-0.00866774
14.45			-0.00864776
14.4833			-0.00862787
14.5167			-0.00860807
14.55			-0.00858836
14.5833			-0.00856874
14.6167			-0.00854921
14.65			-0.00852977
14.6833			-0.00851042
14.7167			-0.00849116
14.75			-0.00847198
14.7833			-0.00845289
14.8167			-0.00843388
14.85			-0.00841496
14.8833			-0.00839613
14.9167			-0.00837738
14.95			-0.00835871
14.9833			-0.00834013
15.0167			-0.00832162
15.05			-0.0083032
15.0833			-0.00828487
15.1167			-0.00826661
15.15			-0.00824843
15.1833			-0.00823033
15.2167			-0.00821231
15.25			-0.00819437
15.2833			-0.00817651
15.3167			-0.00815873
15.35			-0.00814102
15.3833			-0.00812339
15.4167			-0.00810583
15.45			-0.00808836
15.4833			-0.00807095
15.5167			-0.00805362
15.55			-0.00803637
15.5833			-0.00801919
15.6167			-0.00800208
15.65			-0.00798505
15.6833			-0.00796808
15.7167			-0.00795119
15.75			-0.00793438
15.7833			-0.00791763
15.8167			-0.00790095
15.85			-0.00788434
15.8833			-0.00786781
15.9167			-0.00785134
15.95			-0.00783494
15.9833			-0.00781861
16.0167			-0.00780234
16.05			-0.00778615
16.0833			-0.00777002
16.1167			-0.00775396
16.15			-0.00773796
16.1833			-0.00772203
16.2167			-0.00770617
16.25			-0.00769037
16.2833			-0.00767463
16.3167			-0.00765896
16.35			-0.00764335
16.3833			-0.00762781
16.4167			-0.00761233
16.45			-0.00759691
16.4833			-0.00758156
16.5167			-0.00756626
16.55			-0.00755103
16.5833			-0.00753586
16.6167			-0.00752075
16.65			-0.0075057
16.6833			-0.00749071
16.7167			-0.00747578
16.75			-0.00746091
16.7833			-0.0074461
16.8167			-0.00743135
16.85			-0.00741666
16.8833			-0.00740202
16.9167			-0.00738744
16.95			-0.00737292
16.9833			-0.00735846
17.0167			-0.00734405
17.05			-0.0073297
17.0833			-0.0073154
17.1167			-0.00730116
17.15			-0.00728698
17.1833			-0.00727285
17.2167			-0.00725877
17.25			-0.00724475
17.2833			-0.00723079
17.3167			-0.00721687
17.35			-0.00720302
17.3833			-0.00718921
17.4167			-0.00717546
17.45			-0.00716176
17.4833			-0.00714811
17.5167			-0.00713451
17.55			-0.00712097
17.5833			-0.00710747
17.6167			-0.00709403
17.65			-0.00708064
17.6833			-0.0070673
17.7167			-0.00705401
17.75			-0.00704076
17.7833			-0.00702757
17.8167			-0.00701443
17.85			-0.00700134
17.8833			-0.00698829
17.9167			-0.0069753
17.95			-0.00696235
17.9833			-0.00694945
18.0167			-0.0069366
18.05			-0.00692379
18.0833			-0.00691103
18.1167			-0.00689832
18.15			-0.00688566
18.1833			-0.00687304
18.2167			-0.00686047
18.25			-0.00684794
18.2833			-0.00683546
18.3167			-0.00682303
18.35			-0.00681064
18.3833			-0.0067983
18.4167			-0.006786
18.45			-0.00677374
18.4833			-0.00676153
18.5167			-0.00674936
18.55			-0.00673724
18.5833			-0.00672516
18.6167			-0.00671312
18.65			-0.00670113
18.6833			-0.00668918
18.7167			-0.00667727
18.75			-0.0066654
18.7833			-0.00665358
18.8167			-0.0066418
18.85			-0.00663006
18.8833			-0.00661836
18.9167			-0.0066067
18.95			-0.00659508
18.9833			-0.00658351
19.0167			-0.00657197
19.05			-0.00656047
19.0833			-0.00654902
19.1167			-0.0065376
19.15			-0.00652623
19.1833			-0.00651489
19.2167			-0.0065036
19.25			-0.00649234
19.2833			-0.00648112
19.3167			-0.00646994
19.35			-0.0064588
19.3833			-0.0064477
19.4167			-0.00643663
19.45			-0.0064256
19.4833			-0.00641461
19.5167			-0.00640366
19.55			-0.00639275
19.5833			-0.00638187
19.6167			-0.00637103
19.65			-0.00636023
19.6833			-0.00634946
19.7167			-0.00633873
19.75			-0.00632803
19.7833			-0.00631737
19.8167			-0.00630675
19.85			-0.00629616
19.8833			-0.00628561
19.9167			-0.0062751
19.95			-0.00626461
19.9833			-0.00625417
20.0167			-0.00624376
20.05			-0.00623338
20.0833			-0.00622304
20.1167			-0.00621273
20.15			-0.00620246
20.1833			-0.00619222
20.2167			-0.00618201
20.25			-0.00617184
20.2833			-0.0061617
20.3167			-0.00615159
20.35			-0.00614152
20.3833			-0.00613148
20.4167			-0.00612147
20.45			-0.0061115
20.4833			-0.00610155
20.5167			-0.00609164
20.55			-0.00608177
20.5833			-0.00607192
20.6167			-0.00606211
20.65			-0.00605232
20.6833			-0.00604257
20.7167			-0.00603285
20.75			-0.00602316
20.7833			-0.00601351
20.8167			-0.00600388
20.85			-0.00599428
20.8833			-0.00598472
20.9167			-0.00597519
20.95			-0.00596568
20.9833			-0.00595621
21.0167			-0.00594676
21.05			-0.00593735
21.0833			-0.00592796
21.1167			-0.00591861
21.15			-0.00590928
21.1833			-0.00589999
21.2167			-0.00589072
21.25			-0.00588148
21.2833			-0.00587228
21.3167			-0.0058631
21.35			-0.00585394
21.3833			-0.00584482
21.4167			-0.00583573
21.45			-0.00582666
21.4833			-0.00581762
21.5167			-0.00580861
21.55			-0.00579963
21.5833			-0.00579068
21.6167			-0.00578175
21.65			-0.00577285
21.6833			-0.00576398
21.7167			-0.00575513
21.75			-0.00574632
21.7833			-0.00573753
21.8167			-0.00572876
21.85			-0.00572003
21.8833			-0.00571131
21.9167			-0.00570263
21.95			-0.00569397
21.9833			-0.00568534
22.0167			-0.00567674
22.05			-0.00566816
22.0833			-0.0056596
22.1167			-0.00565108
22.15			-0.00564257
22.1833			-0.0056341
22.2167			-0.00562565
22.25			-0.00561722
22.2833			-0.00560882
22.3167			-0.00560045
22.35			-0.00559209
22.3833			-0.00558377
22.4167			-0.00557547
22.45			-0.00556719
22.4833			-0.00555894
22.5167			-0.00555071
22.55			-0.00554251
22.5833			-0.00553433
22.6167			-0.00552618
22.65			-0.00551805
22.6833			-0.00550994
22.7167			-0.00550186
22.75			-0.0054938
22.7833			-0.00548576
22.8167			-0.00547775
22.85			-0.00546976
22.8833			-0.0054618
22.9167			-0.00545385
22.95			-0.00544593
22.9833			-0.00543804
23.0167			-0.00543016
23.05			-0.00542231
23.0833			-0.00541449
23.1167			-0.00540668
23.15			-0.0053989
23.1833			-0.00539114
23.2167			-0.0053834
23.25			-0.00537568
23.2833			-0.00536799
23.3167			-0.00536031
23.35			-0.00535266
23.3833			-0.00534504
23.4167			-0.00533743
23.45			-0.00532984
23.4833			-0.00532228
23.5167			-0.00531474
23.55			-0.00530722
23.5833			-0.00529972
23.6167			-0.00529224
23.65			-0.00528478
23.6833			-0.00527735
23.7167			-0.00526993
23.75			-0.00526254
23.7833			-0.00525516
23.8167			-0.00524781
23.85			-0.00524048
23.8833			-0.00523316
23.9167			-0.00522587
23.95			-0.0052186
23.9833			-0.00521135
24.0167			-0.00520412
24.05			-0.00519691
24.0833			-0.00518971
24.1167			-0.00518254
24.15			-0.00517539
24.1833			-0.00516826
24.2167			-0.00516115
24.25			-0.00515405
24.2833			-0.00514698
24.3167			-0.00513993
24.35			-0.00513289
24.3833			-0.00512588
24.4167			-0.00511888
24.45			-0.0051119
24.4833			-0.00510495
24.5167			-0.00509801
24.55			-0.00509109
24.5833			-0.00508418
24.6167			-0.0050773
24.65			-0.00507044
24.6833			-0.00506359
24.7167			-0.00505676
24.75			-0.00504996
24.7833			-0.00504316
24.8167			-0.00503639
24.85			-0.00502964
24.8833			-0.0050229
24.9167			-0.00501618
24.95			-0.00500948
24.9833			-0.0050028
25.0167			-0.00499614
25.05			-0.00498949
25.0833			-0.00498286
25.1167			-0.00497625
25.15			-0.00496966
25.1833			-0.00496308
25.2167			-0.00495652
25.25			-0.00494998
25.2833			-0.00494345
25.3167			-0.00493695
25.35			-0.00493045
25.3833			-0.00492398
25.4167			-0.00491753
25.45			-0.00491109
25.4833			-0.00490466
25.5167			-0.00489826
25.55			-0.00489187
25.5833			-0.0048855
25.6167			-0.00487914
25.65			-0.0048728
25.6833			-0.00486648
25.7167			-0.00486017
25.75			-0.00485388
25.7833			-0.00484761
25.8167			-0.00484135
25.85			-0.00483511
25.8833			-0.00482888
25.9167			-0.00482267
25.95			-0.00481648
25.9833			-0.0048103
26.0167			-0.00480414
26.05			-0.00479799
26.0833			-0.00479186
26.1167			-0.00478575
26.15			-0.00477965
26.1833			-0.00477357
26.2167			-0.0047675
26.25			-0.00476144
26.2833			-0.00475541
26.3167			-0.00474938
26.35			-0.00474338
26.3833			-0.00473739
26.4167			-0.00473141
26.45			-0.00472545
26.4833			-0.0047195
26.5167			-0.00471357
26.55			-0.00470765
26.5833			-0.00470175
26.6167			-0.00469586
26.65			-0.00468999
26.6833			-0.00468413
26.7167			-0.00467829
26.75			-0.00467246
26.7833			-0.00466665
26.8167			-0.00466085
26.85			-0.00465506
26.8833			-0.00464929
26.9167			-0.00464354
26.95			-0.00463779
26.9833			-0.00463207
27.0167			-0.00462635
27.05			-0.00462065
27.0833			-0.00461497
27.1167			-0.00460929
27.15			-0.00460364
27.1833			-0.00459799
27.2167			-0.00459236
27.25			-0.00458674
27.2833			-0.00458114
27.3167			-0.00457555
27.35			-0.00456998
27.3833			-0.00456441
27.4167			-0.00455887
27.45			-0.00455333
27.4833			-0.00454781
27.5167			-0.0045423
27.55			-0.00453681
27.5833			-0.00453133
27.6167			-0.00452586
27.65			-0.0045204
27.6833			-0.00451496
27.7167			-0.00450953
27.75			-0.00450411
27.7833			-0.00449871
27.8167			-0.00449332
27.85			-0.00448794
27.8833			-0.00448258
27.9167			-0.00447723
27.95			-0.00447189
27.9833			-0.00446656
28.0167			-0.00446125
28.05			-0.00445595
28.0833			-0.00445066
28.1167			-0.00444539
28.15			-0.00444012
28.1833			-0.00443487
28.2167			-0.00442964
28.25			-0.00442441
28.2833			-0.0044192
28.3167			-0.00441399
28.35			-0.00440881
28.3833			-0.00440363
28.4167			-0.00439846
28.45			-0.00439331
28.4833			-0.00438817
28.5167			-0.00438304
28.55			-0.00437793
28.5833			-0.00437282
28.6167			-0.00436773
28.65			-0.00436265
28.6833			-0.00435758
28.7167			-0.00435252
28.75			-0.00434748
28.7833			-0.00434244
28.8167			-0.00433742
28.85			-0.00433241
28.8833			-0.00432741
28.9167			-0.00432242
28.95			-0.00431745
28.9833			-0.00431248
29.0167			-0.00430753
29.05			-0.00430259
29.0833			-0.00429766
29.1167			-0.00429274
29.15			-0.00428783
29.1833			-0.00428293
29.2167			-0.00427805
29.25			-0.00427317
29.2833			-0.00426831
29.3167			-0.00426346
29.35			-0.00425861
29.3833			-0.00425378
29.4167			-0.00424896
29.45			-0.00424416
29.4833			-0.00423936
29.5167			-0.00423457
29.55			-0.0042298
29.5833			-0.00422503
29.6167			-0.00422028
29.65			-0.00421553
29.6833			-0.0042108
29.7167			-0.00420608
29.75			-0.00420136
29.7833			-0.00419666
29.8167			-0.00419197
29.85			-0.00418729
29.8833			-0.00418262
29.9167			-0.00417796
29.95			-0.00417331
29.9833			-0.00416867
30.0167			-0.00416405
30.05			-0.00415943
30.0833			-0.00415482
30.1167			-0.00415022
30.15			-0.00414563
30.1833			-0.00414106
30.2167			-0.00413649
30.25			-0.00413193
30.2833			-0.00412738
30.3167			-0.00412285
30.35			-0.00411832
30.3833			-0.0041138
30.4167			-0.00410929
30.45			-0.0041048
30.4833			-0.00410031
30.5167			-0.00409583
30.55			-0.00409136
30.5833			-0.0040869
30.6167			-0.00408245
30.65			-0.00407801
30.6833			-0.00407358
30.7167			-0.00406916
30.75			-0.00406475
30.7833			-0.00406035
30.8167			-0.00405596
30.85			-0.00405158
30.8833			-0.00404721
30.9167			-0.00404284
30.95			-0.00403849
30.9833			-0.00403415
31.0167			-0.00402981
31.05			-0.00402549
31.0833			-0.00402117
31.1167			-0.00401686
31.15			-0.00401257
31.1833			-0.00400828
31.2167			-0.004004
31.25			-0.00399973
31.2833			-0.00399547
31.3167			-0.00399121
31.35			-0.00398697
31.3833			-0.00398274
31.4167			-0.00397851
31.45			-0.00397429
31.4833			-0.00397009
31.5167			-0.00396589
31.55			-0.0039617
31.5833			-0.00395752
31.6167			-0.00395335
31.65			-0.00394918
31.6833			-0.00394503
31.7167			-0.00394088
31.75			-0.00393675
31.7833			-0.00393262
31.8167			-0.0039285
31.85			-0.00392439
31.8833			-0.00392029
31.9167			-0.00391619
31.95			-0.00391211
31.9833			-0.00390803
32.0167			-0.00390396
32.05			-0.0038999
32.0833			-0.00389585
32.1167			-0.00389181
32.15			-0.00388777
32.1833			-0.00388375
32.2167			-0.00387973
32.25			-0.00387572
32.2833			-0.00387172
32.3167			-0.00386773
32.35			-0.00386374
32.3833			-0.00385976
32.4167			-0.0038558
32.45			-0.00385184
32.4833			-0.00384788
32.5167			-0.00384394
32.55			-0.00384
32.5833			-0.00383608
32.6167			-0.00383216
32.65			-0.00382824
32.6833			-0.00382434
32.7167			-0.00382044
32.75			-0.00381656
32.7833			-0.00381268
32.8167			-0.0038088
32.85			-0.00380494
32.8833			-0.00380108
32.9167			-0.00379723
32.95			-0.00379339
32.9833			-0.00378956
33.0167			-0.00378574
33.05			-0.00378192
33.0833			-0.00377811
33.1167			-0.00377431
33.15			-0.00377051
33.1833			-0.00376672
33.2167			-0.00376294
33.25			-0.00375917
33.2833			-0.00375541
33.3167			-0.00375165
33.35			-0.0037479
33.3833			-0.00374416
33.4167			-0.00374043
33.45			-0.0037367
33.4833			-0.00373298
33.5167			-0.00372927
33.55			-0.00372556
33.5833			-0.00372186
33.6167			-0.00371817
33.65			-0.00371449
33.6833			-0.00371082
33.7167			-0.00370715
33.75			-0.00370349
33.7833			-0.00369983
33.8167			-0.00369619
33.85			-0.00369255
33.8833			-0.00368892
33.9167			-0.00368529
33.95			-0.00368167
33.9833			-0.00367806
34.0167			-0.00367446
34.05			-0.00367086
34.0833			-0.00366727
34.1167			-0.00366369
34.15			-0.00366011
34.1833			-0.00365654
34.2167			-0.00365298
34.25			-0.00364943
34.2833			-0.00364588
34.3167			-0.00364234
34.35			-0.0036388
34.3833			-0.00363528
34.4167			-0.00363176
34.45			-0.00362824
34.4833			-0.00362474
34.5167			-0.00362124
34.55			-0.00361774
34.5833			-0.00361426
34.6167			-0.00361078
34.65			-0.0036073
34.6833			-0.00360384
34.7167			-0.00360038
34.75			-0.00359692
34.7833			-0.00359348
34.8167			-0.00359004
34.85			-0.0035866
34.8833			-0.00358318
34.9167			-0.00357976
34.95			-0.00357634
34.9833			-0.00357294
35.0167			-0.00356953
35.05			-0.00356614
35.0833			-0.00356275
35.1167			-0.00355937
35.15			-0.003556
35.1833			-0.00355263
35.2167			-0.00354926
35.25			-0.00354591
35.2833			-0.00354256
35.3167			-0.00353922
35.35			-0.00353588
35.3833			-0.00353255
35.4167			-0.00352922
35.45			-0.00352591
35.4833			-0.00352259
35.5167			-0.00351929
35.55			-0.00351599
35.5833			-0.0035127
35.6167			-0.00350941
35.65			-0.00350613
35.6833			-0.00350285
35.7167			-0.00349958
35.75			-0.00349632
35.7833			-0.00349306
35.8167			-0.00348981
35.85			-0.00348657
35.8833			-0.00348333
35.9167			-0.0034801
35.95			-0.00347687
35.9833			-0.00347365
36.0167			-0.00347044
36.05			-0.00346723
36.0833			-0.00346403
36.1167			-0.00346083
36.15			-0.00345764
36.1833			-0.00345445
36.2167			-0.00345127
36.25			-0.0034481
36.2833			-0.00344493
36.3167			-0.00344177
36.35			-0.00343862
36.3833			-0.00343547
36.4167			-0.00343232
36.45			-0.00342918
36.4833			-0.00342605
36.5167			-0.00342292
36.55			-0.0034198
36.5833			-0.00341669
36.6167			-0.00341358
36.65			-0.00341047
36.6833			-0.00340737
36.7167			-0.00340428
36.75			-0.00340119
36.7833			-0.00339811
36.8167			-0.00339503
36.85			-0.00339196
36.8833			-0.0033889
36.9167			-0.00338584
36.95			-0.00338278
36.9833			-0.00337974
37.0167			-0.00337669
37.05			-0.00337366
37.0833			-0.00337062
37.1167			-0.0033676
37.15			-0.00336458
37.1833			-0.00336156
37.2167			-0.00335855
37.25			-0.00335554
37.2833			-0.00335254
37.3167			-0.00334955
37.35			-0.00334656
37.3833			-0.00334358
37.4167			-0.0033406
37.45			-0.00333763
37.4833			-0.00333466
37.5167			-0.00333169
37.55			-0.00332874
37.5833			-0.00332579
37.6167			-0.00332284
37.65			-0.0033199
37.6833			-0.00331696
37.7167			-0.00331403
37.75			-0.0033111
37.7833			-0.00330818
37.8167			-0.00330527
37.85			-0.00330236
37.8833			-0.00329945
37.9167			-0.00329655
37.95			-0.00329366
37.9833			-0.00329077
38.0167			-0.00328788
38.05			-0.003285
38.0833			-0.00328212
38.1167			-0.00327925
38.15			-0.00327639
38.1833			-0.00327353
38.2167			-0.00327067
38.25			-0.00326782
38.2833			-0.00326498
38.3167			-0.00326214
38.35			-0.0032593
38.3833			-0.00325647
38.4167			-0.00325365
38.45			-0.00325083
38.4833			-0.00324801
38.5167			-0.0032452
38.55			-0.0032424
38.5833			-0.0032396
38.6167			-0.0032368
38.65			-0.00323401
38.6833			-0.00323122
38.7167			-0.00322844
38.75			-0.00322566
38.7833			-0.00322289
38.8167			-0.00322012
38.85			-0.00321736
38.8833			-0.0032146
38.9167			-0.00321185
38.95			-0.0032091
38.9833			-0.00320636
39.0167			-0.00320362
39.05			-0.00320088
39.0833			-0.00319815
39.1167			-0.00319543
39.15			-0.00319271
39.1833			-0.00318999
39.2167			-0.00318728
39.25			-0.00318458
39.2833			-0.00318187
39.3167			-0.00317918
39.35			-0.00317648
39.3833			-0.0031738
39.4167			-0.00317111
39.45			-0.00316843
39.4833			-0.00316576
39.5167			-0.00316309
39.55			-0.00316042
39.5833			-0.00315776
39.6167			-0.0031551
39.65			-0.00315245
39.6833			-0.0031498
39.7167			-0.00314716
39.75			-0.00314452
39.7833			-0.00314189
39.8167			-0.00313926
39.85			-0.00313663
39.8833			-0.00313401
39.9167			-0.00313139
39.95			-0.00312878
39.9833			-0.00312617
40.0167			-0.00312357
40.05			-0.00312097
40.0833			-0.00311837
40.1167			-0.00311578
40.15			-0.0031132
40.1833			-0.00311061
40.2167			-0.00310804
40.25			-0.00310546
40.2833			-0.00310289
40.3167			-0.00310033
40.35			-0.00309777
40.3833			-0.00309521
40.4167			-0.00309266
40.45			-0.00309011
40.4833			-0.00308756
40.5167			-0.00308502
40.55			-0.00308249
40.5833			-0.00307996
40.6167			-0.00307743
40.65			-0.00307491
40.6833			-0.00307239
40.7167			-0.00306987
40.75			-0.00306736
40.7833			-0.00306485
40.8167			-0.00306235
40.85			-0.00305985
40.8833			-0.00305736
40.9167			-0.00305487
40.95			-0.00305238
40.9833			-0.0030499
41.0167			-0.00304742
41.05			-0.00304495
41.0833			-0.00304248
41.1167			-0.00304001
41.15			-0.00303755
41.1833			-0.00303509
41.2167			-0.00303263
41.25			-0.00303018
41.2833			-0.00302774
41.3167			-0.0030253
41.35			-0.00302286
41.3833			-0.00302042
41.4167			-0.00301799
41.45			-0.00301556
41.4833			-0.00301314
41.5167			-0.00301072
41.55			-0.00300831
41.5833			-0.0030059
41.6167			-0.00300349
41.65			-0.00300109
41.6833			-0.00299869
41.7167			-0.00299629
41.75			-0.0029939
41.7833			-0.00299151
41.8167			-0.00298912
41.85			-0.00298674
41.8833			-0.00298437
41.9167			-0.00298199
41.95			-0.00297962
41.9833			-0.00297726
42.0167			-0.0029749
42.05			-0.00297254
42.0833			-0.00297019
42.1167			-0.00296783
42.15			-0.00296549
42.1833			-0.00296314
42.2167			-0.00296081
42.25			-0.00295847
42.2833			-0.00295614
42.3167			-0.00295381
42.35			-0.00295148
42.3833			-0.00294916
42.4167			-0.00294685
42.45			-0.00294453
42.4833			-0.00294222
42.5167			-0.00293992
42.55			-0.00293761
42.5833			-0.00293531
42.6167			-0.00293302
42.65			-0.00293072
42.6833			-0.00292844
42.7167			-0.00292615
42.75			-0.00292387
42.7833			-0.00292159
42.8167			-0.00291932
42.85			-0.00291705
42.8833			-0.00291478
42.9167			-0.00291252
42.95			-0.00291026
42.9833			-0.002908
43.0167			-0.00290575
43.05			-0.0029035
43.0833			-0.00290125
43.1167			-0.00289901
43.15			-0.00289677
43.1833			-0.00289453
43.2167			-0.0028923
43.25			-0.00289007
43.2833			-0.00288784
43.3167			-0.00288562
43.35			-0.0028834
43.3833			-0.00288119
43.4167			-0.00287898
43.45			-0.00287677
43.4833			-0.00287456
43.5167			-0.00287236
43.55			-0.00287016
43.5833			-0.00286797
43.6167			-0.00286578
43.65			-0.00286359
43.6833			-0.0028614
43.7167			-0.00285922
43.75			-0.00285704
43.7833			-0.00285487
43.8167			-0.0028527
43.85			-0.00285053
43.8833			-0.00284836
43.9167			-0.0028462
43.95			-0.00284404
43.9833			-0.00284189
44.0167			-0.00283974
44.05			-0.00283759
44.0833			-0.00283544
44.1167			-0.0028333
44.15			-0.00283116
44.1833			-0.00282902
44.2167			-0.00282689
44.25			-0.00282476
44.2833			-0.00282264
44.3167			-0.00282051
44.35			-0.00281839
44.3833			-0.00281628
44.4167			-0.00281416
44.45			-0.00281205
44.4833			-0.00280995
44.5167			-0.00280784
44.55			-0.00280574
44.5833			-0.00280364
44.6167			-0.00280155
44.65			-0.00279946
44.6833			-0.00279737
44.7167			-0.00279529
44.75			-0.0027932
44.7833			-0.00279112
44.8167			-0.00278905
44.85			-0.00278698
44.8833			-0.00278491
44.9167			-0.00278284
44.95			-0.00278078
44.9833			-0.00277872
45.0167			-0.00277666
45.05			-0.0027746
45.0833			-0.00277255
45.1167			-0.0027705
45.15			-0.00276846
45.1833			-0.00276642
45.2167			-0.00276438
45.25			-0.00276234
45.2833			-0.00276031
45.3167			-0.00275828
45.35			-0.00275625
45.3833			-0.00275423
45.4167			-0.0027522
45.45			-0.00275019
45.4833			-0.00274817
45.5167			-0.00274616
45.55			-0.00274415
45.5833			-0.00274214
45.6167			-0.00274014
45.65			-0.00273814
45.6833			-0.00273614
45.7167			-0.00273415
45.75			-0.00273215
45.7833			-0.00273016
45.8167			-0.00272818
45.85			-0.00272619
45.8833			-0.00272421
45.9167			-0.00272224
45.95			-0.00272026
45.9833			-0.00271829
46.0167			-0.00271632
46.05			-0.00271436
46.0833			-0.00271239
46.1167			-0.00271043
46.15			-0.00270847
46.1833			-0.00270652
46.2167			-0.00270457
46.25			-0.00270262
46.2833			-0.00270067
46.3167			-0.00269873
46.35			-0.00269679
46.3833			-0.00269485
46.4167			-0.00269291
46.45			-0.00269098
46.4833			-0.00268905
46.5167			-0.00268713
46.55			-0.0026852
46.5833			-0.00268328
46.6167			-0.00268136
46.65			-0.00267945
46.6833			-0.00267753
46.7167			-0.00267562
46.75			-0.00267372
46.7833			-0.00267181
46.8167			-0.00266991
46.85			-0.00266801
46.8833			-0.00266611
46.9167			-0.00266422
46.95			-0.00266233
46.9833			-0.00266044
47.0167			-0.00265855
47.05			-0.00265667
47.0833			-0.00265479
47.1167			-0.00265291
47.15			-0.00265103
47.1833			-0.00264916
47.2167			-0.00264729
47.25			-0.00264542
47.2833			-0.00264356
47.3167			-0.0026417
47.35			-0.00263984
47.3833			-0.00263798
47.4167			-0.00263613
47.45			-0.00263427
47.4833			-0.00263242
47.5167			-0.00263058
47.55			-0.00262873
47.5833			-0.00262689
47.6167			-0.00262505
47.65			-0.00262322
47.6833			-0.00262138
47.7167			-0.00261955
47.75			-0.00261772
47.7833			-0.0026159
47.8167			-0.00261408
47.85			-0.00261225
47.8833			-0.00261044
47.9167			-0.00260862
47.95			-0.00260681
47.9833			-0.002605
48.0167			-0.00260319
48.05			-0.00260138
48.0833			-0.00259958
48.1167			-0.00259778
48.15			-0.00259598
48.1833			-0.00259418
48.2167			-0.00259239
48.25			-0.0025906
48.2833			-0.00258881
48.3167			-0.00258703
48.35			-0.00258524
48.3833			-0.00258346
48.4167			-0.00258168
48.45			-0.00257991
48.4833			-0.00257813
48.5167			-0.00257636
48.55			-0.00257459
48.5833			-0.00257283
48.6167			-0.00257106
48.65			-0.0025693
48.6833			-0.00256754
48.7167			-0.00256578
48.75			-0.00256403
48.7833			-0.00256228
48.8167			-0.00256053
48.85			-0.00255878
48.8833			-0.00255704
48.9167			-0.0025553
48.95			-0.00255356
48.9833			-0.00255182
49.0167			-0.00255008
49.05			-0.00254835
49.0833			-0.00254662
49.1167			-0.00254489
49.15			-0.00254316
49.1833			-0.00254144
49.2167			-0.00253972
49.25			-0.002538
49.2833			-0.00253628
49.3167			-0.00253457
49.35			-0.00253286
49.3833			-0.00253115
49.4167			-0.00252944
49.45			-0.00252774
49.4833			-0.00252603
49.5167			-0.00252433
49.55			-0.00252264
49.5833			-0.00252094
49.6167			-0.00251925
49.65			-0.00251756
49.6833			-0.00251587
49.7167			-0.00251418
49.75			-0.0025125
49.7833			-0.00251081
49.8167			-0.00250913
49.85			-0.00250746
49.8833			-0.00250578
49.9167			-0.00250411
49.95			-0.00250244
49.9833			-0.00250077
50.0167			-0.0024991
50.05			-0.00249744
50.0833			-0.00249577
50.1167			-0.00249411
50.15			-0.00249246
50.1833			-0.0024908
50.2167			-0.00248915
50.25			-0.0024875
50.2833			-0.00248585
50.3167			-0.0024842
50.35			-0.00248256
50.3833			-0.00248091
50.4167			-0.00247927
50.45			-0.00247764
50.4833			-0.002476
50.5167			-0.00247437
50.55			-0.00247273
50.5833			-0.00247111
50.6167			-0.00246948
50.65			-0.00246785
50.6833			-0.00246623
50.7167			-0.00246461
50.75			-0.00246299
50.7833			-0.00246137
50.8167			-0.00245976
50.85			-0.00245815
50.8833			-0.00245654
50.9167			-0.00245493
50.95			-0.00245332
50.9833			-0.00245172
51.0167			-0.00245012
51.05			-0.00244852
51.0833			-0.00244692
51.1167			-0.00244532
51.15			-0.00244373
51.1833			-0.00244214
51.2167			-0.00244055
51.25			-0.00243896
51.2833			-0.00243738
51.3167			-0.00243579
51.35			-0.00243421
51.3833			-0.00243263
51.4167			-0.00243106
51.45			-0.00242948
51.4833			-0.00242791
51.5167			-0.00242634
51.55			-0.00242477
51.5833			-0.0024232
51.6167			-0.00242164
51.65			-0.00242008
51.6833			-0.00241851
51.7167			-0.00241696
51.75			-0.0024154
51.7833			-0.00241384
51.8167			-0.00241229
51.85			-0.00241074
51.8833			-0.00240919
51.9167			-0.00240765
51.95			-0.0024061
51.9833			-0.00240456
52.0167			-0.00240302
52.05			-0.00240148
52.0833			-0.00239994
52.1167			-0.00239841
52.15			-0.00239687
52.1833			-0.00239534
52.2167			-0.00239381
52.25			-0.00239229
52.2833			-0.00239076
52.3167			-0.00238924
52.35			-0.00238772
52.3833			-0.0023862
52.4167			-0.00238468
52.45			-0.00238316
52.4833			-0.00238165
52.5167			-0.00238014
52.55			-0.00237863
52.5833			-0.00237712
52.6167			-0.00237562
52.65			-0.00237411
52.6833			-0.00237261
52.7167			-0.00237111
52.75			-0.00236961
52.7833			-0.00236812
52.8167			-0.00236662
52.85			-0.00236513
52.8833			-0.00236364
52.9167			-0.00236215
52.95			-0.00236066
52.9833			-0.00235918
53.0167			-0.00235769
53.05			-0.00235621
53.0833			-0.00235473
53.1167			-0.00235325
53.15			-0.00235178
53.1833			-0.0023503
53.2167			-0.00234883
53.25			-0.00234736
53.2833			-0.00234589
53.3167			-0.00234443
53.35			-0.00234296
53.3833			-0.0023415
53.4167			-0.00234004
53.45			-0.00233858
53.4833			-0.00233712
53.5167			-0.00233567
53.55			-0.00233421
53.5833			-0.00233276
53.6167			-0.00233131
53.65			-0.00232986
53.6833			-0.00232842
53.7167			-0.00232697
53.75			-0.00232553
53.7833			-0.00232409
53.8167			-0.00232265
53.85			-0.00232121
53.8833			-0.00231977
53.9167			-0.00231834
53.95			-0.00231691
53.9833			-0.00231548
54.0167			-0.00231405
54.05			-0.00231262
54.0833			-0.0023112
54.1167			-0.00230977
54.15			-0.00230835
54.1833			-0.00230693
54.2167			-0.00230551
54.25			-0.0023041
54.2833			-0.00230268
54.3167			-0.00230127
54.35			-0.00229986
54.3833			-0.00229845
54.4167			-0.00229704
54.45			-0.00229563
54.4833			-0.00229423
54.5167			-0.00229283
54.55			-0.00229142
54.5833			-0.00229003
54.6167			-0.00228863
54.65			-0.00228723
54.6833			-0.00228584
54.7167			-0.00228445
54.75			-0.00228305
54.7833			-0.00228167
54.8167			-0.00228028
54.85			-0.00227889
54.8833			-0.00227751
54.9167			-0.00227613
54.95			-0.00227475
54.9833			-0.00227337
55.0167			-0.00227199
55.05			-0.00227061
55.0833			-0.00226924
55.1167			-0.00226787
55.15			-0.0022665
55.1833			-0.00226513
55.2167			-0.00226376
55.25			-0.00226239
55.2833			-0.00226103
55.3167			-0.00225967
55.35			-0.00225831
55.3833			-0.00225695
55.4167			-0.00225559
55.45			-0.00225423
55.4833			-0.00225288
55.5167			-0.00225153
55.55			-0.00225018
55.5833			-0.00224883
55.6167			-0.00224748
55.65			-0.00224613
55.6833			-0.00224479
55.7167			-0.00224345
55.75			-0.0022421
55.7833			-0.00224076
55.8167			-0.00223943
55.85			-0.00223809
55.8833			-0.00223676
55.9167			-0.00223542
55.95			-0.00223409
55.9833			-0.00223276
56.0167			-0.00223143
56.05			-0.0022301
56.0833			-0.00222878
56.1167			-0.00222746
56.15			-0.00222613
56.1833			-0.00222481
56.2167			-0.00222349
56.25			-0.00222218
56.2833			-0.00222086
56.3167			-0.00221954
56.35			-0.00221823
56.3833			-0.00221692
56.4167			-0.00221561
56.45			-0.0022143
56.4833			-0.002213
56.5167			-0.00221169
56.55			-0.00221039
56.5833			-0.00220909
56.6167			-0.00220778
56.65			-0.00220649
56.6833			-0.00220519
56.7167			-0.00220389
56.75			-0.0022026
56.7833			-0.0022013
56.8167			-0.00220001
56.85			-0.00219872
56.8833			-0.00219743
56.9167			-0.00219615
56.95			-0.00219486
56.9833			-0.00219358
57.0167			-0.0021923
57.05			-0.00219102
57.0833			-0.00218974
57.1167			-0.00218846
57.15			-0.00218718
57.1833			-0.00218591
57.2167			-0.00218463
57.25			-0.00218336
57.2833			-0.00218209
57.3167			-0.00218082
57.35			-0.00217955
57.3833			-0.00217829
57.4167			-0.00217702
57.45			-0.00217576
57.4833			-0.0021745
57.5167			-0.00217324
57.55			-0.00217198
57.5833			-0.00217072
57.6167			-0.00216947
57.65			-0.00216821
57.6833			-0.00216696
57.7167			-0.00216571
57.75			-0.00216446
57.7833			-0.00216321
57.8167			-0.00216196
57.85			-0.00216072
57.8833			-0.00215947
57.9167			-0.00215823
57.95			-0.00215699
57.9833			-0.00215575
58.0167			-0.00215451
58.05			-0.00215327
58.0833			-0.00215204
58.1167			-0.0021508
58.15			-0.00214957
58.1833			-0.00214834
58.2167			-0.00214711
58.25			-0.00214588
58.2833			-0.00214465
58.3167			-0.00214343
58.35			-0.0021422
58.3833			-0.00214098
58.4167			-0.00213976
58.45			-0.00213854
58.4833			-0.00213732
58.5167			-0.0021361
58.55			-0.00213489
58.5833			-0.00213367
58.6167			-0.00213246
58.65			-0.00213125
58.6833			-0.00213004
58.7167			-0.00212883
58.75			-0.00212762
58.7833			-0.00212641
58.8167			-0.00212521
58.85			-0.002124
58.8833			-0.0021228
58.9167			-0.0021216
58.95			-0.0021204
58.9833			-0.0021192
59.0167			-0.00211801
59.05			-0.00211681
59.0833			-0.00211562
59.1167			-0.00211442
59.15			-0.00211323
59.1833			-0.00211204
59.2167			-0.00211085
59.25			-0.00210966
59.2833			-0.00210848
59.3167			-0.00210729
59.35			-0.00210611
59.3833			-0.00210493
59.4167			-0.00210375
59.45			-0.00210257
59.4833			-0.00210139
59.5167			-0.00210021
59.55			-0.00209904
59.5833			-0.00209786
59.6167			-0.00209669
59.65			-0.00209552
59.6833			-0.00209435
59.7167			-0.00209318
59.75			-0.00209201
59.7833			-0.00209084
59.8167			-0.00208968
59.85			-0.00208852
59.8833			-0.00208735
59.9167			-0.00208619
59.95			-0.00208503
59.9833			-0.00208387
60.0167			-0.00208272
60.05			-0.00208156
60.0833			-0.00208041
60.1167			-0.00207925
60.15			-0.0020781
60.1833			-0.00207695
60.2167			-0.0020758
60.25			-0.00207465
60.2833			-0.0020735
60.3167			-0.00207236
60.35			-0.00207121
60.3833			-0.00207007
60.4167			-0.00206893
60.45			-0.00206779
60.4833			-0.00206665
60.5167			-0.00206551
60.55			-0.00206437
60.5833			-0.00206324
60.6167			-0.0020621
60.65			-0.00206097
60.6833			-0.00205984
60.7167			-0.00205871
60.75			-0.00205758
60.7833			-0.00205645
60.8167			-0.00205532
60.85			-0.00205419
60.8833			-0.00205307
60.9167			-0.00205195
60.95			-0.00205082
60.9833			-0.0020497
61.0167			-0.00204858
61.05			-0.00204747
61.0833			-0.00204635
61.1167			-0.00204523
61.15			-0.00204412
61.1833			-0.002043
61.2167			-0.00204189
61.25			-0.00204078
61.2833			-0.00203967
61.3167			-0.00203856
61.35			-0.00203745
61.3833			-0.00203635
61.4167			-0.00203524
61.45			-0.00203414
61.4833			-0.00203304
61.5167			-0.00203193
61.55			-0.00203083
61.5833			-0.00202973
61.6167			-0.00202864
61.65			-0.00202754
61.6833			-0.00202644
61.7167			-0.00202535
61.75			-0.00202426
61.7833			-0.00202316
61.8167			-0.00202207
61.85			-0.00202098
61.8833			-0.00201989
61.9167			-0.00201881
61.95			-0.00201772
61.9833			-0.00201664
62.0167			-0.00201555
62.05			-0.00201447
62.0833			-0.00201339
62.1167			-0.00201231
62.15			-0.00201123
62.1833			-0.00201015
62.2167			-0.00200907
62.25			-0.002008
62.2833			-0.00200692
62.3167			-0.00200585
62.35			-0.00200478
62.3833			-0.00200371
62.4167			-0.00200264
62.45			-0.00200157
62.4833			-0.0020005
62.5167			-0.00199943
62.55			-0.00199837
62.5833			-0.0019973
62.6167			-0.00199624
62.65			-0.00199518
62.6833			-0.00199412
62.7167			-0.00199306
62.75			-0.001992
62.7833			-0.00199094
62.8167			-0.00198988
62.85			-0.00198883
62.8833			-0.00198777
62.9167			-0.00198672
62.95			-0.00198567
62.9833			-0.00198462
63.0167			-0.00198357
63.05			-0.00198252
63.0833			-0.00198147
63.1167			-0.00198043
63.15			-0.00197938
63.1833			-0.00197834
63.2167			-0.00197729
63.25			-0.00197625
63.2833			-0.00197521
63.3167			-0.00197417
63.35			-0.00197313
63.3833			-0.00197209
63.4167			-0.00197106
63.45			-0.00197002
63.4833			-0.00196899
63.5167			-0.00196795
63.55			-0.00196692
63.5833			-0.00196589
63.6167			-0.00196486
63.65			-0.00196383
63.6833			-0.0019628
63.7167			-0.00196178
63.75			-0.00196075
63.7833			-0.00195973
63.8167			-0.0019587
63.85			-0.00195768
63.8833			-0.00195666
63.9167			-0.00195564
63.95			-0.00195462
63.9833			-0.0019536
64.0167			-0.00195258
64.05			-0.00195157
64.0833			-0.00195055
64.1167			-0.00194954
64.15			-0.00194853
64.1833			-0.00194751
64.2167			-0.0019465
64.25			-0.00194549
64.2833			-0.00194449
64.3167			-0.00194348
64.35			-0.00194247
64.3833			-0.00194147
64.4167			-0.00194046
64.45			-0.00193946
64.4833			-0.00193845
64.5167			-0.00193745
64.55			-0.00193645
64.5833			-0.00193545
64.6167			-0.00193445
64.65			-0.00193346
64.6833			-0.00193246
64.7167			-0.00193147
64.75			-0.00193047
64.7833			-0.00192948
64.8167			-0.00192849
64.85			-0.00192749
64.8833			-0.0019265
64.9167			-0.00192552
64.95			-0.00192453
64.9833			-0.00192354
65.0167			-0.00192255
65.05			-0.00192157
65.0833			-0.00192058
65.1167			-0.0019196
65.15			-0.00191862
65.1833			-0.00191764
65.2167			-0.00191666
65.25			-0.00191568
65.2833			-0.0019147
65.3167			-0.00191372
65.35			-0.00191275
65.3833			-0.00191177
65.4167			-0.0019108
65.45			-0.00190983
65.4833			-0.00190885
65.5167			-0.00190788
65.55			-0.00190691
65.5833			-0.00190594
65.6167			-0.00190497
65.65			-0.00190401
65.6833			-0.00190304
65.7167			-0.00190208
65.75			-0.00190111
65.7833			-0.00190015
65.8167			-0.00189919
65.85			-0.00189822
65.8833			-0.00189726
65.9167			-0.0018963
65.95			-0.00189535
65.9833			-0.00189439
66.0167			-0.00189343
66.05			-0.00189248
66.0833			-0.00189152
66.1167			-0.00189057
66.15			-0.00188962
66.1833			-0.00188866
66.2167			-0.00188771
66.25			-0.00188676
66.2833			-0.00188581
66.3167			-0.00188487
66.35			-0.00188392
66.3833			-0.00188297
66.4167			-0.00188203
66.45			-0.00188109
66.4833			-0.00188014
66.5167			-0.0018792
66.55			-0.00187826
66.5833			-0.00187732
66.6167			-0.00187638
66.65			-0.00187544
66.6833			-0.0018745
66.7167			-0.00187357
66.75			-0.00187263
66.7833			-0.0018717
66.8167			-0.00187076
66.85			-0.00186983
66.8833			-0.0018689
66.9167			-0.00186797
66.95			-0.00186704
66.9833			-0.00186611
67.0167			-0.00186518
67.05			-0.00186425
67.0833			-0.00186333
67.1167			-0.0018624
67.15			-0.00186148
67.1833			-0.00186055
67.2167			-0.00185963
67.25			-0.00185871
67.2833			-0.00185779
67.3167			-0.00185687
67.35			-0.00185595
67.3833			-0.00185503
67.4167			-0.00185411
67.45			-0.0018532
67.4833			-0.00185228
67.5167			-0.00185137
67.55			-0.00185045
67.5833			-0.00184954
67.6167			-0.00184863
67.65			-0.00184772
67.6833			-0.00184681
67.7167			-0.0018459
67.75			-0.00184499
67.7833			-0.00184408
67.8167			-0.00184318
67.85			-0.00184227
67.8833			-0.00184137
67.9167			-0.00184046
67.95			-0.00183956
67.9833			-0.00183866
68.0167			-0.00183776
68.05			-0.00183686
68.0833			-0.00183596
68.1167			-0.00183506
68.15			-0.00183416
68.1833			-0.00183327
68.2167			-0.00183237
68.25			-0.00183148
68.2833			-0.00183058
68.3167			-0.00182969
68.35			-0.0018288
68.3833			-0.0018279
68.4167			-0.00182701
68.45			-0.00182612
68.4833			-0.00182524
68.5167			-0.00182435
68.55			-0.00182346
68.5833			-0.00182257
68.6167			-0.00182169
68.65			-0.0018208
68.6833			-0.00181992
68.7167			-0.00181904
68.75			-0.00181816
68.7833			-0.00181728
68.8167			-0.00181639
68.85			-0.00181552
68.8833			-0.00181464
68.9167			-0.00181376
68.95			-0.00181288
68.9833			-0.00181201
69.0167			-0.00181113
69.05			-0.00181026
69.0833			-0.00180938
69.1167			-0.00180851
69.15			-0.00180764
69.1833			-0.00180677
69.2167			-0.0018059
69.25			-0.00180503
69.2833			-0.00180416
69.3167			-0.00180329
69.35			-0.00180243
69.3833			-0.00180156
69.4167			-0.0018007
69.45			-0.00179983
69.4833			-0.00179897
69.5167			-0.00179811
69.55			-0.00179724
69.5833			-0.00179638
69.6167			-0.00179552
69.65			-0.00179466
69.6833			-0.0017938
69.7167			-0.00179295
69.75			-0.00179209
69.7833			-0.00179123
69.8167			-0.00179038
69.85			-0.00178952
69.8833			-0.00178867
69.9167			-0.00178782
69.95			-0.00178697
69.9833			-0.00178612
70.0167			-0.00178526
70.05			-0.00178442
70.0833			-0.00178357
70.1167			-0.00178272
70.15			-0.00178187
70.1833			-0.00178103
70.2167			-0.00178018
70.25			-0.00177934
70.2833			-0.00177849
70.3167			-0.00177765
70.35			-0.00177681
70.3833			-0.00177596
70.4167			-0.00177512
70.45			-0.00177428
70.4833			-0.00177345
70.5167			-0.00177261
70.55			-0.00177177
70.5833			-0.00177093
70.6167			-0.0017701
70.65			-0.00176926
70.6833			-0.00176843
70.7167			-0.00176759
70.75			-0.00176676
70.7833			-0.00176593
70.8167			-0.0017651
70.85			-0.00176427
70.8833			-0.00176344
70.9167			-0.00176261
70.95			-0.00176178
70.9833			-0.00176095
71.0167			-0.00176013
71.05			-0.0017593
71.0833			-0.00175848
71.1167			-0.00175765
71.15			-0.00175683
71.1833			-0.00175601
71.2167			-0.00175518
71.25			-0.00175436
71.2833			-0.00175354
71.3167			-0.00175272
71.35			-0.0017519
71.3833			-0.00175109
71.4167			-0.00175027
71.45			-0.00174945
71.4833			-0.00174864
71.5167			-0.00174782
71.55			-0.00174701
71.5833			-0.00174619
71.6167			-0.00174538
71.65			-0.00174457
71.6833			-0.00174376
71.7167			-0.00174295
71.75			-0.00174214
71.7833			-0.00174133
71.8167			-0.00174052
71.85			-0.00173971
71.8833			-0.00173891
71.9167			-0.0017381
71.95			-0.0017373
71.9833			-0.00173649
72.0167			-0.00173569
72.05			-0.00173488
72.0833			-0.00173408
72.1167			-0.00173328
72.15			-0.00173248
72.1833			-0.00173168
72.2167			-0.00173088
72.25			-0.00173008
72.2833			-0.00172928
72.3167			-0.00172849
72.35			-0.00172769
72.3833			-0.00172689
72.4167			-0.0017261
72.45			-0.00172531
72.4833			-0.00172451
72.5167			-0.00172372
72.55			-0.00172293
72.5833			-0.00172214
72.6167			-0.00172135
72.65			-0.00172056
72.6833			-0.00171977
72.7167			-0.00171898
72.75			-0.00171819
72.7833			-0.0017174
72.8167			-0.00171662
72.85			-0.00171583
72.8833			-0.00171505
72.9167			-0.00171426
72.95			-0.00171348
72.9833			-0.0017127
73.0167			-0.00171192
73.05			-0.00171114
73.0833			-0.00171035
73.1167			-0.00170958
73.15			-0.0017088
73.1833			-0.00170802
73.2167			-0.00170724
73.25			-0.00170646
73.2833			-0.00170569
73.3167			-0.00170491
73.35			-0.00170414
73.3833			-0.00170336
73.4167			-0.00170259
73.45			-0.00170182
73.4833			-0.00170105
73.5167			-0.00170027
73.55			-0.0016995
73.5833			-0.00169873
73.6167			-0.00169796
73.65			-0.0016972
73.6833			-0.00169643
73.7167			-0.00169566
73.75			-0.00169489
73.7833			-0.00169413
73.8167			-0.00169336
73.85			-0.0016926
73.8833			-0.00169184
73.9167			-0.00169107
73.95			-0.00169031
73.9833			-0.00168955
74.0167			-0.00168879
74.05			-0.00168803
74.0833			-0.00168727
74.1167			-0.00168651
74.15			-0.00168575
74.1833			-0.00168499
74.2167			-0.00168424
74.25			-0.00168348
74.2833			-0.00168273
74.3167			-0.00168197
74.35			-0.00168122
74.3833			-0.00168046
74.4167			-0.00167971
74.45			-0.00167896
74.4833			-0.00167821
74.5167			-0.00167746
74.55			-0.00167671
74.5833			-0.00167596
74.6167			-0.00167521
74.65			-0.00167446
74.6833			-0.00167371
74.7167			-0.00167297
74.75			-0.00167222
74.7833			-0.00167148
74.8167			-0.00167073
74.85			-0.00166999
74.8833			-0.00166924
74.9167			-0.0016685
74.95			-0.00166776
74.9833			-0.00166702
75.0167			-0.00166628
75.05			-0.00166554
75.0833			-0.0016648
75.1167			-0.00166406
75.15			-0.00166332
75.1833			-0.00166258
75.2167			-0.00166185
75.25			-0.00166111
75.2833			-0.00166037
75.3167			-0.00165964
75.35			-0.00165891
75.3833			-0.00165817
75.4167			-0.00165744
75.45			-0.00165671
75.4833			-0.00165598
75.5167			-0.00165524
75.55			-0.00165451
75.5833			-0.00165378
75.6167			-0.00165306
75.65			-0.00165233
75.6833			-0.0016516
75.7167			-0.00165087
75.75			-0.00165015
75.7833			-0.00164942
75.8167			-0.00164869
75.85			-0.00164797
75.8833			-0.00164725
75.9167			-0.00164652
75.95			-0.0016458
75.9833			-0.00164508
76.0167			-0.00164436
76.05			-0.00164364
76.0833			-0.00164292
76.1167			-0.0016422
76.15			-0.00164148
76.1833			-0.00164076
76.2167			-0.00164004
76.25			-0.00163933
76.2833			-0.00163861
76.3167			-0.00163789
76.35			-0.00163718
76.3833			-0.00163646
76.4167			-0.00163575
76.45			-0.00163504
76.4833			-0.00163432
76.5167			-0.00163361
76.55			-0.0016329
76.5833			-0.00163219
76.6167			-0.00163148
76.65			-0.00163077
76.6833			-0.00163006
76.7167			-0.00162935
76.75			-0.00162865
76.7833			-0.00162794
76.8167			-0.00162723
76.85			-0.00162653
76.8833			-0.00162582
76.9167			-0.00162512
76.95			-0.00162441
76.9833			-0.00162371
77.0167			-0.00162301
77.05			-0.0016223
77.0833			-0.0016216
77.1167			-0.0016209
77.15			-0.0016202
77.1833			-0.0016195
77.2167			-0.0016188
77.25			-0.0016181
77.2833			-0.00161741
77.3167			-0.00161671
77.35			-0.00161601
77.3833			-0.00161532
77.4167			-0.00161462
77.45			-0.00161393
77.4833			-0.00161323
77.5167			-0.00161254
77.55			-0.00161185
77.5833			-0.00161115
77.6167			-0.00161046
77.65			-0.00160977
77.6833			-0.00160908
77.7167			-0.00160839
77.75			-0.0016077
77.7833			-0.00160701
77.8167			-0.00160632
77.85			-0.00160563
77.8833			-0.00160495
77.9167			-0.00160426
77.95			-0.00160357
77.9833			-0.00160289
78.0167			-0.0016022
78.05			-0.00160152
78.0833			-0.00160084
78.1167			-0.00160015
78.15			-0.00159947
78.1833			-0.00159879
78.2167			-0.00159811
78.25			-0.00159743
78.2833			-0.00159675
78.3167			-0.00159607
78.35			-0.00159539
78.3833			-0.00159471
78.4167			-0.00159403
78.45			-0.00159335
78.4833			-0.00159268
78.5167			-0.001592
78.55			-0.00159133
78.5833			-0.00159065
78.6167			-0.00158998
78.65			-0.0015893
78.6833			-0.00158863
78.7167			-0.00158796
78.75			-0.00158728
78.7833			-0.00158661
78.8167			-0.00158594
78.85			-0.00158527
78.8833			-0.0015846
78.9167			-0.00158393
78.95			-0.00158326
78.9833			-0.0015826
79.0167			-0.00158193
79.05			-0.00158126
79.0833			-0.00158059
79.1167			-0.00157993
79.15			-0.00157926
79.1833			-0.0015786
79.2167			-0.00157793
79.25			-0.00157727
79.2833			-0.00157661
79.3167			-0.00157594
79.35			-0.00157528
79.3833			-0.00157462
79.4167			-0.00157396
79.45			-0.0015733
79.4833			-0.00157264
79.5167			-0.00157198
79.55			-0.00157132
79.5833			-0.00157066
79.6167			-0.00157001
79.65			-0.00156935
79.6833			-0.00156869
79.7167			-0.00156804
79.75			-0.00156738
79.7833			-0.00156673
79.8167			-0.00156607
79.85			-0.00156542
79.8833			-0.00156477
79.9167			-0.00156411
79.95			-0.00156346
79.9833			-0.00156281
80.0167			-0.00156216
80.05			-0.00156151
80.0833			-0.00156086
80.1167			-0.00156021
80.15			-0.00155956
80.1833			-0.00155891
80.2167			-0.00155826
80.25			-0.00155762
80.2833			-0.00155697
80.3167			-0.00155632
80.35			-0.00155568
80.3833			-0.00155503
80.4167			-0.00155439
80.45			-0.00155374
80.4833			-0.0015531
80.5167			-0.00155246
80.55			-0.00155182
80.5833			-0.00155117
80.6167			-0.00155053
80.65			-0.00154989
80.6833			-0.00154925
80.7167			-0.00154861
80.75			-0.00154797
80.7833			-0.00154733
80.8167			-0.00154669
80.85			-0.00154606
80.8833			-0.00154542
80.9167			-0.00154478
80.95			-0.00154415
80.9833			-0.00154351
81.0167			-0.00154288
81.05			-0.00154224
81.0833			-0.00154161
81.1167			-0.00154097
81.15			-0.00154034
81.1833			-0.00153971
81.2167			-0.00153908
81.25			-0.00153845
81.2833			-0.00153782
81.3167			-0.00153718
81.35			-0.00153655
81.3833			-0.00153593
81.4167			-0.0015353
81.45			-0.00153467
81.4833			-0.00153404
81.5167			-0.00153341
81.55			-0.00153279
81.5833			-0.00153216
81.6167			-0.00153153
81.65			-0.00153091
81.6833			-0.00153028
81.7167			-0.00152966
81.75			-0.00152904
81.7833			-0.00152841
81.8167			-0.00152779
81.85			-0.00152717
81.8833			-0.00152655
81.9167			-0.00152593
81.95			-0.00152531
81.9833			-0.00152469
82.0167			-0.00152407
82.05			-0.00152345
82.0833			-0.00152283
82.1167			-0.00152221
82.15			-0.00152159
82.1833			-0.00152097
82.2167			-0.00152036
82.25			-0.00151974
82.2833			-0.00151913
82.3167			-0.00151851
82.35			-0.0015179
82.3833			-0.00151728
82.4167			-0.00151667
82.45			-0.00151606
82.4833			-0.00151544
82.5167			-0.00151483
82.55			-0.00151422
82.5833			-0.00151361
82.6167			-0.001513
82.65			-0.00151239
82.6833			-0.00151178
82.7167			-0.00151117
82.75			-0.00151056
82.7833			-0.00150995
82.8167			-0.00150934
82.85			-0.00150874
82.8833			-0.00150813
82.9167			-0.00150752
82.95			-0.00150692
82.9833			-0.00150631
83.0167			-0.00150571
83.05			-0.0015051
83.0833			-0.0015045
83.1167			-0.0015039
83.15			-0.00150329
83.1833			-0.00150269
83.2167			-0.00150209
83.25			-0.00150149
83.2833			-0.00150089
83.3167			-0.00150029
83.35			-0.00149969
83.3833			-0.00149909
83.4167			-0.00149849
83.45			-0.00149789
83.4833			-0.00149729
83.5167			-0.00149669
83.55			-0.0014961
83.5833			-0.0014955
83.6167			-0.0014949
83.65			-0.00149431
83.6833			-0.00149371
83.7167			-0.00149312
83.75			-0.00149252
83.7833			-0.00149193
83.8167			-0.00149134
83.85			-0.00149074
83.8833			-0.00149015
83.9167			-0.00148956
83.95			-0.00148897
83.9833			-0.00148838
84.0167			-0.00148779
84.05			-0.0014872
84.0833			-0.00148661
84.1167			-0.00148602
84.15			-0.00148543
84.1833			-0.00148484
84.2167			-0.00148425
84.25			-0.00148367
84.2833			-0.00148308
84.3167			-0.00148249
84.35			-0.00148191
84.3833			-0.00148132
84.4167			-0.00148074
84.45			-0.00148015
84.4833			-0.00147957
84.5167			-0.00147898
84.55			-0.0014784
84.5833			-0.00147782
84.6167			-0.00147724
84.65			-0.00147665
84.6833			-0.00147607
84.7167			-0.00147549
84.75			-0.00147491
84.7833			-0.00147433
84.8167			-0.00147375
84.85			-0.00147317
84.8833			-0.0014726
84.9167			-0.00147202
84.95			-0.00147144
84.9833			-0.00147086
85.0167			-0.00147029
85.05			-0.00146971
85.0833			-0.00146913
85.1167			-0.00146856
85.15			-0.00146798
85.1833			-0.00146741
85.2167			-0.00146684
85.25			-0.00146626
85.2833			-0.00146569
85.3167			-0.00146512
85.35			-0.00146454
85.3833			-0.00146397
85.4167			-0.0014634
85.45			-0.00146283
85.4833			-0.00146226
85.5167			-0.00146169
85.55			-0.00146112
85.5833			-0.00146055
85.6167			-0.00145998
85.65			-0.00145941
85.6833			-0.00145885
85.7167			-0.00145828
85.75			-0.00145771
85.7833			-0.00145715
85.8167			-0.00145658
85.85			-0.00145601
85.8833			-0.00145545
85.9167			-0.00145489
85.95			-0.00145432
85.9833			-0.00145376
86.0167			-0.00145319
86.05			-0.00145263
86.0833			-0.00145207
86.1167			-0.00145151
86.15			-0.00145094
86.1833			-0.00145038
86.2167			-0.00144982
86.25			-0.00144926
86.2833			-0.0014487
86.3167			-0.00144814
86.35			-0.00144758
86.3833			-0.00144703
86.4167			-0.00144647
86.45			-0.00144591
86.4833			-0.00144535
86.5167			-0.0014448
86.55			-0.00144424
86.5833			-0.00144368
86.6167			-0.00144313
86.65			-0.00144257
86.6833			-0.00144202
86.7167			-0.00144146
86.75			-0.00144091
86.7833			-0.00144036
86.8167			-0.0014398
86.85			-0.00143925
86.8833			-0.0014387
86.9167			-0.00143815
86.95			-0.0014376
86.9833			-0.00143704
87.0167			-0.00143649
87.05			-0.00143594
87.0833			-0.00143539
87.1167			-0.00143484
87.15			-0.0014343
87.1833			-0.00143375
87.2167			-0.0014332
87.25			-0.00143265
87.2833			-0.00143211
87.3167			-0.00143156
87.35			-0.00143101
87.3833			-0.00143047
87.4167			-0.00142992
87.45			-0.00142938
87.4833			-0.00142883
87.5167			-0.00142829
87.55			-0.00142774
87.5833			-0.0014272
87.6167			-0.00142666
87.65			-0.00142611
87.6833			-0.00142557
87.7167			-0.00142503
87.75			-0.00142449
87.7833			-0.00142395
87.8167			-0.00142341
87.85			-0.00142287
87.8833			-0.00142233
87.9167			-0.00142179
87.95			-0.00142125
87.9833			-0.00142071
88.0167			-0.00142017
88.05			-0.00141964
88.0833			-0.0014191
88.1167			-0.00141856
88.15			-0.00141803
88.1833			-0.00141749
88.2167			-0.00141695
88.25			-0.00141642
88.2833			-0.00141588
88.3167			-0.00141535
88.35			-0.00141482
88.3833			-0.00141428
88.4167			-0.00141375
88.45			-0.00141322
88.4833			-0.00141268
88.5167			-0.00141215
88.55			-0.00141162
88.5833			-0.00141109
88.6167			-0.00141056
88.65			-0.00141003
88.6833			-0.0014095
88.7167			-0.00140897
88.75			-0.00140844
88.7833			-0.00140791
88.8167			-0.00140738
88.85			-0.00140685
88.8833			-0.00140633
88.9167			-0.0014058
88.95			-0.00140527
88.9833			-0.00140475
89.0167			-0.00140422
89.05			-0.00140369
89.0833			-0.00140317
89.1167			-0.00140264
89.15			-0.00140212
89.1833			-0.0014016
89.2167			-0.00140107
89.25			-0.00140055
89.2833			-0.00140003
89.3167			-0.0013995
89.35			-0.00139898
89.3833			-0.00139846
89.4167			-0.00139794
89.45			-0.00139742
89.4833			-0.0013969
89.5167			-0.00139638
89.55			-0.00139586
89.5833			-0.00139534
89.6167			-0.00139482
89.65			-0.0013943
89.6833			-0.00139378
89.7167			-0.00139326
89.75			-0.00139275
89.7833			-0.00139223
89.8167			-0.00139171
89.85			-0.0013912
89.8833			-0.00139068
89.9167			-0.00139016
89.95			-0.00138965
89.9833			-0.00138913
90.0167			-0.00138862
90.05			-0.00138811
90.0833			-0.00138759
90.1167			-0.00138708
90.15			-0.00138657
90.1833			-0.00138605
90.2167			-0.00138554
90.25			-0.00138503
90.2833			-0.00138452
90.3167			-0.00138401
90.35			-0.0013835
90.3833			-0.00138299
90.4167			-0.00138248
90.45			-0.00138197
90.4833			-0.00138146
90.5167			-0.00138095
90.55			-0.00138044
90.5833			-0.00137993
90.6167			-0.00137943
90.65			-0.00137892
90.6833			-0.00137841
90.7167			-0.00137791
90.75			-0.0013774
90.7833			-0.00137689
90.8167			-0.00137639
90.85			-0.00137588
90.8833			-0.00137538
90.9167			-0.00137487
90.95			-0.00137437
90.9833			-0.00137387
91.0167			-0.00137336
91.05			-0.00137286
91.0833			-0.00137236
91.1167			-0.00137186
91.15			-0.00137135
91.1833			-0.00137085
91.2167			-0.00137035
91.25			-0.00136985
91.2833			-0.00136935
91.3167			-0.00136885
91.35			-0.00136835
91.3833			-0.00136785
91.4167			-0.00136735
91.45			-0.00136686
91.4833			-0.00136636
91.5167			-0.00136586
91.55			-0.00136536
91.5833			-0.00136487
91.6167			-0.00136437
91.65			-0.00136387
91.6833			-0.00136338
91.7167			-0.00136288
91.75			-0.00136239
91.7833			-0.00136189
91.8167			-0.0013614
91.85			-0.0013609
91.8833			-0.00136041
91.9167			-0.00135992
91.95			-0.00135942
91.9833			-0.00135893
92.0167			-0.00135844
92.05			-0.00135795
92.0833			-0.00135746
92.1167			-0.00135696
92.15			-0.00135647
92.1833			-0.00135598
92.2167			-0.00135549
92.25			-0.001355
92.2833			-0.00135451
92.3167			-0.00135402
92.35			-0.00135354
92.3833			-0.00135305
92.4167			-0.00135256
92.45			-0.00135207
92.4833			-0.00135158
92.5167			-0.0013511
92.55			-0.00135061
92.5833			-0.00135012
92.6167			-0.00134964
92.65			-0.00134915
92.6833			-0.00134867
92.7167			-0.00134818
92.75			-0.0013477
92.7833			-0.00134721
92.8167			-0.00134673
92.85			-0.00134625
92.8833			-0.00134576
92.9167			-0.00134528
92.95			-0.0013448
92.9833			-0.00134432
93.0167			-0.00134383
93.05			-0.00134335
93.0833			-0.00134287
93.1167			-0.00134239
93.15			-0.00134191
93.1833			-0.00134143
93.2167			-0.00134095
93.25			-0.00134047
93.2833			-0.00133999
93.3167			-0.00133951
93.35			-0.00133904
93.3833			-0.00133856
93.4167			-0.00133808
93.45			-0.0013376
93.4833			-0.00133713
93.5167			-0.00133665
93.55			-0.00133617
93.5833			-0.0013357
93.6167			-0.00133522
93.65			-0.00133475
93.6833			-0.00133427
93.7167			-0.0013338
93.75			-0.00133332
93.7833			-0.00133285
93.8167			-0.00133238
93.85			-0.0013319
93.8833			-0.00133143
93.9167			-0.00133096
93.95			-0.00133048
93.9833			-0.00133001
94.0167			-0.00132954
94.05			-0.00132907
94.0833			-0.0013286
94.1167			-0.00132813
94.15			-0.00132766
94.1833			-0.00132719
94.2167			-0.00132672
94.25			-0.00132625
94.2833			-0.00132578
94.3167			-0.00132531
94.35			-0.00132484
94.3833			-0.00132438
94.4167			-0.00132391
94.45			-0.00132344
94.4833			-0.00132297
94.5167			-0.00132251
94.55			-0.00132204
94.5833			-0.00132158
94.6167			-0.00132111
94.65			-0.00132065
94.6833			-0.00132018
94.7167			-0.00131972
94.75			-0.00131925
94.7833			-0.00131879
94.8167			-0.00131832
94.85			-0.00131786
94.8833			-0.0013174
94.9167			-0.00131693
94.95			-0.00131647
94.9833			-0.00131601
95.0167			-0.00131555
95.05			-0.00131509
95.0833			-0.00131463
95.1167			-0.00131417
95.15			-0.00131371
95.1833			-0.00131325
95.2167			-0.00131279
95.25			-0.00131233
95.2833			-0.00131187
95.3167			-0.00131141
95.35			-0.00131095
95.3833			-0.00131049
95.4167			-0.00131003
95.45			-0.00130958
95.4833			-0.00130912
95.5167			-0.00130866
95.55			-0.00130821
95.5833			-0.00130775
95.6167			-0.00130729
95.65			-0.00130684
95.6833			-0.00130638
95.7167			-0.00130593
95.75			-0.00130547
95.7833			-0.00130502
95.8167			-0.00130457
95.85			-0.00130411
95.8833			-0.00130366
95.9167			-0.00130321
95.95			-0.00130275
95.9833			-0.0013023
96.0167			-0.00130185
96.05			-0.0013014
96.0833			-0.00130094
96.1167			-0.00130049
96.15			-0.00130004
96.1833			-0.00129959
96.2167			-0.00129914
96.25			-0.00129869
96.2833			-0.00129824
96.3167			-0.00129779
96.35			-0.00129734
96.3833			-0.0012969
96.4167			-0.00129645
96.45			-0.001296
96.4833			-0.00129555
96.5167			-0.0012951
96.55			-0.00129466
96.5833			-0.00129421
96.6167			-0.00129376
96.65			-0.00129332
96.6833			-0.00129287
96.7167			-0.00129243
96.75			-0.00129198
96.7833			-0.00129154
96.8167			-0.00129109
96.85			-0.00129065
96.8833			-0.0012902
96.9167			-0.00128976
96.95			-0.00128932
96.9833			-0.00128887
97.0167			-0.00128843
97.05			-0.00128799
97.0833			-0.00128754
97.1167			-0.0012871
97.15			-0.00128666
97.1833			-0.00128622
97.2167			-0.00128578
97.25			-0.00128534
97.2833			-0.0012849
97.3167			-0.00128446
97.35			-0.00128402
97.3833			-0.00128358
97.4167			-0.00128314
97.45			-0.0012827
97.4833			-0.00128226
97.5167			-0.00128182
97.55			-0.00128139
97.5833			-0.00128095
97.6167			-0.00128051
97.65			-0.00128007
97.6833			-0.00127964
97.7167			-0.0012792
97.75			-0.00127876
97.7833			-0.00127833
97.8167			-0.00127789
97.85			-0.00127746
97.8833			-0.00127702
97.9167			-0.00127659
97.95			-0.00127615
97.9833			-0.00127572
98.0167			-0.00127528
98.05			-0.00127485
98.0833			-0.00127442
98.1167			-0.00127398
98.15			-0.00127355
98.1833			-0.00127312
98.2167			-0.00127269
98.25			-0.00127226
98.2833			-0.00127182
98.3167			-0.00127139
98.35			-0.00127096
98.3833			-0.00127053
98.4167			-0.0012701
98.45			-0.00126967
98.4833			-0.00126924
98.5167			-0.00126881
98.55			-0.00126838
98.5833			-0.00126795
98.6167			-0.00126753
98.65			-0.0012671
98.6833			-0.00126667
98.7167			-0.00126624
98.75			-0.00126581
98.7833			-0.00126539
98.8167			-0.00126496
98.85			-0.00126453
98.8833			-0.00126411
98.9167			-0.00126368
98.95			-0.00126326
98.9833			-0.00126283
99.0167			-0.00126241
99.05			-0.00126198
99.0833			-0.00126156
99.1167			-0.00126113
99.15			-0.00126071
99.1833			-0.00126028
99.2167			-0.00125986
99.25			-0.00125944
99.2833			-0.00125901
99.3167			-0.00125859
99.35			-0.00125817
99.3833			-0.00125775
99.4167			-0.00125733
99.45			-0.0012569
99.4833			-0.00125648
99.5167			-0.00125606
99.55			-0.00125564
99.5833			-0.00125522
99.6167			-0.0012548
99.65			-0.00125438
99.6833			-0.00125396
99.7167			-0.00125354
99.75			-0.00125312
99.7833			-0.00125271
99.8167			-0.00125229
99.85			-0.00125187
99.8833			-0.00125145
99.9167			-0.00125103
99.95			-0.00125062
99.9833			-0.0012502
