0			0			0.5
1			0			0.5
2			0			0.5
3			0			-0.5
4			0			-0.5
5			0			-0.5

0			0.05			0.5
1			0.05			0.5
2			0.05			0.499375
3			0.05			-0.499375
4			0.05			-0.5
5			0.05			-0.5

0			0.1			0.5
1			0.1			0.499998
2			0.1			0.497507
3			0.1			-0.497507
4			0.1			-0.499998
5			0.1			-0.5

0			0.15			0.5
1			0.15			0.499992
2			0.15			0.494409
3			0.15			-0.494409
4			0.15			-0.499992
5			0.15			-0.5

0			0.2			0.5
1			0.2			0.499975
2			0.2			0.490108
3			0.2			-0.490108
4			0.2			-0.499975
5			0.2			-0.5

0			0.25			0.5
1			0.25			0.49994
2			0.25			0.484637
3			0.25			-0.484637
4			0.25			-0.49994
5			0.25			-0.5

0			0.3			0.5
1			0.3			0.499876
2			0.3			0.478042
3			0.3			-0.478042
4			0.3			-0.499876
5			0.3			-0.5

0			0.35			0.499999
1			0.35			0.499771
2			0.35			0.470374
3			0.35			-0.470374
4			0.35			-0.499771
5			0.35			-0.499999

0			0.4			0.499998
1			0.4			0.499612
2			0.4			0.461695
3			0.4			-0.461695
4			0.4			-0.499612
5			0.4			-0.499998

0			0.45			0.499996
1			0.45			0.499384
2			0.45			0.452075
3			0.45			-0.452075
4			0.45			-0.499384
5			0.45			-0.499996

0			0.5			0.499993
1			0.5			0.49907
2			0.5			0.441588
3			0.5			-0.441588
4			0.5			-0.49907
5			0.5			-0.499993

0			0.55			0.499988
1			0.55			0.498652
2			0.55			0.430318
3			0.55			-0.430318
4			0.55			-0.498652
5			0.55			-0.499988

0			0.6			0.499981
1			0.6			0.498112
2			0.6			0.418351
3			0.6			-0.418351
4			0.6			-0.498112
5			0.6			-0.499981

0			0.65			0.499969
1			0.65			0.497432
2			0.65			0.405779
3			0.65			-0.405779
4			0.65			-0.497432
5			0.65			-0.499969

0			0.7			0.499952
1			0.7			0.496591
2			0.7			0.392698
3			0.7			-0.392698
4			0.7			-0.496591
5			0.7			-0.499952

0			0.75			0.499928
1			0.75			0.495571
2			0.75			0.379207
3			0.75			-0.379207
4			0.75			-0.495571
5			0.75			-0.499928

0			0.8			0.499895
1			0.8			0.494354
2			0.8			0.365405
3			0.8			-0.365405
4			0.8			-0.494354
5			0.8			-0.499895

0			0.85			0.49985
1			0.85			0.492921
2			0.85			0.351392
3			0.85			-0.351392
4			0.85			-0.492921
5			0.85			-0.49985

0			0.9			0.499791
1			0.9			0.491255
2			0.9			0.337268
3			0.9			-0.337268
4			0.9			-0.491255
5			0.9			-0.499791

0			0.95			0.499713
1			0.95			0.489341
2			0.95			0.323134
3			0.95			-0.323134
4			0.95			-0.489341
5			0.95			-0.499713

0			1			0.499615
1			1			0.487164
2			1			0.309085
3			1			-0.309085
4			1			-0.487164
5			1			-0.499615

0			1.05			0.49949
1			1.05			0.484713
2			1.05			0.295216
3			1.05			-0.295216
4			1.05			-0.484713
5			1.05			-0.49949

0			1.1			0.499334
1			1.1			0.481977
2			1.1			0.281615
3			1.1			-0.281615
4			1.1			-0.481977
5			1.1			-0.499334

0			1.15			0.499142
1			1.15			0.478949
2			1.15			0.268369
3			1.15			-0.268369
4			1.15			-0.478949
5			1.15			-0.499142

0			1.2			0.498908
1			1.2			0.475623
2			1.2			0.255557
3			1.2			-0.255557
4			1.2			-0.475623
5			1.2			-0.498908

0			1.25			0.498626
1			1.25			0.471998
2			1.25			0.243252
3			1.25			-0.243252
4			1.25			-0.471998
5			1.25			-0.498626

0			1.3			0.498287
1			1.3			0.468072
2			1.3			0.231521
3			1.3			-0.231521
4			1.3			-0.468072
5			1.3			-0.498287

0			1.35			0.497886
1			1.35			0.463851
2			1.35			0.220424
3			1.35			-0.220424
4			1.35			-0.463851
5			1.35			-0.497886

0			1.4			0.497413
1			1.4			0.459341
2			1.4			0.210013
3			1.4			-0.210013
4			1.4			-0.459341
5			1.4			-0.497413

0			1.45			0.496861
1			1.45			0.454551
2			1.45			0.20033
3			1.45			-0.20033
4			1.45			-0.454551
5			1.45			-0.496861

0			1.5			0.496221
1			1.5			0.449494
2			1.5			0.191413
3			1.5			-0.191413
4			1.5			-0.449494
5			1.5			-0.496221

0			1.55			0.495483
1			1.55			0.444187
2			1.55			0.183287
3			1.55			-0.183287
4			1.55			-0.444187
5			1.55			-0.495483

0			1.6			0.494637
1			1.6			0.438647
2			1.6			0.175971
3			1.6			-0.175971
4			1.6			-0.438647
5			1.6			-0.494637

0			1.65			0.493674
1			1.65			0.432899
2			1.65			0.169475
3			1.65			-0.169475
4			1.65			-0.432899
5			1.65			-0.493674

0			1.7			0.492584
1			1.7			0.426965
2			1.7			0.163801
3			1.7			-0.163801
4			1.7			-0.426965
5			1.7			-0.492584

0			1.75			0.491357
1			1.75			0.420875
2			1.75			0.158941
3			1.75			-0.158941
4			1.75			-0.420875
5			1.75			-0.491357

0			1.8			0.489982
1			1.8			0.414658
2			1.8			0.15488
3			1.8			-0.15488
4			1.8			-0.414658
5			1.8			-0.489982

0			1.85			0.488449
1			1.85			0.408346
2			1.85			0.151597
3			1.85			-0.151597
4			1.85			-0.408346
5			1.85			-0.488449

0			1.9			0.486747
1			1.9			0.401974
2			1.9			0.14906
3			1.9			-0.14906
4			1.9			-0.401974
5			1.9			-0.486747

0			1.95			0.484868
1			1.95			0.395577
2			1.95			0.147235
3			1.95			-0.147235
4			1.95			-0.395577
5			1.95			-0.484868

0			2			0.482801
1			2			0.389192
2			2			0.146077
3			2			-0.146077
4			2			-0.389192
5			2			-0.482801

0			2.05			0.480536
1			2.05			0.382859
2			2.05			0.145539
3			2.05			-0.145539
4			2.05			-0.382859
5			2.05			-0.480536

0			2.1			0.478066
1			2.1			0.376615
2			2.1			0.145566
3			2.1			-0.145566
4			2.1			-0.376615
5			2.1			-0.478066

0			2.15			0.475381
1			2.15			0.370501
2			2.15			0.146103
3			2.15			-0.146103
4			2.15			-0.370501
5			2.15			-0.475381

0			2.2			0.472474
1			2.2			0.364554
2			2.2			0.147086
3			2.2			-0.147086
4			2.2			-0.364554
5			2.2			-0.472474

0			2.25			0.469339
1			2.25			0.358814
2			2.25			0.148453
3			2.25			-0.148453
4			2.25			-0.358814
5			2.25			-0.469339

0			2.3			0.465969
1			2.3			0.353319
2			2.3			0.150137
3			2.3			-0.150137
4			2.3			-0.353319
5			2.3			-0.465969

0			2.35			0.462359
1			2.35			0.348105
2			2.35			0.152071
3			2.35			-0.152071
4			2.35			-0.348105
5			2.35			-0.462359

0			2.4			0.458505
1			2.4			0.343206
2			2.4			0.154187
3			2.4			-0.154187
4			2.4			-0.343206
5			2.4			-0.458505

0			2.45			0.454403
1			2.45			0.338656
2			2.45			0.156417
3			2.45			-0.156417
4			2.45			-0.338656
5			2.45			-0.454403

0			2.5			0.450053
1			2.5			0.334486
2			2.5			0.158695
3			2.5			-0.158695
4			2.5			-0.334486
5			2.5			-0.450053

0			2.55			0.445453
1			2.55			0.330722
2			2.55			0.160956
3			2.55			-0.160956
4			2.55			-0.330722
5			2.55			-0.445453

0			2.6			0.440604
1			2.6			0.327391
2			2.6			0.163137
3			2.6			-0.163137
4			2.6			-0.327391
5			2.6			-0.440604

0			2.65			0.435508
1			2.65			0.324514
2			2.65			0.165179
3			2.65			-0.165179
4			2.65			-0.324514
5			2.65			-0.435508

0			2.7			0.430168
1			2.7			0.322108
2			2.7			0.167026
3			2.7			-0.167026
4			2.7			-0.322108
5			2.7			-0.430168

0			2.75			0.424588
1			2.75			0.320189
2			2.75			0.168628
3			2.75			-0.168628
4			2.75			-0.320189
5			2.75			-0.424588

0			2.8			0.418775
1			2.8			0.318767
2			2.8			0.169936
3			2.8			-0.169936
4			2.8			-0.318767
5			2.8			-0.418775

0			2.85			0.412736
1			2.85			0.317848
2			2.85			0.170911
3			2.85			-0.170911
4			2.85			-0.317848
5			2.85			-0.412736

0			2.9			0.406478
1			2.9			0.317435
2			2.9			0.171517
3			2.9			-0.171517
4			2.9			-0.317435
5			2.9			-0.406478

0			2.95			0.400014
1			2.95			0.317525
2			2.95			0.171723
3			2.95			-0.171723
4			2.95			-0.317525
5			2.95			-0.400014

0			3			0.393353
1			3			0.318114
2			3			0.171508
3			3			-0.171508
4			3			-0.318114
5			3			-0.393353

0			3.05			0.386508
1			3.05			0.319189
2			3.05			0.170853
3			3.05			-0.170853
4			3.05			-0.319189
5			3.05			-0.386508

0			3.1			0.379493
1			3.1			0.320738
2			3.1			0.169749
3			3.1			-0.169749
4			3.1			-0.320738
5			3.1			-0.379493

0			3.15			0.372323
1			3.15			0.32274
2			3.15			0.168192
3			3.15			-0.168192
4			3.15			-0.32274
5			3.15			-0.372323

0			3.2			0.365013
1			3.2			0.325173
2			3.2			0.166186
3			3.2			-0.166186
4			3.2			-0.325173
5			3.2			-0.365013

0			3.25			0.357582
1			3.25			0.328011
2			3.25			0.163741
3			3.25			-0.163741
4			3.25			-0.328011
5			3.25			-0.357582

0			3.3			0.350046
1			3.3			0.331223
2			3.3			0.160872
3			3.3			-0.160872
4			3.3			-0.331223
5			3.3			-0.350046

0			3.35			0.342425
1			3.35			0.334776
2			3.35			0.157603
3			3.35			-0.157603
4			3.35			-0.334776
5			3.35			-0.342425

0			3.4			0.334737
1			3.4			0.338634
2			3.4			0.153962
3			3.4			-0.153962
4			3.4			-0.338634
5			3.4			-0.334737

0			3.45			0.327002
1			3.45			0.342756
2			3.45			0.149983
3			3.45			-0.149983
4			3.45			-0.342756
5			3.45			-0.327002

0			3.5			0.319241
1			3.5			0.347101
2			3.5			0.145706
3			3.5			-0.145706
4			3.5			-0.347101
5			3.5			-0.319241

0			3.55			0.311474
1			3.55			0.351625
2			3.55			0.141175
3			3.55			-0.141175
4			3.55			-0.351625
5			3.55			-0.311474

0			3.6			0.303722
1			3.6			0.356282
2			3.6			0.136439
3			3.6			-0.136439
4			3.6			-0.356282
5			3.6			-0.303722

0			3.65			0.296006
1			3.65			0.361025
2			3.65			0.131549
3			3.65			-0.131549
4			3.65			-0.361025
5			3.65			-0.296006

0			3.7			0.288345
1			3.7			0.365806
2			3.7			0.126562
3			3.7			-0.126562
4			3.7			-0.365806
5			3.7			-0.288345

0			3.75			0.280761
1			3.75			0.370576
2			3.75			0.121535
3			3.75			-0.121535
4			3.75			-0.370576
5			3.75			-0.280761

0			3.8			0.273273
1			3.8			0.375286
2			3.8			0.116528
3			3.8			-0.116528
4			3.8			-0.375286
5			3.8			-0.273273

0			3.85			0.265901
1			3.85			0.379887
2			3.85			0.111602
3			3.85			-0.111602
4			3.85			-0.379887
5			3.85			-0.265901

0			3.9			0.258664
1			3.9			0.384333
2			3.9			0.106818
3			3.9			-0.106818
4			3.9			-0.384333
5			3.9			-0.258664

0			3.95			0.251578
1			3.95			0.388575
2			3.95			0.102239
3			3.95			-0.102239
4			3.95			-0.388575
5			3.95			-0.251578

0			4			0.244662
1			4			0.392568
2			4			0.0979237
3			4			-0.0979237
4			4			-0.392568
5			4			-0.244662

0			4.05			0.237932
1			4.05			0.396269
2			4.05			0.0939325
3			4.05			-0.0939325
4			4.05			-0.396269
5			4.05			-0.237932

0			4.1			0.231401
1			4.1			0.399636
2			4.1			0.0903219
3			4.1			-0.0903219
4			4.1			-0.399636
5			4.1			-0.231401

0			4.15			0.225084
1			4.15			0.402632
2			4.15			0.0871461
3			4.15			-0.0871461
4			4.15			-0.402632
5			4.15			-0.225084

0			4.2			0.218992
1			4.2			0.405218
2			4.2			0.0844558
3			4.2			-0.0844558
4			4.2			-0.405218
5			4.2			-0.218992

0			4.25			0.213137
1			4.25			0.407364
2			4.25			0.0822976
3			4.25			-0.0822976
4			4.25			-0.407364
5			4.25			-0.213137

0			4.3			0.207527
1			4.3			0.409039
2			4.3			0.0807138
3			4.3			-0.0807138
4			4.3			-0.409039
5			4.3			-0.207527

0			4.35			0.202171
1			4.35			0.410218
2			4.35			0.0797416
3			4.35			-0.0797416
4			4.35			-0.410218
5			4.35			-0.202171

0			4.4			0.197073
1			4.4			0.410878
2			4.4			0.0794126
3			4.4			-0.0794126
4			4.4			-0.410878
5			4.4			-0.197073

0			4.45			0.19224
1			4.45			0.411003
2			4.45			0.0797527
3			4.45			-0.0797527
4			4.45			-0.411003
5			4.45			-0.19224

0			4.5			0.187672
1			4.5			0.410578
2			4.5			0.0807816
3			4.5			-0.0807816
4			4.5			-0.410578
5			4.5			-0.187672

0			4.55			0.183372
1			4.55			0.409594
2			4.55			0.0825125
3			4.55			-0.0825125
4			4.55			-0.409594
5			4.55			-0.183372

0			4.6			0.179338
1			4.6			0.408046
2			4.6			0.084952
3			4.6			-0.084952
4			4.6			-0.408046
5			4.6			-0.179338

0			4.65			0.175568
1			4.65			0.405932
2			4.65			0.0880999
3			4.65			-0.0880999
4			4.65			-0.405932
5			4.65			-0.175568

0			4.7			0.172059
1			4.7			0.403257
2			4.7			0.0919492
3			4.7			-0.0919492
4			4.7			-0.403257
5			4.7			-0.172059

0			4.75			0.168804
1			4.75			0.400028
2			4.75			0.0964861
3			4.75			-0.0964861
4			4.75			-0.400028
5			4.75			-0.168804

0			4.8			0.165796
1			4.8			0.396257
2			4.8			0.10169
3			4.8			-0.10169
4			4.8			-0.396257
5			4.8			-0.165796

0			4.85			0.163028
1			4.85			0.391961
2			4.85			0.107533
3			4.85			-0.107533
4			4.85			-0.391961
5			4.85			-0.163028

0			4.9			0.160488
1			4.9			0.387158
2			4.9			0.113983
3			4.9			-0.113983
4			4.9			-0.387158
5			4.9			-0.160488

0			4.95			0.158165
1			4.95			0.381873
2			4.95			0.120999
3			4.95			-0.120999
4			4.95			-0.381873
5			4.95			-0.158165

0			5			0.156048
1			5			0.376132
2			5			0.128536
3			5			-0.128536
4			5			-0.376132
5			5			-0.156048

0			5.05			0.154123
1			5.05			0.369966
2			5.05			0.136543
3			5.05			-0.136543
4			5.05			-0.369966
5			5.05			-0.154123

0			5.1			0.152374
1			5.1			0.363408
2			5.1			0.144964
3			5.1			-0.144964
4			5.1			-0.363408
5			5.1			-0.152374

0			5.15			0.150787
1			5.15			0.356494
2			5.15			0.153738
3			5.15			-0.153738
4			5.15			-0.356494
5			5.15			-0.150787

0			5.2			0.149346
1			5.2			0.349262
2			5.2			0.162802
3			5.2			-0.162802
4			5.2			-0.349262
5			5.2			-0.149346

0			5.25			0.148035
1			5.25			0.341751
2			5.25			0.172088
3			5.25			-0.172088
4			5.25			-0.341751
5			5.25			-0.148035

0			5.3			0.146835
1			5.3			0.334004
2			5.3			0.181525
3			5.3			-0.181525
4			5.3			-0.334004
5			5.3			-0.146835

0			5.35			0.14573
1			5.35			0.326063
2			5.35			0.191041
3			5.35			-0.191041
4			5.35			-0.326063
5			5.35			-0.14573

0			5.4			0.144703
1			5.4			0.317973
2			5.4			0.200563
3			5.4			-0.200563
4			5.4			-0.317973
5			5.4			-0.144703

0			5.45			0.143736
1			5.45			0.309777
2			5.45			0.210015
3			5.45			-0.210015
4			5.45			-0.309777
5			5.45			-0.143736

0			5.5			0.142812
1			5.5			0.301519
2			5.5			0.219323
3			5.5			-0.219323
4			5.5			-0.301519
5			5.5			-0.142812

0			5.55			0.141914
1			5.55			0.293243
2			5.55			0.228414
3			5.55			-0.228414
4			5.55			-0.293243
5			5.55			-0.141914

0			5.6			0.141026
1			5.6			0.284993
2			5.6			0.237213
3			5.6			-0.237213
4			5.6			-0.284993
5			5.6			-0.141026

0			5.65			0.140132
1			5.65			0.276811
2			5.65			0.245651
3			5.65			-0.245651
4			5.65			-0.276811
5			5.65			-0.140132

0			5.7			0.139218
1			5.7			0.268736
2			5.7			0.25366
3			5.7			-0.25366
4			5.7			-0.268736
5			5.7			-0.139218

0			5.75			0.138269
1			5.75			0.260808
2			5.75			0.261173
3			5.75			-0.261173
4			5.75			-0.260808
5			5.75			-0.138269

0			5.8			0.137271
1			5.8			0.253063
2			5.8			0.26813
3			5.8			-0.26813
4			5.8			-0.253063
5			5.8			-0.137271

0			5.85			0.136214
1			5.85			0.245534
2			5.85			0.274474
3			5.85			-0.274474
4			5.85			-0.245534
5			5.85			-0.136214

0			5.9			0.135086
1			5.9			0.238253
2			5.9			0.280153
3			5.9			-0.280153
4			5.9			-0.238253
5			5.9			-0.135086

0			5.95			0.133878
1			5.95			0.231248
2			5.95			0.28512
3			5.95			-0.28512
4			5.95			-0.231248
5			5.95			-0.133878

0			6			0.132582
1			6			0.224542
2			6			0.289333
3			6			-0.289333
4			6			-0.224542
5			6			-0.132582

0			6.05			0.131191
1			6.05			0.218158
2			6.05			0.292757
3			6.05			-0.292757
4			6.05			-0.218158
5			6.05			-0.131191

0			6.1			0.129699
1			6.1			0.212112
2			6.1			0.295364
3			6.1			-0.295364
4			6.1			-0.212112
5			6.1			-0.129699

0			6.15			0.128104
1			6.15			0.206418
2			6.15			0.29713
3			6.15			-0.29713
4			6.15			-0.206418
5			6.15			-0.128104

0			6.2			0.126402
1			6.2			0.201084
2			6.2			0.298041
3			6.2			-0.298041
4			6.2			-0.201084
5			6.2			-0.126402

0			6.25			0.124594
1			6.25			0.196115
2			6.25			0.298086
3			6.25			-0.298086
4			6.25			-0.196115
5			6.25			-0.124594

0			6.3			0.12268
1			6.3			0.191514
2			6.3			0.297265
3			6.3			-0.297265
4			6.3			-0.191514
5			6.3			-0.12268

0			6.35			0.120663
1			6.35			0.187275
2			6.35			0.295581
3			6.35			-0.295581
4			6.35			-0.187275
5			6.35			-0.120663

0			6.4			0.118547
1			6.4			0.183393
2			6.4			0.293045
3			6.4			-0.293045
4			6.4			-0.183393
5			6.4			-0.118547

0			6.45			0.116338
1			6.45			0.179855
2			6.45			0.289676
3			6.45			-0.289676
4			6.45			-0.179855
5			6.45			-0.116338

0			6.5			0.114041
1			6.5			0.176646
2			6.5			0.285498
3			6.5			-0.285498
4			6.5			-0.176646
5			6.5			-0.114041

0			6.55			0.111666
1			6.55			0.173748
2			6.55			0.280541
3			6.55			-0.280541
4			6.55			-0.173748
5			6.55			-0.111666

0			6.6			0.109222
1			6.6			0.171137
2			6.6			0.274841
3			6.6			-0.274841
4			6.6			-0.171137
5			6.6			-0.109222

0			6.65			0.106719
1			6.65			0.168787
2			6.65			0.268438
3			6.65			-0.268438
4			6.65			-0.168787
5			6.65			-0.106719

0			6.7			0.104168
1			6.7			0.166669
2			6.7			0.26138
3			6.7			-0.26138
4			6.7			-0.166669
5			6.7			-0.104168

0			6.75			0.101583
1			6.75			0.164752
2			6.75			0.253717
3			6.75			-0.253717
4			6.75			-0.164752
5			6.75			-0.101583

0			6.8			0.0989766
1			6.8			0.163001
2			6.8			0.245503
3			6.8			-0.245503
4			6.8			-0.163001
5			6.8			-0.0989766

0			6.85			0.0963621
1			6.85			0.16138
2			6.85			0.236796
3			6.85			-0.236796
4			6.85			-0.16138
5			6.85			-0.0963621

0			6.9			0.0937541
1			6.9			0.15985
2			6.9			0.227658
3			6.9			-0.227658
4			6.9			-0.15985
5			6.9			-0.0937541

0			6.95			0.0911674
1			6.95			0.158371
2			6.95			0.21815
3			6.95			-0.21815
4			6.95			-0.158371
5			6.95			-0.0911674

0			7			0.0886168
1			7			0.156904
2			7			0.208339
3			7			-0.208339
4			7			-0.156904
5			7			-0.0886168

0			7.05			0.0861173
1			7.05			0.155407
2			7.05			0.198288
3			7.05			-0.198288
4			7.05			-0.155407
5			7.05			-0.0861173

0			7.1			0.0836834
1			7.1			0.15384
2			7.1			0.188066
3			7.1			-0.188066
4			7.1			-0.15384
5			7.1			-0.0836834

0			7.15			0.0813299
1			7.15			0.15216
2			7.15			0.177736
3			7.15			-0.177736
4			7.15			-0.15216
5			7.15			-0.0813299

0			7.2			0.0790706
1			7.2			0.150329
2			7.2			0.167365
3			7.2			-0.167365
4			7.2			-0.150329
5			7.2			-0.0790706

0			7.25			0.0769192
1			7.25			0.148307
2			7.25			0.157016
3			7.25			-0.157016
4			7.25			-0.148307
5			7.25			-0.0769192

0			7.3			0.0748883
1			7.3			0.146056
2			7.3			0.14675
3			7.3			-0.14675
4			7.3			-0.146056
5			7.3			-0.0748883

0			7.35			0.0729898
1			7.35			0.143543
2			7.35			0.136627
3			7.35			-0.136627
4			7.35			-0.143543
5			7.35			-0.0729898

0			7.4			0.0712345
1			7.4			0.140732
2			7.4			0.126703
3			7.4			-0.126703
4			7.4			-0.140732
5			7.4			-0.0712345

0			7.45			0.0696322
1			7.45			0.137595
2			7.45			0.117029
3			7.45			-0.117029
4			7.45			-0.137595
5			7.45			-0.0696322

0			7.5			0.0681912
1			7.5			0.134105
2			7.5			0.107656
3			7.5			-0.107656
4			7.5			-0.134105
5			7.5			-0.0681912

0			7.55			0.0669188
1			7.55			0.130236
2			7.55			0.0986259
3			7.55			-0.0986259
4			7.55			-0.130236
5			7.55			-0.0669188

0			7.6			0.0658205
1			7.6			0.12597
2			7.6			0.0899797
3			7.6			-0.0899797
4			7.6			-0.12597
5			7.6			-0.0658205

0			7.65			0.0649004
1			7.65			0.121289
2			7.65			0.0817516
3			7.65			-0.0817516
4			7.65			-0.121289
5			7.65			-0.0649004

0			7.7			0.064161
1			7.7			0.116183
2			7.7			0.073971
3			7.7			-0.073971
4			7.7			-0.116183
5			7.7			-0.064161

0			7.75			0.063603
1			7.75			0.110642
2			7.75			0.066662
3			7.75			-0.066662
4			7.75			-0.110642
5			7.75			-0.063603

0			7.8			0.0632255
1			7.8			0.104663
2			7.8			0.0598432
3			7.8			-0.0598432
4			7.8			-0.104663
5			7.8			-0.0632255

0			7.85			0.063026
1			7.85			0.0982481
2			7.85			0.0535277
3			7.85			-0.0535277
4			7.85			-0.0982481
5			7.85			-0.063026

0			7.9			0.063
1			7.9			0.0914015
2			7.9			0.047723
3			7.9			-0.047723
4			7.9			-0.0914015
5			7.9			-0.063

0			7.95			0.0631413
1			7.95			0.0841335
2			7.95			0.0424313
3			7.95			-0.0424313
4			7.95			-0.0841335
5			7.95			-0.0631413

0			8			0.063442
1			8			0.0764584
2			8			0.0376495
3			8			-0.0376495
4			8			-0.0764584
5			8			-0.063442

0			8.05			0.0638926
1			8.05			0.0683951
2			8.05			0.0333693
3			8.05			-0.0333693
4			8.05			-0.0683951
5			8.05			-0.0638926

0			8.1			0.0644819
1			8.1			0.0599663
2			8.1			0.0295774
3			8.1			-0.0295774
4			8.1			-0.0599663
5			8.1			-0.0644819

0			8.15			0.0651971
1			8.15			0.0511991
2			8.15			0.026256
3			8.15			-0.026256
4			8.15			-0.0511991
5			8.15			-0.0651971

0			8.2			0.0660238
1			8.2			0.0421242
2			8.2			0.0233831
3			8.2			-0.0233831
4			8.2			-0.0421242
5			8.2			-0.0660238

0			8.25			0.0669463
1			8.25			0.032776
2			8.25			0.0209328
3			8.25			-0.0209328
4			8.25			-0.032776
5			8.25			-0.0669463

0			8.3			0.0679476
1			8.3			0.0231921
2			8.3			0.0188754
3			8.3			-0.0188754
4			8.3			-0.0231921
5			8.3			-0.0679476

0			8.35			0.0690095
1			8.35			0.0134129
2			8.35			0.0171787
3			8.35			-0.0171787
4			8.35			-0.0134129
5			8.35			-0.0690095

0			8.4			0.0701127
1			8.4			0.00348181
2			8.4			0.0158074
3			8.4			-0.0158074
4			8.4			-0.00348181
5			8.4			-0.0701127

0			8.45			0.071237
1			8.45			-0.00655594
2			8.45			0.0147244
3			8.45			-0.0147244
4			8.45			0.00655594
5			8.45			-0.071237

0			8.5			0.0723613
1			8.5			-0.0166531
2			8.5			0.0138911
3			8.5			-0.0138911
4			8.5			0.0166531
5			8.5			-0.0723613

0			8.55			0.0734642
1			8.55			-0.026761
2			8.55			0.0132675
3			8.55			-0.0132675
4			8.55			0.026761
5			8.55			-0.0734642

0			8.6			0.0745233
1			8.6			-0.03683
2			8.6			0.0128135
3			8.6			-0.0128135
4			8.6			0.03683
5			8.6			-0.0745233

0			8.65			0.0755164
1			8.65			-0.0468098
2			8.65			0.0124886
3			8.65			-0.0124886
4			8.65			0.0468098
5			8.65			-0.0755164

0			8.7			0.0764209
1			8.7			-0.0566502
2			8.7			0.012253
3			8.7			-0.012253
4			8.7			0.0566502
5			8.7			-0.0764209

0			8.75			0.0772142
1			8.75			-0.0663011
2			8.75			0.0120678
3			8.75			-0.0120678
4			8.75			0.0663011
5			8.75			-0.0772142

0			8.8			0.077874
1			8.8			-0.075713
2			8.8			0.0118956
3			8.8			-0.0118956
4			8.8			0.075713
5			8.8			-0.077874

0			8.85			0.0783783
1			8.85			-0.084838
2			8.85			0.0117007
3			8.85			-0.0117007
4			8.85			0.084838
5			8.85			-0.0783783

0			8.9			0.0787057
1			8.9			-0.0936293
2			8.9			0.0114498
3			8.9			-0.0114498
4			8.9			0.0936293
5			8.9			-0.0787057

0			8.95			0.0788355
1			8.95			-0.102042
2			8.95			0.0111123
3			8.95			-0.0111123
4			8.95			0.102042
5			8.95			-0.0788355

0			9			0.0787478
1			9			-0.110035
2			9			0.0106605
3			9			-0.0106605
4			9			0.110035
5			9			-0.0787478

0			9.05			0.0784236
1			9.05			-0.117567
2			9.05			0.0100698
3			9.05			-0.0100698
4			9.05			0.117567
5			9.05			-0.0784236

0			9.1			0.0778452
1			9.1			-0.124603
2			9.1			0.00931948
3			9.1			-0.00931948
4			9.1			0.124603
5			9.1			-0.0778452

0			9.15			0.0769962
1			9.15			-0.131108
2			9.15			0.00839213
3			9.15			-0.00839213
4			9.15			0.131108
5			9.15			-0.0769962

0			9.2			0.0758616
1			9.2			-0.137054
2			9.2			0.00727432
3			9.2			-0.00727432
4			9.2			0.137054
5			9.2			-0.0758616

0			9.25			0.0744278
1			9.25			-0.142414
2			9.25			0.00595649
3			9.25			-0.00595649
4			9.25			0.142414
5			9.25			-0.0744278

0			9.3			0.0726829
1			9.3			-0.147167
2			9.3			0.004433
3			9.3			-0.004433
4			9.3			0.147167
5			9.3			-0.0726829

0			9.35			0.0706168
1			9.35			-0.151293
2			9.35			0.00270213
3			9.35			-0.00270213
4			9.35			0.151293
5			9.35			-0.0706168

0			9.4			0.0682212
1			9.4			-0.154781
2			9.4			0.000765975
3			9.4			-0.000765975
4			9.4			0.154781
5			9.4			-0.0682212

0			9.45			0.0654896
1			9.45			-0.157621
2			9.45			-0.00136964
3			9.45			0.00136964
4			9.45			0.157621
5			9.45			-0.0654896

0			9.5			0.0624175
1			9.5			-0.159809
2			9.5			-0.00369534
3			9.5			0.00369534
4			9.5			0.159809
5			9.5			-0.0624175

0			9.55			0.0590022
1			9.55			-0.161342
2			9.55			-0.00619845
3			9.55			0.00619845
4			9.55			0.161342
5			9.55			-0.0590022

0			9.6			0.0552434
1			9.6			-0.162227
2			9.6			-0.00886315
3			9.6			0.00886315
4			9.6			0.162227
5			9.6			-0.0552434

0			9.65			0.0511423
1			9.65			-0.162471
2			9.65			-0.0116709
3			9.65			0.0116709
4			9.65			0.162471
5			9.65			-0.0511423

0			9.7			0.0467024
1			9.7			-0.162087
2			9.7			-0.0146006
3			9.7			0.0146006
4			9.7			0.162087
5			9.7			-0.0467024

0			9.75			0.0419292
1			9.75			-0.161092
2			9.75			-0.017629
3			9.75			0.017629
4			9.75			0.161092
5			9.75			-0.0419292

0			9.8			0.03683
1			9.8			-0.159505
2			9.8			-0.0207313
3			9.8			0.0207313
4			9.8			0.159505
5			9.8			-0.03683

0			9.85			0.0314141
1			9.85			-0.157351
2			9.85			-0.023881
3			9.85			0.023881
4			9.85			0.157351
5			9.85			-0.0314141

0			9.9			0.0256927
1			9.9			-0.154659
2			9.9			-0.0270509
3			9.9			0.0270509
4			9.9			0.154659
5			9.9			-0.0256927

0			9.95			0.0196787
1			9.95			-0.151459
2			9.95			-0.030213
3			9.95			0.030213
4			9.95			0.151459
5			9.95			-0.0196787

0			10			0.0133867
1			10			-0.147785
2			10			-0.0333393
3			10			0.0333393
4			10			0.147785
5			10			-0.0133867

0			10.05			0.00683294
1			10.05			-0.143674
2			10.05			-0.036402
3			10.05			0.036402
4			10.05			0.143674
5			10.05			-0.00683294

0			10.1			3.51804e-05
1			10.1			-0.139165
2			10.1			-0.0393738
3			10.1			0.0393738
4			10.1			0.139165
5			10.1			-3.51804e-05

0			10.15			-0.00698746
1			10.15			-0.134299
2			10.15			-0.0422285
3			10.15			0.0422285
4			10.15			0.134299
5			10.15			0.00698746

0			10.2			-0.0142146
1			10.2			-0.12912
2			10.2			-0.0449414
3			10.2			0.0449414
4			10.2			0.12912
5			10.2			0.0142146

0			10.25			-0.0216247
1			10.25			-0.123671
2			10.25			-0.0474892
3			10.25			0.0474892
4			10.25			0.123671
5			10.25			0.0216247

0			10.3			-0.0291951
1			10.3			-0.117999
2			10.3			-0.049851
3			10.3			0.049851
4			10.3			0.117999
5			10.3			0.0291951

0			10.35			-0.0369026
1			10.35			-0.11215
2			10.35			-0.052008
3			10.35			0.052008
4			10.35			0.11215
5			10.35			0.0369026

0			10.4			-0.0447229
1			10.4			-0.10617
2			10.4			-0.0539438
3			10.4			0.0539438
4			10.4			0.10617
5			10.4			0.0447229

0			10.45			-0.0526314
1			10.45			-0.100107
2			10.45			-0.0556452
3			10.45			0.0556452
4			10.45			0.100107
5			10.45			0.0526314

0			10.5			-0.0606029
1			10.5			-0.0940068
2			10.5			-0.0571017
3			10.5			0.0571017
4			10.5			0.0940068
5			10.5			0.0606029

0			10.55			-0.0686121
1			10.55			-0.0879162
2			10.55			-0.0583059
3			10.55			0.0583059
4			10.55			0.0879162
5			10.55			0.0686121

0			10.6			-0.0766334
1			10.6			-0.0818804
2			10.6			-0.0592537
3			10.6			0.0592537
4			10.6			0.0818804
5			10.6			0.0766334

0			10.65			-0.0846413
1			10.65			-0.0759439
2			10.65			-0.0599442
3			10.65			0.0599442
4			10.65			0.0759439
5			10.65			0.0846413

0			10.7			-0.0926106
1			10.7			-0.0701494
2			10.7			-0.0603801
3			10.7			0.0603801
4			10.7			0.0701494
5			10.7			0.0926106

0			10.75			-0.100516
1			10.75			-0.0645383
2			10.75			-0.0605671
3			10.75			0.0605671
4			10.75			0.0645383
5			10.75			0.100516

0			10.8			-0.108334
1			10.8			-0.05915
2			10.8			-0.0605142
3			10.8			0.0605142
4			10.8			0.05915
5			10.8			0.108334

0			10.85			-0.116039
1			10.85			-0.0540219
2			10.85			-0.0602336
3			10.85			0.0602336
4			10.85			0.0540219
5			10.85			0.116039

0			10.9			-0.12361
1			10.9			-0.049189
2			10.9			-0.0597405
3			10.9			0.0597405
4			10.9			0.049189
5			10.9			0.12361

0			10.95			-0.131023
1			10.95			-0.0446839
2			10.95			-0.0590533
3			10.95			0.0590533
4			10.95			0.0446839
5			10.95			0.131023

0			11			-0.138257
1			11			-0.0405365
2			11			-0.0581925
3			11			0.0581925
4			11			0.0405365
5			11			0.138257

0			11.05			-0.145293
1			11.05			-0.0367741
2			11.05			-0.0571817
3			11.05			0.0571817
4			11.05			0.0367741
5			11.05			0.145293

0			11.1			-0.15211
1			11.1			-0.0334209
2			11.1			-0.0560463
3			11.1			0.0560463
4			11.1			0.0334209
5			11.1			0.15211

0			11.15			-0.158692
1			11.15			-0.0304983
2			11.15			-0.0548139
3			11.15			0.0548139
4			11.15			0.0304983
5			11.15			0.158692

0			11.2			-0.165023
1			11.2			-0.0280247
2			11.2			-0.0535137
3			11.2			0.0535137
4			11.2			0.0280247
5			11.2			0.165023

0			11.25			-0.171086
1			11.25			-0.0260151
2			11.25			-0.0521764
3			11.25			0.0521764
4			11.25			0.0260151
5			11.25			0.171086

0			11.3			-0.176869
1			11.3			-0.0244817
2			11.3			-0.0508337
3			11.3			0.0508337
4			11.3			0.0244817
5			11.3			0.176869

0			11.35			-0.18236
1			11.35			-0.0234336
2			11.35			-0.049518
3			11.35			0.049518
4			11.35			0.0234336
5			11.35			0.18236

0			11.4			-0.187549
1			11.4			-0.0228764
2			11.4			-0.0482625
3			11.4			0.0482625
4			11.4			0.0228764
5			11.4			0.187549

0			11.45			-0.192427
1			11.45			-0.0228131
2			11.45			-0.0471
3			11.45			0.0471
4			11.45			0.0228131
5			11.45			0.192427

0			11.5			-0.196987
1			11.5			-0.0232433
2			11.5			-0.0460634
3			11.5			0.0460634
4			11.5			0.0232433
5			11.5			0.196987

0			11.55			-0.201224
1			11.55			-0.0241639
2			11.55			-0.0451851
3			11.55			0.0451851
4			11.55			0.0241639
5			11.55			0.201224

0			11.6			-0.205135
1			11.6			-0.0255689
2			11.6			-0.0444965
3			11.6			0.0444965
4			11.6			0.0255689
5			11.6			0.205135

0			11.65			-0.208717
1			11.65			-0.0274494
2			11.65			-0.044028
3			11.65			0.044028
4			11.65			0.0274494
5			11.65			0.208717

0			11.7			-0.211971
1			11.7			-0.0297939
2			11.7			-0.0438083
3			11.7			0.0438083
4			11.7			0.0297939
5			11.7			0.211971

0			11.75			-0.214897
1			11.75			-0.0325886
2			11.75			-0.0438647
3			11.75			0.0438647
4			11.75			0.0325886
5			11.75			0.214897

0			11.8			-0.217499
1			11.8			-0.035817
2			11.8			-0.0442223
3			11.8			0.0442223
4			11.8			0.035817
5			11.8			0.217499

0			11.85			-0.21978
1			11.85			-0.0394608
2			11.85			-0.0449041
3			11.85			0.0449041
4			11.85			0.0394608
5			11.85			0.21978

0			11.9			-0.221747
1			11.9			-0.0434992
2			11.9			-0.0459307
3			11.9			0.0459307
4			11.9			0.0434992
5			11.9			0.221747

0			11.95			-0.223408
1			11.95			-0.0479101
2			11.95			-0.0473201
3			11.95			0.0473201
4			11.95			0.0479101
5			11.95			0.223408

