0.05			-0.415592
0.0833333			-0.415372
0.116667			-0.41438
0.15			-0.412429
0.183333			-0.409577
0.216667			-0.405836
0.25			-0.40116
0.283333			-0.395523
0.316667			-0.388952
0.35			-0.381537
0.383333			-0.373413
0.416667			-0.364737
0.45			-0.355672
0.483333			-0.346371
0.516667			-0.336972
0.55			-0.32759
0.583333			-0.318319
0.616667			-0.309232
0.65			-0.300384
0.683333			-0.291815
0.716667			-0.283551
0.75			-0.275607
0.783333			-0.267991
0.816667			-0.260705
0.85			-0.253744
0.883333			-0.247102
0.916667			-0.240768
0.95			-0.234731
0.983333			-0.228979
1.01667			-0.223498
1.05			-0.218277
1.08333			-0.213301
1.11667			-0.208557
1.15			-0.204034
1.18333			-0.199718
1.21667			-0.195599
1.25			-0.191665
1.28333			-0.187906
1.31667			-0.184312
1.35			-0.180874
1.38333			-0.177584
1.41667			-0.174431
1.45			-0.171411
1.48333			-0.168513
1.51667			-0.165733
1.55			-0.163064
1.58333			-0.1605
1.61667			-0.158034
1.65			-0.155663
1.68333			-0.153381
1.71667			-0.151183
1.75			-0.149065
1.78333			-0.147024
1.81667			-0.145054
1.85			-0.143154
1.88333			-0.141319
1.91667			-0.139546
1.95			-0.137832
1.98333			-0.136175
2.01667			-0.134571
2.05			-0.133019
2.08333			-0.131516
2.11667			-0.13006
2.15			-0.128649
2.18333			-0.12728
2.21667			-0.125953
2.25			-0.124665
2.28333			-0.123414
2.31667			-0.122199
2.35			-0.121019
2.38333			-0.119872
2.41667			-0.118756
2.45			-0.117671
2.48333			-0.116616
2.51667			-0.115588
2.55			-0.114588
2.58333			-0.113614
2.61667			-0.112665
2.65			-0.11174
2.68333			-0.110838
2.71667			-0.109959
2.75			-0.109101
2.78333			-0.108264
2.81667			-0.107447
2.85			-0.106649
2.88333			-0.105871
2.91667			-0.10511
2.95			-0.104367
2.98333			-0.103641
3.01667			-0.102931
3.05			-0.102237
3.08333			-0.101558
3.11667			-0.100894
3.15			-0.100244
3.18333			-0.0996082
3.21667			-0.0989858
3.25			-0.0983764
3.28333			-0.0977797
3.31667			-0.0971952
3.35			-0.0966225
3.38333			-0.0960614
3.41667			-0.0955115
3.45			-0.0949725
3.48333			-0.0944439
3.51667			-0.0939257
3.55			-0.0934173
3.58333			-0.0929187
3.61667			-0.0924294
3.65			-0.0919493
3.68333			-0.0914781
3.71667			-0.0910155
3.75			-0.0905613
3.78333			-0.0901153
3.81667			-0.0896773
3.85			-0.0892471
3.88333			-0.0888244
3.91667			-0.0884091
3.95			-0.0880009
3.98333			-0.0875998
4.01667			-0.0872055
4.05			-0.0868178
4.08333			-0.0864366
4.11667			-0.0860617
4.15			-0.085693
4.18333			-0.0853303
4.21667			-0.0849735
4.25			-0.0846224
4.28333			-0.0842769
4.31667			-0.0839369
4.35			-0.0836022
4.38333			-0.0832727
4.41667			-0.0829483
4.45			-0.0826289
4.48333			-0.0823144
4.51667			-0.0820046
4.55			-0.0816995
4.58333			-0.0813989
4.61667			-0.0811028
4.65			-0.080811
4.68333			-0.0805234
4.71667			-0.0802401
4.75			-0.0799608
4.78333			-0.0796855
4.81667			-0.079414
4.85			-0.0791465
4.88333			-0.0788826
4.91667			-0.0786224
4.95			-0.0783658
4.98333			-0.0781128
5.01667			-0.0778631
5.05			-0.0776169
5.08333			-0.0773739
5.11667			-0.0771342
5.15			-0.0768977
5.18333			-0.0766643
5.21667			-0.0764339
5.25			-0.0762065
5.28333			-0.0759821
5.31667			-0.0757606
5.35			-0.0755418
5.38333			-0.0753259
5.41667			-0.0751127
5.45			-0.0749021
5.48333			-0.0746942
5.51667			-0.0744888
5.55			-0.074286
5.58333			-0.0740856
5.61667			-0.0738877
5.65			-0.0736921
5.68333			-0.073499
5.71667			-0.0733081
5.75			-0.0731195
5.78333			-0.0729331
5.81667			-0.0727488
5.85			-0.0725668
5.88333			-0.0723868
5.91667			-0.072209
5.95			-0.0720331
5.98333			-0.0718593
6.01667			-0.0716874
6.05			-0.0715175
6.08333			-0.0713495
6.11667			-0.0711833
6.15			-0.071019
6.18333			-0.0708565
6.21667			-0.0706958
6.25			-0.0705368
6.28333			-0.0703796
6.31667			-0.0702241
6.35			-0.0700702
6.38333			-0.069918
6.41667			-0.0697673
6.45			-0.0696183
6.48333			-0.0694709
6.51667			-0.069325
6.55			-0.0691806
6.58333			-0.0690377
6.61667			-0.0688962
6.65			-0.0687562
6.68333			-0.0686177
6.71667			-0.0684805
6.75			-0.0683448
6.78333			-0.0682104
6.81667			-0.0680773
6.85			-0.0679456
6.88333			-0.0678151
6.91667			-0.067686
6.95			-0.0675581
6.98333			-0.0674315
7.01667			-0.0673061
7.05			-0.0671819
7.08333			-0.0670589
7.11667			-0.066937
7.15			-0.0668164
7.18333			-0.0666968
7.21667			-0.0665784
7.25			-0.0664612
7.28333			-0.066345
7.31667			-0.0662299
7.35			-0.0661158
7.38333			-0.0660028
7.41667			-0.0658909
7.45			-0.0657799
7.48333			-0.06567
7.51667			-0.0655611
7.55			-0.0654531
7.58333			-0.0653462
7.61667			-0.0652401
7.65			-0.065135
7.68333			-0.0650309
7.71667			-0.0649277
7.75			-0.0648253
7.78333			-0.0647239
7.81667			-0.0646233
7.85			-0.0645237
7.88333			-0.0644248
7.91667			-0.0643269
7.95			-0.0642297
7.98333			-0.0641334
8.01667			-0.0640379
8.05			-0.0639432
8.08333			-0.0638494
8.11667			-0.0637563
8.15			-0.0636639
8.18333			-0.0635724
8.21667			-0.0634816
8.25			-0.0633915
8.28333			-0.0633022
8.31667			-0.0632136
8.35			-0.0631257
8.38333			-0.0630386
8.41667			-0.0629521
8.45			-0.0628664
8.48333			-0.0627813
8.51667			-0.0626969
8.55			-0.0626132
8.58333			-0.0625301
8.61667			-0.0624477
8.65			-0.062366
8.68333			-0.0622849
8.71667			-0.0622044
8.75			-0.0621245
8.78333			-0.0620453
8.81667			-0.0619667
8.85			-0.0618886
8.88333			-0.0618112
8.91667			-0.0617344
8.95			-0.0616581
8.98333			-0.0615824
9.01667			-0.0615073
9.05			-0.0614327
9.08333			-0.0613588
9.11667			-0.0612853
9.15			-0.0612124
9.18333			-0.0611401
9.21667			-0.0610682
9.25			-0.0609969
9.28333			-0.0609261
9.31667			-0.0608559
9.35			-0.0607861
9.38333			-0.0607169
9.41667			-0.0606481
9.45			-0.0605799
9.48333			-0.0605121
9.51667			-0.0604448
9.55			-0.060378
9.58333			-0.0603117
9.61667			-0.0602458
9.65			-0.0601804
9.68333			-0.0601155
9.71667			-0.060051
9.75			-0.0599869
9.78333			-0.0599233
9.81667			-0.0598602
9.85			-0.0597974
9.88333			-0.0597352
9.91667			-0.0596733
9.95			-0.0596118
9.98333			-0.0595508
10.0167			-0.0594902
10.05			-0.05943
10.0833			-0.0593702
10.1167			-0.0593108
10.15			-0.0592518
10.1833			-0.0591932
10.2167			-0.0591349
10.25			-0.0590771
10.2833			-0.0590196
10.3167			-0.0589625
10.35			-0.0589058
10.3833			-0.0588495
10.4167			-0.0587935
10.45			-0.0587379
10.4833			-0.0586827
10.5167			-0.0586278
10.55			-0.0585732
10.5833			-0.0585191
10.6167			-0.0584652
10.65			-0.0584117
10.6833			-0.0583585
10.7167			-0.0583057
10.75			-0.0582532
10.7833			-0.0582011
10.8167			-0.0581492
10.85			-0.0580977
10.8833			-0.0580465
10.9167			-0.0579956
10.95			-0.0579451
10.9833			-0.0578948
11.0167			-0.0578449
11.05			-0.0577952
11.0833			-0.0577459
11.1167			-0.0576969
11.15			-0.0576481
11.1833			-0.0575997
11.2167			-0.0575516
11.25			-0.0575037
11.2833			-0.0574561
11.3167			-0.0574089
11.35			-0.0573619
11.3833			-0.0573151
11.4167			-0.0572687
11.45			-0.0572225
11.4833			-0.0571766
11.5167			-0.057131
11.55			-0.0570856
11.5833			-0.0570405
11.6167			-0.0569957
11.65			-0.0569511
11.6833			-0.0569068
11.7167			-0.0568627
11.75			-0.0568189
11.7833			-0.0567754
11.8167			-0.0567321
11.85			-0.056689
11.8833			-0.0566462
11.9167			-0.0566036
11.95			-0.0565613
11.9833			-0.0565192
12.0167			-0.0564774
12.05			-0.0564357
12.0833			-0.0563944
12.1167			-0.0563532
12.15			-0.0563123
12.1833			-0.0562716
12.2167			-0.0562311
12.25			-0.0561909
12.2833			-0.0561508
12.3167			-0.056111
12.35			-0.0560714
12.3833			-0.0560321
12.4167			-0.0559929
12.45			-0.0559539
12.4833			-0.0559152
12.5167			-0.0558767
12.55			-0.0558384
12.5833			-0.0558003
12.6167			-0.0557623
12.65			-0.0557246
12.6833			-0.0556871
12.7167			-0.0556498
12.75			-0.0556127
12.7833			-0.0555758
12.8167			-0.0555391
12.85			-0.0555026
12.8833			-0.0554662
12.9167			-0.0554301
12.95			-0.0553941
12.9833			-0.0553584
13.0167			-0.0553228
13.05			-0.0552874
13.0833			-0.0552522
13.1167			-0.0552172
13.15			-0.0551823
13.1833			-0.0551476
13.2167			-0.0551131
13.25			-0.0550788
13.2833			-0.0550447
13.3167			-0.0550107
13.35			-0.0549769
13.3833			-0.0549433
13.4167			-0.0549098
13.45			-0.0548765
13.4833			-0.0548434
13.5167			-0.0548104
13.55			-0.0547776
13.5833			-0.054745
13.6167			-0.0547125
13.65			-0.0546802
13.6833			-0.0546481
13.7167			-0.0546161
13.75			-0.0545842
13.7833			-0.0545526
13.8167			-0.054521
13.85			-0.0544897
13.8833			-0.0544585
13.9167			-0.0544274
13.95			-0.0543965
13.9833			-0.0543657
14.0167			-0.0543351
14.05			-0.0543046
14.0833			-0.0542743
14.1167			-0.0542441
14.15			-0.0542141
14.1833			-0.0541842
14.2167			-0.0541544
14.25			-0.0541248
14.2833			-0.0540954
14.3167			-0.054066
14.35			-0.0540368
14.3833			-0.0540078
14.4167			-0.0539789
14.45			-0.0539501
14.4833			-0.0539214
14.5167			-0.0538929
14.55			-0.0538645
14.5833			-0.0538363
14.6167			-0.0538082
14.65			-0.0537802
14.6833			-0.0537523
14.7167			-0.0537246
14.75			-0.0536969
14.7833			-0.0536695
14.8167			-0.0536421
14.85			-0.0536149
14.8833			-0.0535878
14.9167			-0.0535608
14.95			-0.0535339
14.9833			-0.0535072
15.0167			-0.0534805
15.05			-0.053454
15.0833			-0.0534276
15.1167			-0.0534014
15.15			-0.0533752
15.1833			-0.0533492
15.2167			-0.0533233
15.25			-0.0532975
15.2833			-0.0532718
15.3167			-0.0532462
15.35			-0.0532207
15.3833			-0.0531954
15.4167			-0.0531701
15.45			-0.053145
15.4833			-0.05312
15.5167			-0.053095
15.55			-0.0530702
15.5833			-0.0530455
15.6167			-0.0530209
15.65			-0.0529965
15.6833			-0.0529721
15.7167			-0.0529478
15.75			-0.0529236
15.7833			-0.0528996
15.8167			-0.0528756
15.85			-0.0528517
15.8833			-0.052828
15.9167			-0.0528043
15.95			-0.0527807
15.9833			-0.0527573
16.0167			-0.0527339
16.05			-0.0527106
16.0833			-0.0526875
16.1167			-0.0526644
16.15			-0.0526414
16.1833			-0.0526185
16.2167			-0.0525958
16.25			-0.0525731
16.2833			-0.0525505
16.3167			-0.052528
16.35			-0.0525056
16.3833			-0.0524832
16.4167			-0.052461
16.45			-0.0524389
16.4833			-0.0524168
16.5167			-0.0523949
16.55			-0.052373
16.5833			-0.0523512
16.6167			-0.0523296
16.65			-0.052308
16.6833			-0.0522864
16.7167			-0.052265
16.75			-0.0522437
16.7833			-0.0522224
16.8167			-0.0522013
16.85			-0.0521802
16.8833			-0.0521592
16.9167			-0.0521383
16.95			-0.0521174
16.9833			-0.0520967
17.0167			-0.052076
17.05			-0.0520554
17.0833			-0.0520349
17.1167			-0.0520145
17.15			-0.0519941
17.1833			-0.0519739
17.2167			-0.0519537
17.25			-0.0519336
17.2833			-0.0519136
17.3167			-0.0518936
17.35			-0.0518737
17.3833			-0.0518539
17.4167			-0.0518342
17.45			-0.0518146
17.4833			-0.051795
17.5167			-0.0517755
17.55			-0.0517561
17.5833			-0.0517368
17.6167			-0.0517175
17.65			-0.0516983
17.6833			-0.0516792
17.7167			-0.0516601
17.75			-0.0516411
17.7833			-0.0516222
17.8167			-0.0516034
17.85			-0.0515846
17.8833			-0.051566
17.9167			-0.0515473
17.95			-0.0515288
17.9833			-0.0515103
18.0167			-0.0514919
18.05			-0.0514735
18.0833			-0.0514553
18.1167			-0.0514371
18.15			-0.0514189
18.1833			-0.0514008
18.2167			-0.0513828
18.25			-0.0513649
18.2833			-0.051347
18.3167			-0.0513292
18.35			-0.0513115
18.3833			-0.0512938
18.4167			-0.0512762
18.45			-0.0512586
18.4833			-0.0512411
18.5167			-0.0512237
18.55			-0.0512064
18.5833			-0.0511891
18.6167			-0.0511718
18.65			-0.0511547
18.6833			-0.0511376
18.7167			-0.0511205
18.75			-0.0511035
18.7833			-0.0510866
18.8167			-0.0510697
18.85			-0.0510529
18.8833			-0.0510362
18.9167			-0.0510195
18.95			-0.0510029
18.9833			-0.0509863
19.0167			-0.0509698
19.05			-0.0509534
19.0833			-0.050937
19.1167			-0.0509206
19.15			-0.0509044
19.1833			-0.0508881
19.2167			-0.050872
19.25			-0.0508559
19.2833			-0.0508398
19.3167			-0.0508238
19.35			-0.0508079
19.3833			-0.050792
19.4167			-0.0507762
19.45			-0.0507604
19.4833			-0.0507447
19.5167			-0.050729
19.55			-0.0507134
19.5833			-0.0506979
19.6167			-0.0506824
19.65			-0.0506669
19.6833			-0.0506515
19.7167			-0.0506362
19.75			-0.0506209
19.7833			-0.0506056
19.8167			-0.0505905
19.85			-0.0505753
19.8833			-0.0505602
19.9167			-0.0505452
19.95			-0.0505302
19.9833			-0.0505153
20.0167			-0.0505004
20.05			-0.0504856
20.0833			-0.0504708
20.1167			-0.0504561
20.15			-0.0504414
20.1833			-0.0504267
20.2167			-0.0504121
20.25			-0.0503976
20.2833			-0.0503831
20.3167			-0.0503687
20.35			-0.0503543
20.3833			-0.0503399
20.4167			-0.0503256
20.45			-0.0503114
20.4833			-0.0502972
20.5167			-0.050283
20.55			-0.0502689
20.5833			-0.0502548
20.6167			-0.0502408
20.65			-0.0502268
20.6833			-0.0502129
20.7167			-0.050199
20.75			-0.0501852
20.7833			-0.0501714
20.8167			-0.0501576
20.85			-0.0501439
20.8833			-0.0501303
20.9167			-0.0501167
20.95			-0.0501031
20.9833			-0.0500896
21.0167			-0.0500761
21.05			-0.0500626
21.0833			-0.0500492
21.1167			-0.0500359
21.15			-0.0500226
21.1833			-0.0500093
21.2167			-0.0499961
21.25			-0.0499829
21.2833			-0.0499697
21.3167			-0.0499566
21.35			-0.0499435
21.3833			-0.0499305
21.4167			-0.0499175
21.45			-0.0499046
21.4833			-0.0498917
21.5167			-0.0498788
21.55			-0.049866
21.5833			-0.0498532
21.6167			-0.0498405
21.65			-0.0498278
21.6833			-0.0498151
21.7167			-0.0498025
21.75			-0.0497899
21.7833			-0.0497774
21.8167			-0.0497649
21.85			-0.0497524
21.8833			-0.04974
21.9167			-0.0497276
21.95			-0.0497152
21.9833			-0.0497029
22.0167			-0.0496906
22.05			-0.0496784
22.0833			-0.0496662
22.1167			-0.049654
22.15			-0.0496419
22.1833			-0.0496298
22.2167			-0.0496177
22.25			-0.0496057
22.2833			-0.0495937
22.3167			-0.0495818
22.35			-0.0495699
22.3833			-0.049558
22.4167			-0.0495462
22.45			-0.0495344
22.4833			-0.0495226
22.5167			-0.0495109
22.55			-0.0494992
22.5833			-0.0494875
22.6167			-0.0494759
22.65			-0.0494643
22.6833			-0.0494527
22.7167			-0.0494412
22.75			-0.0494297
22.7833			-0.0494182
22.8167			-0.0494068
22.85			-0.0493954
22.8833			-0.0493841
22.9167			-0.0493727
22.95			-0.0493614
22.9833			-0.0493502
23.0167			-0.049339
23.05			-0.0493278
23.0833			-0.0493166
23.1167			-0.0493055
23.15			-0.0492944
23.1833			-0.0492833
23.2167			-0.0492723
23.25			-0.0492613
23.2833			-0.0492503
23.3167			-0.0492394
23.35			-0.0492285
23.3833			-0.0492176
23.4167			-0.0492068
23.45			-0.049196
23.4833			-0.0491852
23.5167			-0.0491744
23.55			-0.0491637
23.5833			-0.049153
23.6167			-0.0491424
23.65			-0.0491317
23.6833			-0.0491211
23.7167			-0.0491106
23.75			-0.0491
23.7833			-0.0490895
23.8167			-0.0490791
23.85			-0.0490686
23.8833			-0.0490582
23.9167			-0.0490478
23.95			-0.0490374
23.9833			-0.0490271
24.0167			-0.0490168
24.05			-0.0490065
24.0833			-0.0489963
24.1167			-0.0489861
24.15			-0.0489759
24.1833			-0.0489657
24.2167			-0.0489556
24.25			-0.0489455
24.2833			-0.0489354
24.3167			-0.0489254
24.35			-0.0489154
24.3833			-0.0489054
24.4167			-0.0488954
24.45			-0.0488855
24.4833			-0.0488755
24.5167			-0.0488657
24.55			-0.0488558
24.5833			-0.048846
24.6167			-0.0488362
24.65			-0.0488264
24.6833			-0.0488167
24.7167			-0.0488069
24.75			-0.0487972
24.7833			-0.0487876
24.8167			-0.0487779
24.85			-0.0487683
24.8833			-0.0487587
24.9167			-0.0487492
24.95			-0.0487396
24.9833			-0.0487301
25.0167			-0.0487206
25.05			-0.0487112
25.0833			-0.0487017
25.1167			-0.0486923
25.15			-0.0486829
25.1833			-0.0486736
25.2167			-0.0486642
25.25			-0.0486549
25.2833			-0.0486456
25.3167			-0.0486364
25.35			-0.0486271
25.3833			-0.0486179
25.4167			-0.0486087
25.45			-0.0485995
25.4833			-0.0485904
25.5167			-0.0485813
25.55			-0.0485722
25.5833			-0.0485631
25.6167			-0.0485541
25.65			-0.0485451
25.6833			-0.0485361
25.7167			-0.0485271
25.75			-0.0485181
25.7833			-0.0485092
25.8167			-0.0485003
25.85			-0.0484914
25.8833			-0.0484826
25.9167			-0.0484737
25.95			-0.0484649
25.9833			-0.0484561
26.0167			-0.0484474
26.05			-0.0484386
26.0833			-0.0484299
26.1167			-0.0484212
26.15			-0.0484125
26.1833			-0.0484039
26.2167			-0.0483952
26.25			-0.0483866
26.2833			-0.048378
26.3167			-0.0483695
26.35			-0.0483609
26.3833			-0.0483524
26.4167			-0.0483439
26.45			-0.0483354
26.4833			-0.048327
26.5167			-0.0483185
26.55			-0.0483101
26.5833			-0.0483017
26.6167			-0.0482933
26.65			-0.048285
26.6833			-0.0482767
26.7167			-0.0482683
26.75			-0.0482601
26.7833			-0.0482518
26.8167			-0.0482435
26.85			-0.0482353
26.8833			-0.0482271
26.9167			-0.0482189
26.95			-0.0482108
26.9833			-0.0482026
27.0167			-0.0481945
27.05			-0.0481864
27.0833			-0.0481783
27.1167			-0.0481702
27.15			-0.0481622
27.1833			-0.0481542
27.2167			-0.0481462
27.25			-0.0481382
27.2833			-0.0481302
27.3167			-0.0481223
27.35			-0.0481143
27.3833			-0.0481064
27.4167			-0.0480985
27.45			-0.0480907
27.4833			-0.0480828
27.5167			-0.048075
27.55			-0.0480672
27.5833			-0.0480594
27.6167			-0.0480516
27.65			-0.0480439
27.6833			-0.0480361
27.7167			-0.0480284
27.75			-0.0480207
27.7833			-0.048013
27.8167			-0.0480054
27.85			-0.0479977
27.8833			-0.0479901
27.9167			-0.0479825
27.95			-0.0479749
27.9833			-0.0479673
28.0167			-0.0479598
28.05			-0.0479523
28.0833			-0.0479447
28.1167			-0.0479372
28.15			-0.0479298
28.1833			-0.0479223
28.2167			-0.0479149
28.25			-0.0479074
28.2833			-0.0479
28.3167			-0.0478926
28.35			-0.0478853
28.3833			-0.0478779
28.4167			-0.0478706
28.45			-0.0478633
28.4833			-0.0478559
28.5167			-0.0478487
28.55			-0.0478414
28.5833			-0.0478341
28.6167			-0.0478269
28.65			-0.0478197
28.6833			-0.0478125
28.7167			-0.0478053
28.75			-0.0477981
28.7833			-0.047791
28.8167			-0.0477838
28.85			-0.0477767
28.8833			-0.0477696
28.9167			-0.0477625
28.95			-0.0477555
28.9833			-0.0477484
29.0167			-0.0477414
29.05			-0.0477344
29.0833			-0.0477274
29.1167			-0.0477204
29.15			-0.0477134
29.1833			-0.0477064
29.2167			-0.0476995
29.25			-0.0476926
29.2833			-0.0476857
29.3167			-0.0476788
29.35			-0.0476719
29.3833			-0.0476651
29.4167			-0.0476582
29.45			-0.0476514
29.4833			-0.0476446
29.5167			-0.0476378
29.55			-0.047631
29.5833			-0.0476242
29.6167			-0.0476175
29.65			-0.0476107
29.6833			-0.047604
29.7167			-0.0475973
29.75			-0.0475906
29.7833			-0.0475839
29.8167			-0.0475773
29.85			-0.0475706
29.8833			-0.047564
29.9167			-0.0475574
29.95			-0.0475508
29.9833			-0.0475442
30.0167			-0.0475376
30.05			-0.0475311
30.0833			-0.0475245
30.1167			-0.047518
30.15			-0.0475115
30.1833			-0.047505
30.2167			-0.0474985
30.25			-0.047492
30.2833			-0.0474856
30.3167			-0.0474791
30.35			-0.0474727
30.3833			-0.0474663
30.4167			-0.0474599
30.45			-0.0474535
30.4833			-0.0474471
30.5167			-0.0474408
30.55			-0.0474344
30.5833			-0.0474281
30.6167			-0.0474218
30.65			-0.0474155
30.6833			-0.0474092
30.7167			-0.0474029
30.75			-0.0473967
30.7833			-0.0473904
30.8167			-0.0473842
30.85			-0.047378
30.8833			-0.0473718
30.9167			-0.0473656
30.95			-0.0473594
30.9833			-0.0473532
31.0167			-0.0473471
31.05			-0.047341
31.0833			-0.0473348
31.1167			-0.0473287
31.15			-0.0473226
31.1833			-0.0473165
31.2167			-0.0473105
31.25			-0.0473044
31.2833			-0.0472984
31.3167			-0.0472923
31.35			-0.0472863
31.3833			-0.0472803
31.4167			-0.0472743
31.45			-0.0472683
31.4833			-0.0472623
31.5167			-0.0472564
31.55			-0.0472504
31.5833			-0.0472445
31.6167			-0.0472386
31.65			-0.0472327
31.6833			-0.0472268
31.7167			-0.0472209
31.75			-0.047215
31.7833			-0.0472092
31.8167			-0.0472033
31.85			-0.0471975
31.8833			-0.0471917
31.9167			-0.0471859
31.95			-0.0471801
31.9833			-0.0471743
32.0167			-0.0471685
32.05			-0.0471628
32.0833			-0.047157
32.1167			-0.0471513
32.15			-0.0471456
32.1833			-0.0471399
32.2167			-0.0471342
32.25			-0.0471285
32.2833			-0.0471228
32.3167			-0.0471171
32.35			-0.0471115
32.3833			-0.0471058
32.4167			-0.0471002
32.45			-0.0470946
32.4833			-0.047089
32.5167			-0.0470834
32.55			-0.0470778
32.5833			-0.0470722
32.6167			-0.0470667
32.65			-0.0470611
32.6833			-0.0470556
32.7167			-0.0470501
32.75			-0.0470446
32.7833			-0.0470391
32.8167			-0.0470336
32.85			-0.0470281
32.8833			-0.0470226
32.9167			-0.0470172
32.95			-0.0470117
32.9833			-0.0470063
33.0167			-0.0470009
33.05			-0.0469954
33.0833			-0.04699
33.1167			-0.0469846
33.15			-0.0469793
33.1833			-0.0469739
33.2167			-0.0469685
33.25			-0.0469632
33.2833			-0.0469579
33.3167			-0.0469525
33.35			-0.0469472
33.3833			-0.0469419
33.4167			-0.0469366
33.45			-0.0469313
33.4833			-0.0469261
33.5167			-0.0469208
33.55			-0.0469155
33.5833			-0.0469103
33.6167			-0.0469051
33.65			-0.0468998
33.6833			-0.0468946
33.7167			-0.0468894
33.75			-0.0468842
33.7833			-0.0468791
33.8167			-0.0468739
33.85			-0.0468687
33.8833			-0.0468636
33.9167			-0.0468584
33.95			-0.0468533
33.9833			-0.0468482
34.0167			-0.0468431
34.05			-0.046838
34.0833			-0.0468329
34.1167			-0.0468278
34.15			-0.0468228
34.1833			-0.0468177
34.2167			-0.0468127
34.25			-0.0468076
34.2833			-0.0468026
34.3167			-0.0467976
34.35			-0.0467926
34.3833			-0.0467876
34.4167			-0.0467826
34.45			-0.0467776
34.4833			-0.0467726
34.5167			-0.0467677
34.55			-0.0467627
34.5833			-0.0467578
34.6167			-0.0467528
34.65			-0.0467479
34.6833			-0.046743
34.7167			-0.0467381
34.75			-0.0467332
34.7833			-0.0467283
34.8167			-0.0467234
34.85			-0.0467186
34.8833			-0.0467137
34.9167			-0.0467089
34.95			-0.046704
34.9833			-0.0466992
35.0167			-0.0466944
35.05			-0.0466896
35.0833			-0.0466848
35.1167			-0.04668
35.15			-0.0466752
35.1833			-0.0466704
35.2167			-0.0466657
35.25			-0.0466609
35.2833			-0.0466562
35.3167			-0.0466514
35.35			-0.0466467
35.3833			-0.046642
35.4167			-0.0466373
35.45			-0.0466326
35.4833			-0.0466279
35.5167			-0.0466232
35.55			-0.0466185
35.5833			-0.0466139
35.6167			-0.0466092
35.65			-0.0466046
35.6833			-0.0465999
35.7167			-0.0465953
35.75			-0.0465907
35.7833			-0.0465861
35.8167			-0.0465814
35.85			-0.0465769
35.8833			-0.0465723
35.9167			-0.0465677
35.95			-0.0465631
35.9833			-0.0465586
36.0167			-0.046554
36.05			-0.0465495
36.0833			-0.0465449
36.1167			-0.0465404
36.15			-0.0465359
36.1833			-0.0465314
36.2167			-0.0465269
36.25			-0.0465224
36.2833			-0.0465179
36.3167			-0.0465134
36.35			-0.0465089
36.3833			-0.0465045
36.4167			-0.0465
36.45			-0.0464956
36.4833			-0.0464911
36.5167			-0.0464867
36.55			-0.0464823
36.5833			-0.0464779
36.6167			-0.0464735
36.65			-0.0464691
36.6833			-0.0464647
36.7167			-0.0464603
36.75			-0.0464559
36.7833			-0.0464516
36.8167			-0.0464472
36.85			-0.0464429
36.8833			-0.0464385
36.9167			-0.0464342
36.95			-0.0464299
36.9833			-0.0464255
37.0167			-0.0464212
37.05			-0.0464169
37.0833			-0.0464126
37.1167			-0.0464084
37.15			-0.0464041
37.1833			-0.0463998
37.2167			-0.0463955
37.25			-0.0463913
37.2833			-0.046387
37.3167			-0.0463828
37.35			-0.0463786
37.3833			-0.0463743
37.4167			-0.0463701
37.45			-0.0463659
37.4833			-0.0463617
37.5167			-0.0463575
37.55			-0.0463533
37.5833			-0.0463492
37.6167			-0.046345
37.65			-0.0463408
37.6833			-0.0463367
37.7167			-0.0463325
37.75			-0.0463284
37.7833			-0.0463242
37.8167			-0.0463201
37.85			-0.046316
37.8833			-0.0463119
37.9167			-0.0463078
37.95			-0.0463037
37.9833			-0.0462996
38.0167			-0.0462955
38.05			-0.0462914
38.0833			-0.0462873
38.1167			-0.0462833
38.15			-0.0462792
38.1833			-0.0462752
38.2167			-0.0462711
38.25			-0.0462671
38.2833			-0.0462631
38.3167			-0.0462591
38.35			-0.046255
38.3833			-0.046251
38.4167			-0.046247
38.45			-0.046243
38.4833			-0.0462391
38.5167			-0.0462351
38.55			-0.0462311
38.5833			-0.0462271
38.6167			-0.0462232
38.65			-0.0462192
38.6833			-0.0462153
38.7167			-0.0462114
38.75			-0.0462074
38.7833			-0.0462035
38.8167			-0.0461996
38.85			-0.0461957
38.8833			-0.0461918
38.9167			-0.0461879
38.95			-0.046184
38.9833			-0.0461801
39.0167			-0.0461762
39.05			-0.0461724
39.0833			-0.0461685
39.1167			-0.0461646
39.15			-0.0461608
39.1833			-0.0461569
39.2167			-0.0461531
39.25			-0.0461493
39.2833			-0.0461454
39.3167			-0.0461416
39.35			-0.0461378
39.3833			-0.046134
39.4167			-0.0461302
39.45			-0.0461264
39.4833			-0.0461226
39.5167			-0.0461189
39.55			-0.0461151
39.5833			-0.0461113
39.6167			-0.0461076
39.65			-0.0461038
39.6833			-0.0461001
39.7167			-0.0460963
39.75			-0.0460926
39.7833			-0.0460889
39.8167			-0.0460851
39.85			-0.0460814
39.8833			-0.0460777
39.9167			-0.046074
39.95			-0.0460703
39.9833			-0.0460666
40.0167			-0.0460629
40.05			-0.0460593
40.0833			-0.0460556
40.1167			-0.0460519
40.15			-0.0460483
40.1833			-0.0460446
40.2167			-0.046041
40.25			-0.0460373
40.2833			-0.0460337
40.3167			-0.0460301
40.35			-0.0460264
40.3833			-0.0460228
40.4167			-0.0460192
40.45			-0.0460156
40.4833			-0.046012
40.5167			-0.0460084
40.55			-0.0460048
40.5833			-0.0460012
40.6167			-0.0459977
40.65			-0.0459941
40.6833			-0.0459905
40.7167			-0.045987
40.75			-0.0459834
40.7833			-0.0459799
40.8167			-0.0459763
40.85			-0.0459728
40.8833			-0.0459693
40.9167			-0.0459658
40.95			-0.0459622
40.9833			-0.0459587
41.0167			-0.0459552
41.05			-0.0459517
41.0833			-0.0459482
41.1167			-0.0459447
41.15			-0.0459413
41.1833			-0.0459378
41.2167			-0.0459343
41.25			-0.0459308
41.2833			-0.0459274
41.3167			-0.0459239
41.35			-0.0459205
41.3833			-0.045917
41.4167			-0.0459136
41.45			-0.0459102
41.4833			-0.0459067
41.5167			-0.0459033
41.55			-0.0458999
41.5833			-0.0458965
41.6167			-0.0458931
41.65			-0.0458897
41.6833			-0.0458863
41.7167			-0.0458829
41.75			-0.0458795
41.7833			-0.0458761
41.8167			-0.0458728
41.85			-0.0458694
41.8833			-0.045866
41.9167			-0.0458627
41.95			-0.0458593
41.9833			-0.045856
42.0167			-0.0458526
42.05			-0.0458493
42.0833			-0.045846
42.1167			-0.0458427
42.15			-0.0458393
42.1833			-0.045836
42.2167			-0.0458327
42.25			-0.0458294
42.2833			-0.0458261
42.3167			-0.0458228
42.35			-0.0458195
42.3833			-0.0458163
42.4167			-0.045813
42.45			-0.0458097
42.4833			-0.0458064
42.5167			-0.0458032
42.55			-0.0457999
42.5833			-0.0457967
42.6167			-0.0457934
42.65			-0.0457902
42.6833			-0.0457869
42.7167			-0.0457837
42.75			-0.0457805
42.7833			-0.0457773
42.8167			-0.0457741
42.85			-0.0457708
42.8833			-0.0457676
42.9167			-0.0457644
42.95			-0.0457612
42.9833			-0.0457581
43.0167			-0.0457549
43.05			-0.0457517
43.0833			-0.0457485
43.1167			-0.0457453
43.15			-0.0457422
43.1833			-0.045739
43.2167			-0.0457359
43.25			-0.0457327
43.2833			-0.0457296
43.3167			-0.0457264
43.35			-0.0457233
43.3833			-0.0457201
43.4167			-0.045717
43.45			-0.0457139
43.4833			-0.0457108
43.5167			-0.0457077
43.55			-0.0457046
43.5833			-0.0457015
43.6167			-0.0456984
43.65			-0.0456953
43.6833			-0.0456922
43.7167			-0.0456891
43.75			-0.045686
43.7833			-0.0456829
43.8167			-0.0456799
43.85			-0.0456768
43.8833			-0.0456737
43.9167			-0.0456707
43.95			-0.0456676
43.9833			-0.0456646
44.0167			-0.0456616
44.05			-0.0456585
44.0833			-0.0456555
44.1167			-0.0456525
44.15			-0.0456494
44.1833			-0.0456464
44.2167			-0.0456434
44.25			-0.0456404
44.2833			-0.0456374
44.3167			-0.0456344
44.35			-0.0456314
44.3833			-0.0456284
44.4167			-0.0456254
44.45			-0.0456224
44.4833			-0.0456194
44.5167			-0.0456165
44.55			-0.0456135
44.5833			-0.0456105
44.6167			-0.0456076
44.65			-0.0456046
44.6833			-0.0456017
44.7167			-0.0455987
44.75			-0.0455958
44.7833			-0.0455928
44.8167			-0.0455899
44.85			-0.045587
44.8833			-0.0455841
44.9167			-0.0455811
44.95			-0.0455782
44.9833			-0.0455753
45.0167			-0.0455724
45.05			-0.0455695
45.0833			-0.0455666
45.1167			-0.0455637
45.15			-0.0455608
45.1833			-0.0455579
45.2167			-0.045555
45.25			-0.0455522
45.2833			-0.0455493
45.3167			-0.0455464
45.35			-0.0455436
45.3833			-0.0455407
45.4167			-0.0455378
45.45			-0.045535
45.4833			-0.0455321
45.5167			-0.0455293
45.55			-0.0455265
45.5833			-0.0455236
45.6167			-0.0455208
45.65			-0.045518
45.6833			-0.0455151
45.7167			-0.0455123
45.75			-0.0455095
45.7833			-0.0455067
45.8167			-0.0455039
45.85			-0.0455011
45.8833			-0.0454983
45.9167			-0.0454955
45.95			-0.0454927
45.9833			-0.0454899
46.0167			-0.0454871
46.05			-0.0454844
46.0833			-0.0454816
46.1167			-0.0454788
46.15			-0.0454761
46.1833			-0.0454733
46.2167			-0.0454705
46.25			-0.0454678
46.2833			-0.045465
46.3167			-0.0454623
46.35			-0.0454595
46.3833			-0.0454568
46.4167			-0.0454541
46.45			-0.0454513
46.4833			-0.0454486
46.5167			-0.0454459
46.55			-0.0454432
46.5833			-0.0454405
46.6167			-0.0454377
46.65			-0.045435
46.6833			-0.0454323
46.7167			-0.0454296
46.75			-0.0454269
46.7833			-0.0454243
46.8167			-0.0454216
46.85			-0.0454189
46.8833			-0.0454162
46.9167			-0.0454135
46.95			-0.0454109
46.9833			-0.0454082
47.0167			-0.0454055
47.05			-0.0454029
47.0833			-0.0454002
47.1167			-0.0453975
47.15			-0.0453949
47.1833			-0.0453923
47.2167			-0.0453896
47.25			-0.045387
47.2833			-0.0453843
47.3167			-0.0453817
47.35			-0.0453791
47.3833			-0.0453765
47.4167			-0.0453738
47.45			-0.0453712
47.4833			-0.0453686
47.5167			-0.045366
47.55			-0.0453634
47.5833			-0.0453608
47.6167			-0.0453582
47.65			-0.0453556
47.6833			-0.045353
47.7167			-0.0453504
47.75			-0.0453478
47.7833			-0.0453453
47.8167			-0.0453427
47.85			-0.0453401
47.8833			-0.0453376
47.9167			-0.045335
47.95			-0.0453324
47.9833			-0.0453299
48.0167			-0.0453273
48.05			-0.0453248
48.0833			-0.0453222
48.1167			-0.0453197
48.15			-0.0453171
48.1833			-0.0453146
48.2167			-0.0453121
48.25			-0.0453095
48.2833			-0.045307
48.3167			-0.0453045
48.35			-0.045302
48.3833			-0.0452995
48.4167			-0.0452969
48.45			-0.0452944
48.4833			-0.0452919
48.5167			-0.0452894
48.55			-0.0452869
48.5833			-0.0452844
48.6167			-0.0452819
48.65			-0.0452795
48.6833			-0.045277
48.7167			-0.0452745
48.75			-0.045272
48.7833			-0.0452695
48.8167			-0.0452671
48.85			-0.0452646
48.8833			-0.0452621
48.9167			-0.0452597
48.95			-0.0452572
48.9833			-0.0452548
49.0167			-0.0452523
49.05			-0.0452499
49.0833			-0.0452474
49.1167			-0.045245
49.15			-0.0452425
49.1833			-0.0452401
49.2167			-0.0452377
49.25			-0.0452353
49.2833			-0.0452328
49.3167			-0.0452304
49.35			-0.045228
49.3833			-0.0452256
49.4167			-0.0452232
49.45			-0.0452208
49.4833			-0.0452184
49.5167			-0.045216
49.55			-0.0452136
49.5833			-0.0452112
49.6167			-0.0452088
49.65			-0.0452064
49.6833			-0.045204
49.7167			-0.0452016
49.75			-0.0451992
49.7833			-0.0451969
49.8167			-0.0451945
49.85			-0.0451921
49.8833			-0.0451898
49.9167			-0.0451874
49.95			-0.045185
49.9833			-0.0451827
50.0167			-0.0451803
50.05			-0.045178
50.0833			-0.0451756
50.1167			-0.0451733
50.15			-0.0451709
50.1833			-0.0451686
50.2167			-0.0451663
50.25			-0.0451639
50.2833			-0.0451616
50.3167			-0.0451593
50.35			-0.045157
50.3833			-0.0451547
50.4167			-0.0451523
50.45			-0.04515
50.4833			-0.0451477
50.5167			-0.0451454
50.55			-0.0451431
50.5833			-0.0451408
50.6167			-0.0451385
50.65			-0.0451362
50.6833			-0.0451339
50.7167			-0.0451316
50.75			-0.0451293
50.7833			-0.0451271
50.8167			-0.0451248
50.85			-0.0451225
50.8833			-0.0451202
50.9167			-0.045118
50.95			-0.0451157
50.9833			-0.0451134
51.0167			-0.0451112
51.05			-0.0451089
51.0833			-0.0451067
51.1167			-0.0451044
51.15			-0.0451022
51.1833			-0.0450999
51.2167			-0.0450977
51.25			-0.0450954
51.2833			-0.0450932
51.3167			-0.045091
51.35			-0.0450887
51.3833			-0.0450865
51.4167			-0.0450843
51.45			-0.045082
51.4833			-0.0450798
51.5167			-0.0450776
51.55			-0.0450754
51.5833			-0.0450732
51.6167			-0.045071
51.65			-0.0450688
51.6833			-0.0450666
51.7167			-0.0450644
51.75			-0.0450622
51.7833			-0.04506
51.8167			-0.0450578
51.85			-0.0450556
51.8833			-0.0450534
51.9167			-0.0450512
51.95			-0.045049
51.9833			-0.0450469
52.0167			-0.0450447
52.05			-0.0450425
52.0833			-0.0450403
52.1167			-0.0450382
52.15			-0.045036
52.1833			-0.0450339
52.2167			-0.0450317
52.25			-0.0450295
52.2833			-0.0450274
52.3167			-0.0450252
52.35			-0.0450231
52.3833			-0.0450209
52.4167			-0.0450188
52.45			-0.0450167
52.4833			-0.0450145
52.5167			-0.0450124
52.55			-0.0450103
52.5833			-0.0450081
52.6167			-0.045006
52.65			-0.0450039
52.6833			-0.0450018
52.7167			-0.0449997
52.75			-0.0449975
52.7833			-0.0449954
52.8167			-0.0449933
52.85			-0.0449912
52.8833			-0.0449891
52.9167			-0.044987
52.95			-0.0449849
52.9833			-0.0449828
53.0167			-0.0449807
53.05			-0.0449786
53.0833			-0.0449765
53.1167			-0.0449745
53.15			-0.0449724
53.1833			-0.0449703
53.2167			-0.0449682
53.25			-0.0449661
53.2833			-0.0449641
53.3167			-0.044962
53.35			-0.0449599
53.3833			-0.0449579
53.4167			-0.0449558
53.45			-0.0449537
53.4833			-0.0449517
53.5167			-0.0449496
53.55			-0.0449476
53.5833			-0.0449455
53.6167			-0.0449435
53.65			-0.0449414
53.6833			-0.0449394
53.7167			-0.0449374
53.75			-0.0449353
53.7833			-0.0449333
53.8167			-0.0449313
53.85			-0.0449292
53.8833			-0.0449272
53.9167			-0.0449252
53.95			-0.0449232
53.9833			-0.0449211
54.0167			-0.0449191
54.05			-0.0449171
54.0833			-0.0449151
54.1167			-0.0449131
54.15			-0.0449111
54.1833			-0.0449091
54.2167			-0.0449071
54.25			-0.0449051
54.2833			-0.0449031
54.3167			-0.0449011
54.35			-0.0448991
54.3833			-0.0448971
54.4167			-0.0448951
54.45			-0.0448931
54.4833			-0.0448912
54.5167			-0.0448892
54.55			-0.0448872
54.5833			-0.0448852
54.6167			-0.0448833
54.65			-0.0448813
54.6833			-0.0448793
54.7167			-0.0448774
54.75			-0.0448754
54.7833			-0.0448734
54.8167			-0.0448715
54.85			-0.0448695
54.8833			-0.0448676
54.9167			-0.0448656
54.95			-0.0448637
54.9833			-0.0448617
55.0167			-0.0448598
55.05			-0.0448578
55.0833			-0.0448559
55.1167			-0.044854
55.15			-0.044852
55.1833			-0.0448501
55.2167			-0.0448482
55.25			-0.0448463
55.2833			-0.0448443
55.3167			-0.0448424
55.35			-0.0448405
55.3833			-0.0448386
55.4167			-0.0448367
55.45			-0.0448347
55.4833			-0.0448328
55.5167			-0.0448309
55.55			-0.044829
55.5833			-0.0448271
55.6167			-0.0448252
55.65			-0.0448233
55.6833			-0.0448214
55.7167			-0.0448195
55.75			-0.0448176
55.7833			-0.0448157
55.8167			-0.0448139
55.85			-0.044812
55.8833			-0.0448101
55.9167			-0.0448082
55.95			-0.0448063
55.9833			-0.0448044
56.0167			-0.0448026
56.05			-0.0448007
56.0833			-0.0447988
56.1167			-0.044797
56.15			-0.0447951
56.1833			-0.0447932
56.2167			-0.0447914
56.25			-0.0447895
56.2833			-0.0447877
56.3167			-0.0447858
56.35			-0.044784
56.3833			-0.0447821
56.4167			-0.0447803
56.45			-0.0447784
56.4833			-0.0447766
56.5167			-0.0447747
56.55			-0.0447729
56.5833			-0.0447711
56.6167			-0.0447692
56.65			-0.0447674
56.6833			-0.0447656
56.7167			-0.0447637
56.75			-0.0447619
56.7833			-0.0447601
56.8167			-0.0447583
56.85			-0.0447564
56.8833			-0.0447546
56.9167			-0.0447528
56.95			-0.044751
56.9833			-0.0447492
57.0167			-0.0447474
57.05			-0.0447456
57.0833			-0.0447438
57.1167			-0.044742
57.15			-0.0447402
57.1833			-0.0447384
57.2167			-0.0447366
57.25			-0.0447348
57.2833			-0.044733
57.3167			-0.0447312
57.35			-0.0447294
57.3833			-0.0447276
57.4167			-0.0447258
57.45			-0.044724
57.4833			-0.0447223
57.5167			-0.0447205
57.55			-0.0447187
57.5833			-0.0447169
57.6167			-0.0447152
57.65			-0.0447134
57.6833			-0.0447116
57.7167			-0.0447099
57.75			-0.0447081
57.7833			-0.0447063
57.8167			-0.0447046
57.85			-0.0447028
57.8833			-0.0447011
57.9167			-0.0446993
57.95			-0.0446976
57.9833			-0.0446958
58.0167			-0.0446941
58.05			-0.0446923
58.0833			-0.0446906
58.1167			-0.0446889
58.15			-0.0446871
58.1833			-0.0446854
58.2167			-0.0446836
58.25			-0.0446819
58.2833			-0.0446802
58.3167			-0.0446784
58.35			-0.0446767
58.3833			-0.044675
58.4167			-0.0446733
58.45			-0.0446716
58.4833			-0.0446698
58.5167			-0.0446681
58.55			-0.0446664
58.5833			-0.0446647
58.6167			-0.044663
58.65			-0.0446613
58.6833			-0.0446596
58.7167			-0.0446579
58.75			-0.0446562
58.7833			-0.0446545
58.8167			-0.0446528
58.85			-0.0446511
58.8833			-0.0446494
58.9167			-0.0446477
58.95			-0.044646
58.9833			-0.0446443
59.0167			-0.0446426
59.05			-0.0446409
59.0833			-0.0446392
59.1167			-0.0446375
59.15			-0.0446359
59.1833			-0.0446342
59.2167			-0.0446325
59.25			-0.0446308
59.2833			-0.0446292
59.3167			-0.0446275
59.35			-0.0446258
59.3833			-0.0446242
59.4167			-0.0446225
59.45			-0.0446208
59.4833			-0.0446192
59.5167			-0.0446175
59.55			-0.0446159
59.5833			-0.0446142
59.6167			-0.0446125
59.65			-0.0446109
59.6833			-0.0446092
59.7167			-0.0446076
59.75			-0.0446059
59.7833			-0.0446043
59.8167			-0.0446027
59.85			-0.044601
59.8833			-0.0445994
59.9167			-0.0445977
59.95			-0.0445961
59.9833			-0.0445945
60.0167			-0.0445928
60.05			-0.0445912
60.0833			-0.0445896
60.1167			-0.044588
60.15			-0.0445863
60.1833			-0.0445847
60.2167			-0.0445831
60.25			-0.0445815
60.2833			-0.0445799
60.3167			-0.0445782
60.35			-0.0445766
60.3833			-0.044575
60.4167			-0.0445734
60.45			-0.0445718
60.4833			-0.0445702
60.5167			-0.0445686
60.55			-0.044567
60.5833			-0.0445654
60.6167			-0.0445638
60.65			-0.0445622
60.6833			-0.0445606
60.7167			-0.044559
60.75			-0.0445574
60.7833			-0.0445558
60.8167			-0.0445542
60.85			-0.0445526
60.8833			-0.044551
60.9167			-0.0445495
60.95			-0.0445479
60.9833			-0.0445463
61.0167			-0.0445447
61.05			-0.0445431
61.0833			-0.0445416
61.1167			-0.04454
61.15			-0.0445384
61.1833			-0.0445369
61.2167			-0.0445353
61.25			-0.0445337
61.2833			-0.0445322
61.3167			-0.0445306
61.35			-0.044529
61.3833			-0.0445275
61.4167			-0.0445259
61.45			-0.0445244
61.4833			-0.0445228
61.5167			-0.0445212
61.55			-0.0445197
61.5833			-0.0445181
61.6167			-0.0445166
61.65			-0.0445151
61.6833			-0.0445135
61.7167			-0.044512
61.75			-0.0445104
61.7833			-0.0445089
61.8167			-0.0445073
61.85			-0.0445058
61.8833			-0.0445043
61.9167			-0.0445027
61.95			-0.0445012
61.9833			-0.0444997
62.0167			-0.0444982
62.05			-0.0444966
62.0833			-0.0444951
62.1167			-0.0444936
62.15			-0.0444921
62.1833			-0.0444905
62.2167			-0.044489
62.25			-0.0444875
62.2833			-0.044486
62.3167			-0.0444845
62.35			-0.044483
62.3833			-0.0444815
62.4167			-0.0444799
62.45			-0.0444784
62.4833			-0.0444769
62.5167			-0.0444754
62.55			-0.0444739
62.5833			-0.0444724
62.6167			-0.0444709
62.65			-0.0444694
62.6833			-0.0444679
62.7167			-0.0444664
62.75			-0.044465
62.7833			-0.0444635
62.8167			-0.044462
62.85			-0.0444605
62.8833			-0.044459
62.9167			-0.0444575
62.95			-0.044456
62.9833			-0.0444546
63.0167			-0.0444531
63.05			-0.0444516
63.0833			-0.0444501
63.1167			-0.0444486
63.15			-0.0444472
63.1833			-0.0444457
63.2167			-0.0444442
63.25			-0.0444428
63.2833			-0.0444413
63.3167			-0.0444398
63.35			-0.0444384
63.3833			-0.0444369
63.4167			-0.0444354
63.45			-0.044434
63.4833			-0.0444325
63.5167			-0.0444311
63.55			-0.0444296
63.5833			-0.0444282
63.6167			-0.0444267
63.65			-0.0444253
63.6833			-0.0444238
63.7167			-0.0444224
63.75			-0.0444209
63.7833			-0.0444195
63.8167			-0.044418
63.85			-0.0444166
63.8833			-0.0444151
63.9167			-0.0444137
63.95			-0.0444123
63.9833			-0.0444108
64.0167			-0.0444094
64.05			-0.044408
64.0833			-0.0444065
64.1167			-0.0444051
64.15			-0.0444037
64.1833			-0.0444023
64.2167			-0.0444008
64.25			-0.0443994
64.2833			-0.044398
64.3167			-0.0443966
64.35			-0.0443951
64.3833			-0.0443937
64.4167			-0.0443923
64.45			-0.0443909
64.4833			-0.0443895
64.5167			-0.0443881
64.55			-0.0443867
64.5833			-0.0443853
64.6167			-0.0443839
64.65			-0.0443824
64.6833			-0.044381
64.7167			-0.0443796
64.75			-0.0443782
64.7833			-0.0443768
64.8167			-0.0443754
64.85			-0.044374
64.8833			-0.0443726
64.9167			-0.0443713
64.95			-0.0443699
64.9833			-0.0443685
65.0167			-0.0443671
65.05			-0.0443657
65.0833			-0.0443643
65.1167			-0.0443629
65.15			-0.0443615
65.1833			-0.0443602
65.2167			-0.0443588
65.25			-0.0443574
65.2833			-0.044356
65.3167			-0.0443546
65.35			-0.0443533
65.3833			-0.0443519
65.4167			-0.0443505
65.45			-0.0443491
65.4833			-0.0443478
65.5167			-0.0443464
65.55			-0.044345
65.5833			-0.0443437
65.6167			-0.0443423
65.65			-0.0443409
65.6833			-0.0443396
65.7167			-0.0443382
65.75			-0.0443369
65.7833			-0.0443355
65.8167			-0.0443342
65.85			-0.0443328
65.8833			-0.0443314
65.9167			-0.0443301
65.95			-0.0443287
65.9833			-0.0443274
66.0167			-0.044326
66.05			-0.0443247
66.0833			-0.0443234
66.1167			-0.044322
66.15			-0.0443207
66.1833			-0.0443193
66.2167			-0.044318
66.25			-0.0443167
66.2833			-0.0443153
66.3167			-0.044314
66.35			-0.0443126
66.3833			-0.0443113
66.4167			-0.04431
66.45			-0.0443086
66.4833			-0.0443073
66.5167			-0.044306
66.55			-0.0443047
66.5833			-0.0443033
66.6167			-0.044302
66.65			-0.0443007
66.6833			-0.0442994
66.7167			-0.0442981
66.75			-0.0442967
66.7833			-0.0442954
66.8167			-0.0442941
66.85			-0.0442928
66.8833			-0.0442915
66.9167			-0.0442902
66.95			-0.0442889
66.9833			-0.0442875
67.0167			-0.0442862
67.05			-0.0442849
67.0833			-0.0442836
67.1167			-0.0442823
67.15			-0.044281
67.1833			-0.0442797
67.2167			-0.0442784
67.25			-0.0442771
67.2833			-0.0442758
67.3167			-0.0442745
67.35			-0.0442732
67.3833			-0.0442719
67.4167			-0.0442706
67.45			-0.0442694
67.4833			-0.0442681
67.5167			-0.0442668
67.55			-0.0442655
67.5833			-0.0442642
67.6167			-0.0442629
67.65			-0.0442616
67.6833			-0.0442604
67.7167			-0.0442591
67.75			-0.0442578
67.7833			-0.0442565
67.8167			-0.0442552
67.85			-0.044254
67.8833			-0.0442527
67.9167			-0.0442514
67.95			-0.0442501
67.9833			-0.0442489
68.0167			-0.0442476
68.05			-0.0442463
68.0833			-0.0442451
68.1167			-0.0442438
68.15			-0.0442425
68.1833			-0.0442413
68.2167			-0.04424
68.25			-0.0442388
68.2833			-0.0442375
68.3167			-0.0442362
68.35			-0.044235
68.3833			-0.0442337
68.4167			-0.0442325
68.45			-0.0442312
68.4833			-0.04423
68.5167			-0.0442287
68.55			-0.0442275
68.5833			-0.0442262
68.6167			-0.044225
68.65			-0.0442237
68.6833			-0.0442225
68.7167			-0.0442212
68.75			-0.04422
68.7833			-0.0442188
68.8167			-0.0442175
68.85			-0.0442163
68.8833			-0.044215
68.9167			-0.0442138
68.95			-0.0442126
68.9833			-0.0442113
69.0167			-0.0442101
69.05			-0.0442089
69.0833			-0.0442076
69.1167			-0.0442064
69.15			-0.0442052
69.1833			-0.044204
69.2167			-0.0442027
69.25			-0.0442015
69.2833			-0.0442003
69.3167			-0.0441991
69.35			-0.0441978
69.3833			-0.0441966
69.4167			-0.0441954
69.45			-0.0441942
69.4833			-0.044193
69.5167			-0.0441917
69.55			-0.0441905
69.5833			-0.0441893
69.6167			-0.0441881
69.65			-0.0441869
69.6833			-0.0441857
69.7167			-0.0441845
69.75			-0.0441833
69.7833			-0.0441821
69.8167			-0.0441809
69.85			-0.0441797
69.8833			-0.0441785
69.9167			-0.0441773
69.95			-0.0441761
69.9833			-0.0441749
70.0167			-0.0441737
70.05			-0.0441725
70.0833			-0.0441713
70.1167			-0.0441701
70.15			-0.0441689
70.1833			-0.0441677
70.2167			-0.0441665
70.25			-0.0441653
70.2833			-0.0441641
70.3167			-0.0441629
70.35			-0.0441617
70.3833			-0.0441606
70.4167			-0.0441594
70.45			-0.0441582
70.4833			-0.044157
70.5167			-0.0441558
70.55			-0.0441547
70.5833			-0.0441535
70.6167			-0.0441523
70.65			-0.0441511
70.6833			-0.0441499
70.7167			-0.0441488
70.75			-0.0441476
70.7833			-0.0441464
70.8167			-0.0441453
70.85			-0.0441441
70.8833			-0.0441429
70.9167			-0.0441418
70.95			-0.0441406
70.9833			-0.0441394
71.0167			-0.0441383
71.05			-0.0441371
71.0833			-0.0441359
71.1167			-0.0441348
71.15			-0.0441336
71.1833			-0.0441325
71.2167			-0.0441313
71.25			-0.0441301
71.2833			-0.044129
71.3167			-0.0441278
71.35			-0.0441267
71.3833			-0.0441255
71.4167			-0.0441244
71.45			-0.0441232
71.4833			-0.0441221
71.5167			-0.0441209
71.55			-0.0441198
71.5833			-0.0441186
71.6167			-0.0441175
71.65			-0.0441163
71.6833			-0.0441152
71.7167			-0.0441141
71.75			-0.0441129
71.7833			-0.0441118
71.8167			-0.0441106
71.85			-0.0441095
71.8833			-0.0441084
71.9167			-0.0441072
71.95			-0.0441061
71.9833			-0.044105
72.0167			-0.0441038
72.05			-0.0441027
72.0833			-0.0441016
72.1167			-0.0441004
72.15			-0.0440993
72.1833			-0.0440982
72.2167			-0.0440971
72.25			-0.0440959
72.2833			-0.0440948
72.3167			-0.0440937
72.35			-0.0440926
72.3833			-0.0440915
72.4167			-0.0440903
72.45			-0.0440892
72.4833			-0.0440881
72.5167			-0.044087
72.55			-0.0440859
72.5833			-0.0440848
72.6167			-0.0440836
72.65			-0.0440825
72.6833			-0.0440814
72.7167			-0.0440803
72.75			-0.0440792
72.7833			-0.0440781
72.8167			-0.044077
72.85			-0.0440759
72.8833			-0.0440748
72.9167			-0.0440737
72.95			-0.0440726
72.9833			-0.0440715
73.0167			-0.0440704
73.05			-0.0440693
73.0833			-0.0440682
73.1167			-0.0440671
73.15			-0.044066
73.1833			-0.0440649
73.2167			-0.0440638
73.25			-0.0440627
73.2833			-0.0440616
73.3167			-0.0440605
73.35			-0.0440594
73.3833			-0.0440583
73.4167			-0.0440572
73.45			-0.0440561
73.4833			-0.0440551
73.5167			-0.044054
73.55			-0.0440529
73.5833			-0.0440518
73.6167			-0.0440507
73.65			-0.0440496
73.6833			-0.0440486
73.7167			-0.0440475
73.75			-0.0440464
73.7833			-0.0440453
73.8167			-0.0440442
73.85			-0.0440432
73.8833			-0.0440421
73.9167			-0.044041
73.95			-0.0440399
73.9833			-0.0440389
74.0167			-0.0440378
74.05			-0.0440367
74.0833			-0.0440357
74.1167			-0.0440346
74.15			-0.0440335
74.1833			-0.0440325
74.2167			-0.0440314
74.25			-0.0440303
74.2833			-0.0440293
74.3167			-0.0440282
74.35			-0.0440271
74.3833			-0.0440261
74.4167			-0.044025
74.45			-0.044024
74.4833			-0.0440229
74.5167			-0.0440218
74.55			-0.0440208
74.5833			-0.0440197
74.6167			-0.0440187
74.65			-0.0440176
74.6833			-0.0440166
74.7167			-0.0440155
74.75			-0.0440145
74.7833			-0.0440134
74.8167			-0.0440124
74.85			-0.0440113
74.8833			-0.0440103
74.9167			-0.0440092
74.95			-0.0440082
74.9833			-0.0440071
75.0167			-0.0440061
75.05			-0.0440051
75.0833			-0.044004
75.1167			-0.044003
75.15			-0.0440019
75.1833			-0.0440009
75.2167			-0.0439999
75.25			-0.0439988
75.2833			-0.0439978
75.3167			-0.0439968
75.35			-0.0439957
75.3833			-0.0439947
75.4167			-0.0439937
75.45			-0.0439926
75.4833			-0.0439916
75.5167			-0.0439906
75.55			-0.0439895
75.5833			-0.0439885
75.6167			-0.0439875
75.65			-0.0439865
75.6833			-0.0439854
75.7167			-0.0439844
75.75			-0.0439834
75.7833			-0.0439824
75.8167			-0.0439813
75.85			-0.0439803
75.8833			-0.0439793
75.9167			-0.0439783
75.95			-0.0439773
75.9833			-0.0439763
76.0167			-0.0439752
76.05			-0.0439742
76.0833			-0.0439732
76.1167			-0.0439722
76.15			-0.0439712
76.1833			-0.0439702
76.2167			-0.0439692
76.25			-0.0439682
76.2833			-0.0439671
76.3167			-0.0439661
76.35			-0.0439651
76.3833			-0.0439641
76.4167			-0.0439631
76.45			-0.0439621
76.4833			-0.0439611
76.5167			-0.0439601
76.55			-0.0439591
76.5833			-0.0439581
76.6167			-0.0439571
76.65			-0.0439561
76.6833			-0.0439551
76.7167			-0.0439541
76.75			-0.0439531
76.7833			-0.0439521
76.8167			-0.0439511
76.85			-0.0439501
76.8833			-0.0439491
76.9167			-0.0439482
76.95			-0.0439472
76.9833			-0.0439462
77.0167			-0.0439452
77.05			-0.0439442
77.0833			-0.0439432
77.1167			-0.0439422
77.15			-0.0439412
77.1833			-0.0439402
77.2167			-0.0439393
77.25			-0.0439383
77.2833			-0.0439373
77.3167			-0.0439363
77.35			-0.0439353
77.3833			-0.0439344
77.4167			-0.0439334
77.45			-0.0439324
77.4833			-0.0439314
77.5167			-0.0439304
77.55			-0.0439295
77.5833			-0.0439285
77.6167			-0.0439275
77.65			-0.0439265
77.6833			-0.0439256
77.7167			-0.0439246
77.75			-0.0439236
77.7833			-0.0439227
77.8167			-0.0439217
77.85			-0.0439207
77.8833			-0.0439198
77.9167			-0.0439188
77.95			-0.0439178
77.9833			-0.0439169
78.0167			-0.0439159
78.05			-0.0439149
78.0833			-0.043914
78.1167			-0.043913
78.15			-0.043912
78.1833			-0.0439111
78.2167			-0.0439101
78.25			-0.0439092
78.2833			-0.0439082
78.3167			-0.0439073
78.35			-0.0439063
78.3833			-0.0439053
78.4167			-0.0439044
78.45			-0.0439034
78.4833			-0.0439025
78.5167			-0.0439015
78.55			-0.0439006
78.5833			-0.0438996
78.6167			-0.0438987
78.65			-0.0438977
78.6833			-0.0438968
78.7167			-0.0438958
78.75			-0.0438949
78.7833			-0.0438939
78.8167			-0.043893
78.85			-0.0438921
78.8833			-0.0438911
78.9167			-0.0438902
78.95			-0.0438892
78.9833			-0.0438883
79.0167			-0.0438874
79.05			-0.0438864
79.0833			-0.0438855
79.1167			-0.0438845
79.15			-0.0438836
79.1833			-0.0438827
79.2167			-0.0438817
79.25			-0.0438808
79.2833			-0.0438799
79.3167			-0.0438789
79.35			-0.043878
79.3833			-0.0438771
79.4167			-0.0438761
79.45			-0.0438752
79.4833			-0.0438743
79.5167			-0.0438734
79.55			-0.0438724
79.5833			-0.0438715
79.6167			-0.0438706
79.65			-0.0438697
79.6833			-0.0438687
79.7167			-0.0438678
79.75			-0.0438669
79.7833			-0.043866
79.8167			-0.043865
79.85			-0.0438641
79.8833			-0.0438632
79.9167			-0.0438623
79.95			-0.0438614
79.9833			-0.0438604
80.0167			-0.0438595
80.05			-0.0438586
80.0833			-0.0438577
80.1167			-0.0438568
80.15			-0.0438559
80.1833			-0.043855
80.2167			-0.043854
80.25			-0.0438531
80.2833			-0.0438522
80.3167			-0.0438513
80.35			-0.0438504
80.3833			-0.0438495
80.4167			-0.0438486
80.45			-0.0438477
80.4833			-0.0438468
80.5167			-0.0438459
80.55			-0.043845
80.5833			-0.0438441
80.6167			-0.0438432
80.65			-0.0438423
80.6833			-0.0438414
80.7167			-0.0438405
80.75			-0.0438396
80.7833			-0.0438387
80.8167			-0.0438378
80.85			-0.0438369
80.8833			-0.043836
80.9167			-0.0438351
80.95			-0.0438342
80.9833			-0.0438333
81.0167			-0.0438324
81.05			-0.0438315
81.0833			-0.0438306
81.1167			-0.0438297
81.15			-0.0438288
81.1833			-0.0438279
81.2167			-0.043827
81.25			-0.0438262
81.2833			-0.0438253
81.3167			-0.0438244
81.35			-0.0438235
81.3833			-0.0438226
81.4167			-0.0438217
81.45			-0.0438208
81.4833			-0.04382
81.5167			-0.0438191
81.55			-0.0438182
81.5833			-0.0438173
81.6167			-0.0438164
81.65			-0.0438155
81.6833			-0.0438147
81.7167			-0.0438138
81.75			-0.0438129
81.7833			-0.043812
81.8167			-0.0438112
81.85			-0.0438103
81.8833			-0.0438094
81.9167			-0.0438085
81.95			-0.0438077
81.9833			-0.0438068
82.0167			-0.0438059
82.05			-0.043805
82.0833			-0.0438042
82.1167			-0.0438033
82.15			-0.0438024
82.1833			-0.0438016
82.2167			-0.0438007
82.25			-0.0437998
82.2833			-0.043799
82.3167			-0.0437981
82.35			-0.0437972
82.3833			-0.0437964
82.4167			-0.0437955
82.45			-0.0437946
82.4833			-0.0437938
82.5167			-0.0437929
82.55			-0.0437921
82.5833			-0.0437912
82.6167			-0.0437903
82.65			-0.0437895
82.6833			-0.0437886
82.7167			-0.0437878
82.75			-0.0437869
82.7833			-0.0437861
82.8167			-0.0437852
82.85			-0.0437843
82.8833			-0.0437835
82.9167			-0.0437826
82.95			-0.0437818
82.9833			-0.0437809
83.0167			-0.0437801
83.05			-0.0437792
83.0833			-0.0437784
83.1167			-0.0437775
83.15			-0.0437767
83.1833			-0.0437758
83.2167			-0.043775
83.25			-0.0437741
83.2833			-0.0437733
83.3167			-0.0437725
83.35			-0.0437716
83.3833			-0.0437708
83.4167			-0.0437699
83.45			-0.0437691
83.4833			-0.0437682
83.5167			-0.0437674
83.55			-0.0437666
83.5833			-0.0437657
83.6167			-0.0437649
83.65			-0.043764
83.6833			-0.0437632
83.7167			-0.0437624
83.75			-0.0437615
83.7833			-0.0437607
83.8167			-0.0437599
83.85			-0.043759
83.8833			-0.0437582
83.9167			-0.0437574
83.95			-0.0437565
83.9833			-0.0437557
84.0167			-0.0437549
84.05			-0.043754
84.0833			-0.0437532
84.1167			-0.0437524
84.15			-0.0437515
84.1833			-0.0437507
84.2167			-0.0437499
84.25			-0.0437491
84.2833			-0.0437482
84.3167			-0.0437474
84.35			-0.0437466
84.3833			-0.0437458
84.4167			-0.0437449
84.45			-0.0437441
84.4833			-0.0437433
84.5167			-0.0437425
84.55			-0.0437417
84.5833			-0.0437408
84.6167			-0.04374
84.65			-0.0437392
84.6833			-0.0437384
84.7167			-0.0437376
84.75			-0.0437368
84.7833			-0.0437359
84.8167			-0.0437351
84.85			-0.0437343
84.8833			-0.0437335
84.9167			-0.0437327
84.95			-0.0437319
84.9833			-0.0437311
85.0167			-0.0437302
85.05			-0.0437294
85.0833			-0.0437286
85.1167			-0.0437278
85.15			-0.043727
85.1833			-0.0437262
85.2167			-0.0437254
85.25			-0.0437246
85.2833			-0.0437238
85.3167			-0.043723
85.35			-0.0437222
85.3833			-0.0437214
85.4167			-0.0437206
85.45			-0.0437198
85.4833			-0.0437189
85.5167			-0.0437181
85.55			-0.0437173
85.5833			-0.0437165
85.6167			-0.0437157
85.65			-0.0437149
85.6833			-0.0437141
85.7167			-0.0437133
85.75			-0.0437126
85.7833			-0.0437118
85.8167			-0.043711
85.85			-0.0437102
85.8833			-0.0437094
85.9167			-0.0437086
85.95			-0.0437078
85.9833			-0.043707
86.0167			-0.0437062
86.05			-0.0437054
86.0833			-0.0437046
86.1167			-0.0437038
86.15			-0.043703
86.1833			-0.0437022
86.2167			-0.0437015
86.25			-0.0437007
86.2833			-0.0436999
86.3167			-0.0436991
86.35			-0.0436983
86.3833			-0.0436975
86.4167			-0.0436967
86.45			-0.0436959
86.4833			-0.0436952
86.5167			-0.0436944
86.55			-0.0436936
86.5833			-0.0436928
86.6167			-0.043692
86.65			-0.0436912
86.6833			-0.0436905
86.7167			-0.0436897
86.75			-0.0436889
86.7833			-0.0436881
86.8167			-0.0436874
86.85			-0.0436866
86.8833			-0.0436858
86.9167			-0.043685
86.95			-0.0436842
86.9833			-0.0436835
87.0167			-0.0436827
87.05			-0.0436819
87.0833			-0.0436812
87.1167			-0.0436804
87.15			-0.0436796
87.1833			-0.0436788
87.2167			-0.0436781
87.25			-0.0436773
87.2833			-0.0436765
87.3167			-0.0436758
87.35			-0.043675
87.3833			-0.0436742
87.4167			-0.0436735
87.45			-0.0436727
87.4833			-0.0436719
87.5167			-0.0436712
87.55			-0.0436704
87.5833			-0.0436696
87.6167			-0.0436689
87.65			-0.0436681
87.6833			-0.0436673
87.7167			-0.0436666
87.75			-0.0436658
87.7833			-0.043665
87.8167			-0.0436643
87.85			-0.0436635
87.8833			-0.0436628
87.9167			-0.043662
87.95			-0.0436613
87.9833			-0.0436605
88.0167			-0.0436597
88.05			-0.043659
88.0833			-0.0436582
88.1167			-0.0436575
88.15			-0.0436567
88.1833			-0.043656
88.2167			-0.0436552
88.25			-0.0436545
88.2833			-0.0436537
88.3167			-0.043653
88.35			-0.0436522
88.3833			-0.0436514
88.4167			-0.0436507
88.45			-0.0436499
88.4833			-0.0436492
88.5167			-0.0436485
88.55			-0.0436477
88.5833			-0.043647
88.6167			-0.0436462
88.65			-0.0436455
88.6833			-0.0436447
88.7167			-0.043644
88.75			-0.0436432
88.7833			-0.0436425
88.8167			-0.0436417
88.85			-0.043641
88.8833			-0.0436403
88.9167			-0.0436395
88.95			-0.0436388
88.9833			-0.043638
89.0167			-0.0436373
89.05			-0.0436366
89.0833			-0.0436358
89.1167			-0.0436351
89.15			-0.0436343
89.1833			-0.0436336
89.2167			-0.0436329
89.25			-0.0436321
89.2833			-0.0436314
89.3167			-0.0436307
89.35			-0.0436299
89.3833			-0.0436292
89.4167			-0.0436285
89.45			-0.0436277
89.4833			-0.043627
89.5167			-0.0436263
89.55			-0.0436255
89.5833			-0.0436248
89.6167			-0.0436241
89.65			-0.0436233
89.6833			-0.0436226
89.7167			-0.0436219
89.75			-0.0436212
89.7833			-0.0436204
89.8167			-0.0436197
89.85			-0.043619
89.8833			-0.0436182
89.9167			-0.0436175
89.95			-0.0436168
89.9833			-0.0436161
90.0167			-0.0436154
90.05			-0.0436146
90.0833			-0.0436139
90.1167			-0.0436132
90.15			-0.0436125
90.1833			-0.0436117
90.2167			-0.043611
90.25			-0.0436103
90.2833			-0.0436096
90.3167			-0.0436089
90.35			-0.0436081
90.3833			-0.0436074
90.4167			-0.0436067
90.45			-0.043606
90.4833			-0.0436053
90.5167			-0.0436046
90.55			-0.0436038
90.5833			-0.0436031
90.6167			-0.0436024
90.65			-0.0436017
90.6833			-0.043601
90.7167			-0.0436003
90.75			-0.0435996
90.7833			-0.0435989
90.8167			-0.0435981
90.85			-0.0435974
90.8833			-0.0435967
90.9167			-0.043596
90.95			-0.0435953
90.9833			-0.0435946
91.0167			-0.0435939
91.05			-0.0435932
91.0833			-0.0435925
91.1167			-0.0435918
91.15			-0.0435911
91.1833			-0.0435904
91.2167			-0.0435897
91.25			-0.043589
91.2833			-0.0435882
91.3167			-0.0435875
91.35			-0.0435868
91.3833			-0.0435861
91.4167			-0.0435854
91.45			-0.0435847
91.4833			-0.043584
91.5167			-0.0435833
91.55			-0.0435826
91.5833			-0.0435819
91.6167			-0.0435812
91.65			-0.0435805
91.6833			-0.0435798
91.7167			-0.0435791
91.75			-0.0435785
91.7833			-0.0435778
91.8167			-0.0435771
91.85			-0.0435764
91.8833			-0.0435757
91.9167			-0.043575
91.95			-0.0435743
91.9833			-0.0435736
92.0167			-0.0435729
92.05			-0.0435722
92.0833			-0.0435715
92.1167			-0.0435708
92.15			-0.0435701
92.1833			-0.0435694
92.2167			-0.0435688
92.25			-0.0435681
92.2833			-0.0435674
92.3167			-0.0435667
92.35			-0.043566
92.3833			-0.0435653
92.4167			-0.0435646
92.45			-0.0435639
92.4833			-0.0435633
92.5167			-0.0435626
92.55			-0.0435619
92.5833			-0.0435612
92.6167			-0.0435605
92.65			-0.0435598
92.6833			-0.0435592
92.7167			-0.0435585
92.75			-0.0435578
92.7833			-0.0435571
92.8167			-0.0435564
92.85			-0.0435558
92.8833			-0.0435551
92.9167			-0.0435544
92.95			-0.0435537
92.9833			-0.043553
93.0167			-0.0435524
93.05			-0.0435517
93.0833			-0.043551
93.1167			-0.0435503
93.15			-0.0435497
93.1833			-0.043549
93.2167			-0.0435483
93.25			-0.0435476
93.2833			-0.043547
93.3167			-0.0435463
93.35			-0.0435456
93.3833			-0.0435449
93.4167			-0.0435443
93.45			-0.0435436
93.4833			-0.0435429
93.5167			-0.0435423
93.55			-0.0435416
93.5833			-0.0435409
93.6167			-0.0435402
93.65			-0.0435396
93.6833			-0.0435389
93.7167			-0.0435382
93.75			-0.0435376
93.7833			-0.0435369
93.8167			-0.0435362
93.85			-0.0435356
93.8833			-0.0435349
93.9167			-0.0435342
93.95			-0.0435336
93.9833			-0.0435329
94.0167			-0.0435323
94.05			-0.0435316
94.0833			-0.0435309
94.1167			-0.0435303
94.15			-0.0435296
94.1833			-0.0435289
94.2167			-0.0435283
94.25			-0.0435276
94.2833			-0.043527
94.3167			-0.0435263
94.35			-0.0435257
94.3833			-0.043525
94.4167			-0.0435243
94.45			-0.0435237
94.4833			-0.043523
94.5167			-0.0435224
94.55			-0.0435217
94.5833			-0.0435211
94.6167			-0.0435204
94.65			-0.0435197
94.6833			-0.0435191
94.7167			-0.0435184
94.75			-0.0435178
94.7833			-0.0435171
94.8167			-0.0435165
94.85			-0.0435158
94.8833			-0.0435152
94.9167			-0.0435145
94.95			-0.0435139
94.9833			-0.0435132
95.0167			-0.0435126
95.05			-0.0435119
95.0833			-0.0435113
95.1167			-0.0435106
95.15			-0.04351
95.1833			-0.0435093
95.2167			-0.0435087
95.25			-0.043508
95.2833			-0.0435074
95.3167			-0.0435068
95.35			-0.0435061
95.3833			-0.0435055
95.4167			-0.0435048
95.45			-0.0435042
95.4833			-0.0435035
95.5167			-0.0435029
95.55			-0.0435023
95.5833			-0.0435016
95.6167			-0.043501
95.65			-0.0435003
95.6833			-0.0434997
95.7167			-0.043499
95.75			-0.0434984
95.7833			-0.0434978
95.8167			-0.0434971
95.85			-0.0434965
95.8833			-0.0434959
95.9167			-0.0434952
95.95			-0.0434946
95.9833			-0.0434939
96.0167			-0.0434933
96.05			-0.0434927
96.0833			-0.043492
96.1167			-0.0434914
96.15			-0.0434908
96.1833			-0.0434901
96.2167			-0.0434895
96.25			-0.0434889
96.2833			-0.0434882
96.3167			-0.0434876
96.35			-0.043487
96.3833			-0.0434863
96.4167			-0.0434857
96.45			-0.0434851
96.4833			-0.0434845
96.5167			-0.0434838
96.55			-0.0434832
96.5833			-0.0434826
96.6167			-0.0434819
96.65			-0.0434813
96.6833			-0.0434807
96.7167			-0.0434801
96.75			-0.0434794
96.7833			-0.0434788
96.8167			-0.0434782
96.85			-0.0434776
96.8833			-0.0434769
96.9167			-0.0434763
96.95			-0.0434757
96.9833			-0.0434751
97.0167			-0.0434744
97.05			-0.0434738
97.0833			-0.0434732
97.1167			-0.0434726
97.15			-0.043472
97.1833			-0.0434713
97.2167			-0.0434707
97.25			-0.0434701
97.2833			-0.0434695
97.3167			-0.0434689
97.35			-0.0434682
97.3833			-0.0434676
97.4167			-0.043467
97.45			-0.0434664
97.4833			-0.0434658
97.5167			-0.0434652
97.55			-0.0434645
97.5833			-0.0434639
97.6167			-0.0434633
97.65			-0.0434627
97.6833			-0.0434621
97.7167			-0.0434615
97.75			-0.0434609
97.7833			-0.0434602
97.8167			-0.0434596
97.85			-0.043459
97.8833			-0.0434584
97.9167			-0.0434578
97.95			-0.0434572
97.9833			-0.0434566
98.0167			-0.043456
98.05			-0.0434553
98.0833			-0.0434547
98.1167			-0.0434541
98.15			-0.0434535
98.1833			-0.0434529
98.2167			-0.0434523
98.25			-0.0434517
98.2833			-0.0434511
98.3167			-0.0434505
98.35			-0.0434499
98.3833			-0.0434493
98.4167			-0.0434487
98.45			-0.0434481
98.4833			-0.0434475
98.5167			-0.0434469
98.55			-0.0434463
98.5833			-0.0434457
98.6167			-0.043445
98.65			-0.0434444
98.6833			-0.0434438
98.7167			-0.0434432
98.75			-0.0434426
98.7833			-0.043442
98.8167			-0.0434414
98.85			-0.0434408
98.8833			-0.0434402
98.9167			-0.0434396
98.95			-0.043439
98.9833			-0.0434384
99.0167			-0.0434379
99.05			-0.0434373
99.0833			-0.0434367
99.1167			-0.0434361
99.15			-0.0434355
99.1833			-0.0434349
99.2167			-0.0434343
99.25			-0.0434337
99.2833			-0.0434331
99.3167			-0.0434325
99.35			-0.0434319
99.3833			-0.0434313
99.4167			-0.0434307
99.45			-0.0434301
99.4833			-0.0434295
99.5167			-0.0434289
99.55			-0.0434283
99.5833			-0.0434277
99.6167			-0.0434272
99.65			-0.0434266
99.6833			-0.043426
99.7167			-0.0434254
99.75			-0.0434248
99.7833			-0.0434242
99.8167			-0.0434236
99.85			-0.043423
99.8833			-0.0434224
99.9167			-0.0434219
99.95			-0.0434213
99.9833			-0.0434207
