0			0			0.5
1			0			0.5
2			0			0.5
3			0			-0.5
4			0			-0.5
5			0			-0.5

0			0.05			0.5
1			0.05			0.5
2			0.05			0.499376
3			0.05			-0.499376
4			0.05			-0.5
5			0.05			-0.5

0			0.1			0.5
1			0.1			0.499998
2			0.1			0.497513
3			0.1			-0.497513
4			0.1			-0.499998
5			0.1			-0.5

0			0.15			0.5
1			0.15			0.499992
2			0.15			0.494441
3			0.15			-0.494441
4			0.15			-0.499992
5			0.15			-0.5

0			0.2			0.5
1			0.2			0.499975
2			0.2			0.490206
3			0.2			-0.490206
4			0.2			-0.499975
5			0.2			-0.5

0			0.25			0.5
1			0.25			0.49994
2			0.25			0.484876
3			0.25			-0.484876
4			0.25			-0.49994
5			0.25			-0.5

0			0.3			0.5
1			0.3			0.499877
2			0.3			0.478531
3			0.3			-0.478531
4			0.3			-0.499877
5			0.3			-0.5

0			0.35			0.499999
1			0.35			0.499776
2			0.35			0.47127
3			0.35			-0.47127
4			0.35			-0.499776
5			0.35			-0.499999

0			0.4			0.499998
1			0.4			0.499623
2			0.4			0.463202
3			0.4			-0.463202
4			0.4			-0.499623
5			0.4			-0.499998

0			0.45			0.499997
1			0.45			0.499405
2			0.45			0.45445
3			0.45			-0.45445
4			0.45			-0.499405
5			0.45			-0.499997

0			0.5			0.499994
1			0.5			0.499108
2			0.5			0.445145
3			0.5			-0.445145
4			0.5			-0.499108
5			0.5			-0.499994

0			0.55			0.499989
1			0.55			0.498719
2			0.55			0.435423
3			0.55			-0.435423
4			0.55			-0.498719
5			0.55			-0.499989

0			0.6			0.499981
1			0.6			0.498224
2			0.6			0.425426
3			0.6			-0.425426
4			0.6			-0.498224
5			0.6			-0.499981

0			0.65			0.49997
1			0.65			0.497609
2			0.65			0.415297
3			0.65			-0.415297
4			0.65			-0.497609
5			0.65			-0.49997

0			0.7			0.499954
1			0.7			0.496863
2			0.7			0.405179
3			0.7			-0.405179
4			0.7			-0.496863
5			0.7			-0.499954

0			0.75			0.499932
1			0.75			0.495975
2			0.75			0.395209
3			0.75			-0.395209
4			0.75			-0.495975
5			0.75			-0.499932

0			0.8			0.499901
1			0.8			0.494937
2			0.8			0.385522
3			0.8			-0.385522
4			0.8			-0.494937
5			0.8			-0.499901

0			0.85			0.499861
1			0.85			0.493743
2			0.85			0.376242
3			0.85			-0.376242
4			0.85			-0.493743
5			0.85			-0.499861

0			0.9			0.499807
1			0.9			0.492389
2			0.9			0.367484
3			0.9			-0.367484
4			0.9			-0.492389
5			0.9			-0.499807

0			0.95			0.499739
1			0.95			0.490874
2			0.95			0.35935
3			0.95			-0.35935
4			0.95			-0.490874
5			0.95			-0.499739

0			1			0.499653
1			1			0.489199
2			1			0.351932
3			1			-0.351932
4			1			-0.489199
5			1			-0.499653

0			1.05			0.499545
1			1.05			0.487372
2			1.05			0.345303
3			1.05			-0.345303
4			1.05			-0.487372
5			1.05			-0.499545

0			1.1			0.499413
1			1.1			0.485399
2			1.1			0.339523
3			1.1			-0.339523
4			1.1			-0.485399
5			1.1			-0.499413

0			1.15			0.499253
1			1.15			0.483292
2			1.15			0.334635
3			1.15			-0.334635
4			1.15			-0.483292
5			1.15			-0.499253

0			1.2			0.499061
1			1.2			0.481067
2			1.2			0.330666
3			1.2			-0.330666
4			1.2			-0.481067
5			1.2			-0.499061

0			1.25			0.498833
1			1.25			0.478741
2			1.25			0.327626
3			1.25			-0.327626
4			1.25			-0.478741
5			1.25			-0.498833

0			1.3			0.498566
1			1.3			0.476335
2			1.3			0.325506
3			1.3			-0.325506
4			1.3			-0.476335
5			1.3			-0.498566

0			1.35			0.498254
1			1.35			0.473871
2			1.35			0.324286
3			1.35			-0.324286
4			1.35			-0.473871
5			1.35			-0.498254

0			1.4			0.497895
1			1.4			0.471376
2			1.4			0.323928
3			1.4			-0.323928
4			1.4			-0.471376
5			1.4			-0.497895

0			1.45			0.497485
1			1.45			0.468877
2			1.45			0.32438
3			1.45			-0.32438
4			1.45			-0.468877
5			1.45			-0.497485

0			1.5			0.497019
1			1.5			0.466402
2			1.5			0.325579
3			1.5			-0.325579
4			1.5			-0.466402
5			1.5			-0.497019

0			1.55			0.496495
1			1.55			0.463981
2			1.55			0.32745
3			1.55			-0.32745
4			1.55			-0.463981
5			1.55			-0.496495

0			1.6			0.495909
1			1.6			0.461644
2			1.6			0.329911
3			1.6			-0.329911
4			1.6			-0.461644
5			1.6			-0.495909

0			1.65			0.495259
1			1.65			0.459421
2			1.65			0.332871
3			1.65			-0.332871
4			1.65			-0.459421
5			1.65			-0.495259

0			1.7			0.494543
1			1.7			0.457342
2			1.7			0.336235
3			1.7			-0.336235
4			1.7			-0.457342
5			1.7			-0.494543

0			1.75			0.493758
1			1.75			0.455435
2			1.75			0.339903
3			1.75			-0.339903
4			1.75			-0.455435
5			1.75			-0.493758

0			1.8			0.492905
1			1.8			0.453727
2			1.8			0.343776
3			1.8			-0.343776
4			1.8			-0.453727
5			1.8			-0.492905

0			1.85			0.491981
1			1.85			0.452242
2			1.85			0.347757
3			1.85			-0.347757
4			1.85			-0.452242
5			1.85			-0.491981

0			1.9			0.490989
1			1.9			0.451002
2			1.9			0.35175
3			1.9			-0.35175
4			1.9			-0.451002
5			1.9			-0.490989

0			1.95			0.489928
1			1.95			0.450027
2			1.95			0.355665
3			1.95			-0.355665
4			1.95			-0.450027
5			1.95			-0.489928

0			2			0.488801
1			2			0.449331
2			2			0.359419
3			2			-0.359419
4			2			-0.449331
5			2			-0.488801

0			2.05			0.48761
1			2.05			0.448927
2			2.05			0.362938
3			2.05			-0.362938
4			2.05			-0.448927
5			2.05			-0.48761

0			2.1			0.486358
1			2.1			0.448822
2			2.1			0.366156
3			2.1			-0.366156
4			2.1			-0.448822
5			2.1			-0.486358

0			2.15			0.48505
1			2.15			0.44902
2			2.15			0.36902
3			2.15			-0.36902
4			2.15			-0.44902
5			2.15			-0.48505

0			2.2			0.483691
1			2.2			0.449521
2			2.2			0.371488
3			2.2			-0.371488
4			2.2			-0.449521
5			2.2			-0.483691

0			2.25			0.482285
1			2.25			0.450318
2			2.25			0.373531
3			2.25			-0.373531
4			2.25			-0.450318
5			2.25			-0.482285

0			2.3			0.480841
1			2.3			0.451402
2			2.3			0.375134
3			2.3			-0.375134
4			2.3			-0.451402
5			2.3			-0.480841

0			2.35			0.479364
1			2.35			0.45276
2			2.35			0.376294
3			2.35			-0.376294
4			2.35			-0.45276
5			2.35			-0.479364

0			2.4			0.477863
1			2.4			0.454373
2			2.4			0.377021
3			2.4			-0.377021
4			2.4			-0.454373
5			2.4			-0.477863

0			2.45			0.476345
1			2.45			0.45622
2			2.45			0.377338
3			2.45			-0.377338
4			2.45			-0.45622
5			2.45			-0.476345

0			2.5			0.47482
1			2.5			0.458276
2			2.5			0.377279
3			2.5			-0.377279
4			2.5			-0.458276
5			2.5			-0.47482

0			2.55			0.473296
1			2.55			0.460511
2			2.55			0.37689
3			2.55			-0.37689
4			2.55			-0.460511
5			2.55			-0.473296

0			2.6			0.471783
1			2.6			0.462896
2			2.6			0.376226
3			2.6			-0.376226
4			2.6			-0.462896
5			2.6			-0.471783

0			2.65			0.47029
1			2.65			0.465397
2			2.65			0.375351
3			2.65			-0.375351
4			2.65			-0.465397
5			2.65			-0.47029

0			2.7			0.468826
1			2.7			0.467978
2			2.7			0.374332
3			2.7			-0.374332
4			2.7			-0.467978
5			2.7			-0.468826

0			2.75			0.467402
1			2.75			0.470604
2			2.75			0.373246
3			2.75			-0.373246
4			2.75			-0.470604
5			2.75			-0.467402

0			2.8			0.466026
1			2.8			0.473238
2			2.8			0.372169
3			2.8			-0.372169
4			2.8			-0.473238
5			2.8			-0.466026

0			2.85			0.464707
1			2.85			0.475843
2			2.85			0.371178
3			2.85			-0.371178
4			2.85			-0.475843
5			2.85			-0.464707

0			2.9			0.463453
1			2.9			0.478384
2			2.9			0.37035
3			2.9			-0.37035
4			2.9			-0.478384
5			2.9			-0.463453

0			2.95			0.462274
1			2.95			0.480825
2			2.95			0.36976
3			2.95			-0.36976
4			2.95			-0.480825
5			2.95			-0.462274

0			3			0.461176
1			3			0.483134
2			3			0.369476
3			3			-0.369476
4			3			-0.483134
5			3			-0.461176

0			3.05			0.460167
1			3.05			0.48528
2			3.05			0.369559
3			3.05			-0.369559
4			3.05			-0.48528
5			3.05			-0.460167

0			3.1			0.459251
1			3.1			0.487235
2			3.1			0.370064
3			3.1			-0.370064
4			3.1			-0.487235
5			3.1			-0.459251

0			3.15			0.458435
1			3.15			0.488975
2			3.15			0.371033
3			3.15			-0.371033
4			3.15			-0.488975
5			3.15			-0.458435

0			3.2			0.457723
1			3.2			0.490478
2			3.2			0.372499
3			3.2			-0.372499
4			3.2			-0.490478
5			3.2			-0.457723

0			3.25			0.457117
1			3.25			0.491726
2			3.25			0.374482
3			3.25			-0.374482
4			3.25			-0.491726
5			3.25			-0.457117

0			3.3			0.456621
1			3.3			0.492708
2			3.3			0.37699
3			3.3			-0.37699
4			3.3			-0.492708
5			3.3			-0.456621

0			3.35			0.456236
1			3.35			0.493415
2			3.35			0.380016
3			3.35			-0.380016
4			3.35			-0.493415
5			3.35			-0.456236

0			3.4			0.455962
1			3.4			0.493841
2			3.4			0.38354
3			3.4			-0.38354
4			3.4			-0.493841
5			3.4			-0.455962

0			3.45			0.455797
1			3.45			0.493988
2			3.45			0.387529
3			3.45			-0.387529
4			3.45			-0.493988
5			3.45			-0.455797

0			3.5			0.455741
1			3.5			0.49386
2			3.5			0.391937
3			3.5			-0.391937
4			3.5			-0.49386
5			3.5			-0.455741

0			3.55			0.455791
1			3.55			0.493467
2			3.55			0.396704
3			3.55			-0.396704
4			3.55			-0.493467
5			3.55			-0.455791

0			3.6			0.455943
1			3.6			0.492821
2			3.6			0.40176
3			3.6			-0.40176
4			3.6			-0.492821
5			3.6			-0.455943

0			3.65			0.456192
1			3.65			0.491939
2			3.65			0.407024
3			3.65			-0.407024
4			3.65			-0.491939
5			3.65			-0.456192

0			3.7			0.456534
1			3.7			0.490842
2			3.7			0.412408
3			3.7			-0.412408
4			3.7			-0.490842
5			3.7			-0.456534

0			3.75			0.456962
1			3.75			0.489553
2			3.75			0.417814
3			3.75			-0.417814
4			3.75			-0.489553
5			3.75			-0.456962

0			3.8			0.45747
1			3.8			0.488099
2			3.8			0.42314
3			3.8			-0.42314
4			3.8			-0.488099
5			3.8			-0.45747

0			3.85			0.45805
1			3.85			0.486508
2			3.85			0.428281
3			3.85			-0.428281
4			3.85			-0.486508
5			3.85			-0.45805

0			3.9			0.458695
1			3.9			0.48481
2			3.9			0.43313
3			3.9			-0.43313
4			3.9			-0.48481
5			3.9			-0.458695

0			3.95			0.459398
1			3.95			0.483036
2			3.95			0.437581
3			3.95			-0.437581
4			3.95			-0.483036
5			3.95			-0.459398

0			4			0.460149
1			4			0.481218
2			4			0.441531
3			4			-0.441531
4			4			-0.481218
5			4			-0.460149

0			4.05			0.460941
1			4.05			0.479388
2			4.05			0.44488
3			4.05			-0.44488
4			4.05			-0.479388
5			4.05			-0.460941

0			4.1			0.461766
1			4.1			0.477576
2			4.1			0.447537
3			4.1			-0.447537
4			4.1			-0.477576
5			4.1			-0.461766

0			4.15			0.462615
1			4.15			0.475812
2			4.15			0.449419
3			4.15			-0.449419
4			4.15			-0.475812
5			4.15			-0.462615

0			4.2			0.463482
1			4.2			0.474126
2			4.2			0.450453
3			4.2			-0.450453
4			4.2			-0.474126
5			4.2			-0.463482

0			4.25			0.464358
1			4.25			0.472542
2			4.25			0.450577
3			4.25			-0.450577
4			4.25			-0.472542
5			4.25			-0.464358

0			4.3			0.465236
1			4.3			0.471084
2			4.3			0.449746
3			4.3			-0.449746
4			4.3			-0.471084
5			4.3			-0.465236

0			4.35			0.46611
1			4.35			0.469773
2			4.35			0.447924
3			4.35			-0.447924
4			4.35			-0.469773
5			4.35			-0.46611

0			4.4			0.466975
1			4.4			0.468626
2			4.4			0.445095
3			4.4			-0.445095
4			4.4			-0.468626
5			4.4			-0.466975

0			4.45			0.467824
1			4.45			0.467657
2			4.45			0.441257
3			4.45			-0.441257
4			4.45			-0.467657
5			4.45			-0.467824

0			4.5			0.468653
1			4.5			0.466875
2			4.5			0.436423
3			4.5			-0.436423
4			4.5			-0.466875
5			4.5			-0.468653

0			4.55			0.469458
1			4.55			0.466287
2			4.55			0.430625
3			4.55			-0.430625
4			4.55			-0.466287
5			4.55			-0.469458

0			4.6			0.470236
1			4.6			0.465894
2			4.6			0.423908
3			4.6			-0.423908
4			4.6			-0.465894
5			4.6			-0.470236

0			4.65			0.470985
1			4.65			0.465694
2			4.65			0.416336
3			4.65			-0.416336
4			4.65			-0.465694
5			4.65			-0.470985

0			4.7			0.471703
1			4.7			0.465681
2			4.7			0.407984
3			4.7			-0.407984
4			4.7			-0.465681
5			4.7			-0.471703

0			4.75			0.472389
1			4.75			0.465846
2			4.75			0.398944
3			4.75			-0.398944
4			4.75			-0.465846
5			4.75			-0.472389

0			4.8			0.473043
1			4.8			0.466176
2			4.8			0.389318
3			4.8			-0.389318
4			4.8			-0.466176
5			4.8			-0.473043

0			4.85			0.473665
1			4.85			0.466655
2			4.85			0.37922
3			4.85			-0.37922
4			4.85			-0.466655
5			4.85			-0.473665

0			4.9			0.474256
1			4.9			0.467262
2			4.9			0.368773
3			4.9			-0.368773
4			4.9			-0.467262
5			4.9			-0.474256

0			4.95			0.474819
1			4.95			0.467978
2			4.95			0.358108
3			4.95			-0.358108
4			4.95			-0.467978
5			4.95			-0.474819

0			5			0.475354
1			5			0.468779
2			5			0.347359
3			5			-0.347359
4			5			-0.468779
5			5			-0.475354

0			5.05			0.475866
1			5.05			0.46964
2			5.05			0.336667
3			5.05			-0.336667
4			5.05			-0.46964
5			5.05			-0.475866

0			5.1			0.476356
1			5.1			0.470535
2			5.1			0.32617
3			5.1			-0.32617
4			5.1			-0.470535
5			5.1			-0.476356

0			5.15			0.476827
1			5.15			0.471439
2			5.15			0.316008
3			5.15			-0.316008
4			5.15			-0.471439
5			5.15			-0.476827

0			5.2			0.477284
1			5.2			0.472324
2			5.2			0.306316
3			5.2			-0.306316
4			5.2			-0.472324
5			5.2			-0.477284

0			5.25			0.477728
1			5.25			0.473166
2			5.25			0.297223
3			5.25			-0.297223
4			5.25			-0.473166
5			5.25			-0.477728

0			5.3			0.478164
1			5.3			0.473941
2			5.3			0.288852
3			5.3			-0.288852
4			5.3			-0.473941
5			5.3			-0.478164

0			5.35			0.478595
1			5.35			0.474625
2			5.35			0.281316
3			5.35			-0.281316
4			5.35			-0.474625
5			5.35			-0.478595

0			5.4			0.479023
1			5.4			0.475199
2			5.4			0.274714
3			5.4			-0.274714
4			5.4			-0.475199
5			5.4			-0.479023

0			5.45			0.479452
1			5.45			0.475643
2			5.45			0.269137
3			5.45			-0.269137
4			5.45			-0.475643
5			5.45			-0.479452

0			5.5			0.479884
1			5.5			0.475943
2			5.5			0.264656
3			5.5			-0.264656
4			5.5			-0.475943
5			5.5			-0.479884

0			5.55			0.480321
1			5.55			0.476087
2			5.55			0.261331
3			5.55			-0.261331
4			5.55			-0.476087
5			5.55			-0.480321

0			5.6			0.480764
1			5.6			0.476066
2			5.6			0.259204
3			5.6			-0.259204
4			5.6			-0.476066
5			5.6			-0.480764

0			5.65			0.481215
1			5.65			0.475874
2			5.65			0.258298
3			5.65			-0.258298
4			5.65			-0.475874
5			5.65			-0.481215

0			5.7			0.481674
1			5.7			0.475511
2			5.7			0.25862
3			5.7			-0.25862
4			5.7			-0.475511
5			5.7			-0.481674

0			5.75			0.482141
1			5.75			0.474977
2			5.75			0.260161
3			5.75			-0.260161
4			5.75			-0.474977
5			5.75			-0.482141

0			5.8			0.482616
1			5.8			0.474279
2			5.8			0.262892
3			5.8			-0.262892
4			5.8			-0.474279
5			5.8			-0.482616

0			5.85			0.483098
1			5.85			0.473426
2			5.85			0.266769
3			5.85			-0.266769
4			5.85			-0.473426
5			5.85			-0.483098

0			5.9			0.483586
1			5.9			0.472431
2			5.9			0.271732
3			5.9			-0.271732
4			5.9			-0.472431
5			5.9			-0.483586

0			5.95			0.484077
1			5.95			0.471309
2			5.95			0.277705
3			5.95			-0.277705
4			5.95			-0.471309
5			5.95			-0.484077

0			6			0.484568
1			6			0.470078
2			6			0.284599
3			6			-0.284599
4			6			-0.470078
5			6			-0.484568

0			6.05			0.485057
1			6.05			0.46876
2			6.05			0.292314
3			6.05			-0.292314
4			6.05			-0.46876
5			6.05			-0.485057

0			6.1			0.485542
1			6.1			0.467377
2			6.1			0.30074
3			6.1			-0.30074
4			6.1			-0.467377
5			6.1			-0.485542

0			6.15			0.486017
1			6.15			0.465954
2			6.15			0.309757
3			6.15			-0.309757
4			6.15			-0.465954
5			6.15			-0.486017

0			6.2			0.486479
1			6.2			0.464515
2			6.2			0.31924
3			6.2			-0.31924
4			6.2			-0.464515
5			6.2			-0.486479

0			6.25			0.486925
1			6.25			0.463088
2			6.25			0.329062
3			6.25			-0.329062
4			6.25			-0.463088
5			6.25			-0.486925

0			6.3			0.48735
1			6.3			0.461699
2			6.3			0.33909
3			6.3			-0.33909
4			6.3			-0.461699
5			6.3			-0.48735

0			6.35			0.487751
1			6.35			0.460373
2			6.35			0.349196
3			6.35			-0.349196
4			6.35			-0.460373
5			6.35			-0.487751

0			6.4			0.488122
1			6.4			0.459135
2			6.4			0.359252
3			6.4			-0.359252
4			6.4			-0.459135
5			6.4			-0.488122

0			6.45			0.488461
1			6.45			0.45801
2			6.45			0.369136
3			6.45			-0.369136
4			6.45			-0.45801
5			6.45			-0.488461

0			6.5			0.488764
1			6.5			0.457018
2			6.5			0.378731
3			6.5			-0.378731
4			6.5			-0.457018
5			6.5			-0.488764

0			6.55			0.489026
1			6.55			0.456179
2			6.55			0.38793
3			6.55			-0.38793
4			6.55			-0.456179
5			6.55			-0.489026

0			6.6			0.489246
1			6.6			0.455511
2			6.6			0.396638
3			6.6			-0.396638
4			6.6			-0.455511
5			6.6			-0.489246

0			6.65			0.48942
1			6.65			0.455027
2			6.65			0.404768
3			6.65			-0.404768
4			6.65			-0.455027
5			6.65			-0.48942

0			6.7			0.489547
1			6.7			0.454738
2			6.7			0.412249
3			6.7			-0.412249
4			6.7			-0.454738
5			6.7			-0.489547

0			6.75			0.489624
1			6.75			0.454651
2			6.75			0.419023
3			6.75			-0.419023
4			6.75			-0.454651
5			6.75			-0.489624

0			6.8			0.489651
1			6.8			0.454771
2			6.8			0.425046
3			6.8			-0.425046
4			6.8			-0.454771
5			6.8			-0.489651

0			6.85			0.489627
1			6.85			0.455098
2			6.85			0.43029
3			6.85			-0.43029
4			6.85			-0.455098
5			6.85			-0.489627

0			6.9			0.489551
1			6.9			0.455628
2			6.9			0.434741
3			6.9			-0.434741
4			6.9			-0.455628
5			6.9			-0.489551

0			6.95			0.489425
1			6.95			0.456355
2			6.95			0.4384
3			6.95			-0.4384
4			6.95			-0.456355
5			6.95			-0.489425

0			7			0.489249
1			7			0.457269
2			7			0.441284
3			7			-0.441284
4			7			-0.457269
5			7			-0.489249

0			7.05			0.489025
1			7.05			0.458355
2			7.05			0.443421
3			7.05			-0.443421
4			7.05			-0.458355
5			7.05			-0.489025

0			7.1			0.488756
1			7.1			0.459599
2			7.1			0.444854
3			7.1			-0.444854
4			7.1			-0.459599
5			7.1			-0.488756

0			7.15			0.488443
1			7.15			0.46098
2			7.15			0.445635
3			7.15			-0.445635
4			7.15			-0.46098
5			7.15			-0.488443

0			7.2			0.488091
1			7.2			0.462477
2			7.2			0.445829
3			7.2			-0.445829
4			7.2			-0.462477
5			7.2			-0.488091

0			7.25			0.487702
1			7.25			0.464068
2			7.25			0.445507
3			7.25			-0.445507
4			7.25			-0.464068
5			7.25			-0.487702

0			7.3			0.487281
1			7.3			0.465728
2			7.3			0.444746
3			7.3			-0.444746
4			7.3			-0.465728
5			7.3			-0.487281

0			7.35			0.486832
1			7.35			0.467431
2			7.35			0.44363
3			7.35			-0.44363
4			7.35			-0.467431
5			7.35			-0.486832

0			7.4			0.486359
1			7.4			0.46915
2			7.4			0.442244
3			7.4			-0.442244
4			7.4			-0.46915
5			7.4			-0.486359

0			7.45			0.485867
1			7.45			0.470861
2			7.45			0.440673
3			7.45			-0.440673
4			7.45			-0.470861
5			7.45			-0.485867

0			7.5			0.48536
1			7.5			0.472537
2			7.5			0.439004
3			7.5			-0.439004
4			7.5			-0.472537
5			7.5			-0.48536

0			7.55			0.484843
1			7.55			0.474153
2			7.55			0.437318
3			7.55			-0.437318
4			7.55			-0.474153
5			7.55			-0.484843

0			7.6			0.484321
1			7.6			0.475687
2			7.6			0.435692
3			7.6			-0.435692
4			7.6			-0.475687
5			7.6			-0.484321

0			7.65			0.483799
1			7.65			0.477116
2			7.65			0.434195
3			7.65			-0.434195
4			7.65			-0.477116
5			7.65			-0.483799

0			7.7			0.48328
1			7.7			0.478422
2			7.7			0.432892
3			7.7			-0.432892
4			7.7			-0.478422
5			7.7			-0.48328

0			7.75			0.482769
1			7.75			0.479587
2			7.75			0.431833
3			7.75			-0.431833
4			7.75			-0.479587
5			7.75			-0.482769

0			7.8			0.482269
1			7.8			0.480597
2			7.8			0.431062
3			7.8			-0.431062
4			7.8			-0.480597
5			7.8			-0.482269

0			7.85			0.481785
1			7.85			0.481442
2			7.85			0.430609
3			7.85			-0.430609
4			7.85			-0.481442
5			7.85			-0.481785

0			7.9			0.481319
1			7.9			0.482113
2			7.9			0.430494
3			7.9			-0.430494
4			7.9			-0.482113
5			7.9			-0.481319

0			7.95			0.480874
1			7.95			0.482607
2			7.95			0.430721
3			7.95			-0.430721
4			7.95			-0.482607
5			7.95			-0.480874

0			8			0.480452
1			8			0.482921
2			8			0.431285
3			8			-0.431285
4			8			-0.482921
5			8			-0.480452

0			8.05			0.480055
1			8.05			0.483059
2			8.05			0.432168
3			8.05			-0.432168
4			8.05			-0.483059
5			8.05			-0.480055

0			8.1			0.479685
1			8.1			0.483026
2			8.1			0.433338
3			8.1			-0.433338
4			8.1			-0.483026
5			8.1			-0.479685

0			8.15			0.479342
1			8.15			0.48283
2			8.15			0.434755
3			8.15			-0.434755
4			8.15			-0.48283
5			8.15			-0.479342

0			8.2			0.479027
1			8.2			0.482484
2			8.2			0.436367
3			8.2			-0.436367
4			8.2			-0.482484
5			8.2			-0.479027

0			8.25			0.478739
1			8.25			0.482001
2			8.25			0.438113
3			8.25			-0.438113
4			8.25			-0.482001
5			8.25			-0.478739

0			8.3			0.478479
1			8.3			0.481398
2			8.3			0.439925
3			8.3			-0.439925
4			8.3			-0.481398
5			8.3			-0.478479

0			8.35			0.478245
1			8.35			0.480693
2			8.35			0.44173
3			8.35			-0.44173
4			8.35			-0.480693
5			8.35			-0.478245

0			8.4			0.478037
1			8.4			0.479907
2			8.4			0.44345
3			8.4			-0.44345
4			8.4			-0.479907
5			8.4			-0.478037

0			8.45			0.477853
1			8.45			0.479061
2			8.45			0.445003
3			8.45			-0.445003
4			8.45			-0.479061
5			8.45			-0.477853

0			8.5			0.477691
1			8.5			0.478177
2			8.5			0.44631
3			8.5			-0.44631
4			8.5			-0.478177
5			8.5			-0.477691

0			8.55			0.477549
1			8.55			0.477278
2			8.55			0.447291
3			8.55			-0.447291
4			8.55			-0.477278
5			8.55			-0.477549

0			8.6			0.477426
1			8.6			0.476384
2			8.6			0.44787
3			8.6			-0.44787
4			8.6			-0.476384
5			8.6			-0.477426

0			8.65			0.477318
1			8.65			0.475519
2			8.65			0.447978
3			8.65			-0.447978
4			8.65			-0.475519
5			8.65			-0.477318

0			8.7			0.477225
1			8.7			0.474702
2			8.7			0.447549
3			8.7			-0.447549
4			8.7			-0.474702
5			8.7			-0.477225

0			8.75			0.477143
1			8.75			0.473953
2			8.75			0.446531
3			8.75			-0.446531
4			8.75			-0.473953
5			8.75			-0.477143

0			8.8			0.47707
1			8.8			0.473288
2			8.8			0.444879
3			8.8			-0.444879
4			8.8			-0.473288
5			8.8			-0.47707

0			8.85			0.477004
1			8.85			0.472723
2			8.85			0.442561
3			8.85			-0.442561
4			8.85			-0.472723
5			8.85			-0.477004

0			8.9			0.476943
1			8.9			0.47227
2			8.9			0.439556
3			8.9			-0.439556
4			8.9			-0.47227
5			8.9			-0.476943

0			8.95			0.476884
1			8.95			0.471939
2			8.95			0.435859
3			8.95			-0.435859
4			8.95			-0.471939
5			8.95			-0.476884

0			9			0.476827
1			9			0.471738
2			9			0.431476
3			9			-0.431476
4			9			-0.471738
5			9			-0.476827

0			9.05			0.476769
1			9.05			0.47167
2			9.05			0.426431
3			9.05			-0.426431
4			9.05			-0.47167
5			9.05			-0.476769

0			9.1			0.476709
1			9.1			0.471737
2			9.1			0.420759
3			9.1			-0.420759
4			9.1			-0.471737
5			9.1			-0.476709

0			9.15			0.476645
1			9.15			0.471937
2			9.15			0.414512
3			9.15			-0.414512
4			9.15			-0.471937
5			9.15			-0.476645

0			9.2			0.476577
1			9.2			0.472265
2			9.2			0.407751
3			9.2			-0.407751
4			9.2			-0.472265
5			9.2			-0.476577

0			9.25			0.476504
1			9.25			0.472713
2			9.25			0.400555
3			9.25			-0.400555
4			9.25			-0.472713
5			9.25			-0.476504

0			9.3			0.476425
1			9.3			0.473271
2			9.3			0.393011
3			9.3			-0.393011
4			9.3			-0.473271
5			9.3			-0.476425

0			9.35			0.476339
1			9.35			0.473927
2			9.35			0.385216
3			9.35			-0.385216
4			9.35			-0.473927
5			9.35			-0.476339

0			9.4			0.476247
1			9.4			0.474666
2			9.4			0.377277
3			9.4			-0.377277
4			9.4			-0.474666
5			9.4			-0.476247

0			9.45			0.476148
1			9.45			0.475472
2			9.45			0.369305
3			9.45			-0.369305
4			9.45			-0.475472
5			9.45			-0.476148

0			9.5			0.476043
1			9.5			0.476328
2			9.5			0.361417
3			9.5			-0.361417
4			9.5			-0.476328
5			9.5			-0.476043

0			9.55			0.47593
1			9.55			0.477214
2			9.55			0.353733
3			9.55			-0.353733
4			9.55			-0.477214
5			9.55			-0.47593

0			9.6			0.475811
1			9.6			0.478111
2			9.6			0.346372
3			9.6			-0.346372
4			9.6			-0.478111
5			9.6			-0.475811

0			9.65			0.475685
1			9.65			0.479001
2			9.65			0.339451
3			9.65			-0.339451
4			9.65			-0.479001
5			9.65			-0.475685

0			9.7			0.475553
1			9.7			0.479865
2			9.7			0.333084
3			9.7			-0.333084
4			9.7			-0.479865
5			9.7			-0.475553

0			9.75			0.475415
1			9.75			0.480684
2			9.75			0.327376
3			9.75			-0.327376
4			9.75			-0.480684
5			9.75			-0.475415

0			9.8			0.47527
1			9.8			0.481441
2			9.8			0.322425
3			9.8			-0.322425
4			9.8			-0.481441
5			9.8			-0.47527

0			9.85			0.475119
1			9.85			0.482122
2			9.85			0.31832
3			9.85			-0.31832
4			9.85			-0.482122
5			9.85			-0.475119

0			9.9			0.474961
1			9.9			0.482711
2			9.9			0.315134
3			9.9			-0.315134
4			9.9			-0.482711
5			9.9			-0.474961

0			9.95			0.474797
1			9.95			0.483199
2			9.95			0.31293
3			9.95			-0.31293
4			9.95			-0.483199
5			9.95			-0.474797

0			10			0.474625
1			10			0.483575
2			10			0.311753
3			10			-0.311753
4			10			-0.483575
5			10			-0.474625

0			10.05			0.474445
1			10.05			0.483834
2			10.05			0.311633
3			10.05			-0.311633
4			10.05			-0.483834
5			10.05			-0.474445

0			10.1			0.474257
1			10.1			0.483972
2			10.1			0.312583
3			10.1			-0.312583
4			10.1			-0.483972
5			10.1			-0.474257

0			10.15			0.474059
1			10.15			0.483987
2			10.15			0.3146
3			10.15			-0.3146
4			10.15			-0.483987
5			10.15			-0.474059

0			10.2			0.473851
1			10.2			0.483882
2			10.2			0.31766
3			10.2			-0.31766
4			10.2			-0.483882
5			10.2			-0.473851

0			10.25			0.473632
1			10.25			0.483661
2			10.25			0.321725
3			10.25			-0.321725
4			10.25			-0.483661
5			10.25			-0.473632

0			10.3			0.4734
1			10.3			0.483332
2			10.3			0.326739
3			10.3			-0.326739
4			10.3			-0.483332
5			10.3			-0.4734

0			10.35			0.473154
1			10.35			0.482905
2			10.35			0.332631
3			10.35			-0.332631
4			10.35			-0.482905
5			10.35			-0.473154

0			10.4			0.472894
1			10.4			0.482392
2			10.4			0.339314
3			10.4			-0.339314
4			10.4			-0.482392
5			10.4			-0.472894

0			10.45			0.472618
1			10.45			0.481806
2			10.45			0.34669
3			10.45			-0.34669
4			10.45			-0.481806
5			10.45			-0.472618

0			10.5			0.472324
1			10.5			0.481163
2			10.5			0.354647
3			10.5			-0.354647
4			10.5			-0.481163
5			10.5			-0.472324

0			10.55			0.472013
1			10.55			0.480482
2			10.55			0.363066
3			10.55			-0.363066
4			10.55			-0.480482
5			10.55			-0.472013

0			10.6			0.471683
1			10.6			0.479778
2			10.6			0.371819
3			10.6			-0.371819
4			10.6			-0.479778
5			10.6			-0.471683

0			10.65			0.471334
1			10.65			0.479071
2			10.65			0.380773
3			10.65			-0.380773
4			10.65			-0.479071
5			10.65			-0.471334

0			10.7			0.470966
1			10.7			0.478379
2			10.7			0.389794
3			10.7			-0.389794
4			10.7			-0.478379
5			10.7			-0.470966

0			10.75			0.470578
1			10.75			0.477719
2			10.75			0.398744
3			10.75			-0.398744
4			10.75			-0.477719
5			10.75			-0.470578

0			10.8			0.470172
1			10.8			0.47711
2			10.8			0.407491
3			10.8			-0.407491
4			10.8			-0.47711
5			10.8			-0.470172

0			10.85			0.469747
1			10.85			0.476565
2			10.85			0.415905
3			10.85			-0.415905
4			10.85			-0.476565
5			10.85			-0.469747

0			10.9			0.469305
1			10.9			0.4761
2			10.9			0.423864
3			10.9			-0.423864
4			10.9			-0.4761
5			10.9			-0.469305

0			10.95			0.468848
1			10.95			0.475726
2			10.95			0.431253
3			10.95			-0.431253
4			10.95			-0.475726
5			10.95			-0.468848

0			11			0.468378
1			11			0.475453
2			11			0.437969
3			11			-0.437969
4			11			-0.475453
5			11			-0.468378

0			11.05			0.467897
1			11.05			0.475287
2			11.05			0.443921
3			11.05			-0.443921
4			11.05			-0.475287
5			11.05			-0.467897

0			11.1			0.467409
1			11.1			0.475232
2			11.1			0.449033
3			11.1			-0.449033
4			11.1			-0.475232
5			11.1			-0.467409

0			11.15			0.466917
1			11.15			0.47529
2			11.15			0.453242
3			11.15			-0.453242
4			11.15			-0.47529
5			11.15			-0.466917

0			11.2			0.466424
1			11.2			0.475457
2			11.2			0.456504
3			11.2			-0.456504
4			11.2			-0.475457
5			11.2			-0.466424

0			11.25			0.465936
1			11.25			0.475727
2			11.25			0.458788
3			11.25			-0.458788
4			11.25			-0.475727
5			11.25			-0.465936

0			11.3			0.465457
1			11.3			0.476093
2			11.3			0.460083
3			11.3			-0.460083
4			11.3			-0.476093
5			11.3			-0.465457

0			11.35			0.464991
1			11.35			0.476542
2			11.35			0.460392
3			11.35			-0.460392
4			11.35			-0.476542
5			11.35			-0.464991

0			11.4			0.464546
1			11.4			0.47706
2			11.4			0.459738
3			11.4			-0.459738
4			11.4			-0.47706
5			11.4			-0.464546

0			11.45			0.464125
1			11.45			0.477628
2			11.45			0.458157
3			11.45			-0.458157
4			11.45			-0.477628
5			11.45			-0.464125

0			11.5			0.463734
1			11.5			0.478227
2			11.5			0.4557
3			11.5			-0.4557
4			11.5			-0.478227
5			11.5			-0.463734

0			11.55			0.46338
1			11.55			0.478835
2			11.55			0.452432
3			11.55			-0.452432
4			11.55			-0.478835
5			11.55			-0.46338

0			11.6			0.463068
1			11.6			0.479429
2			11.6			0.448431
3			11.6			-0.448431
4			11.6			-0.479429
5			11.6			-0.463068

0			11.65			0.462803
1			11.65			0.479984
2			11.65			0.443785
3			11.65			-0.443785
4			11.65			-0.479984
5			11.65			-0.462803

0			11.7			0.462591
1			11.7			0.480474
2			11.7			0.438589
3			11.7			-0.438589
4			11.7			-0.480474
5			11.7			-0.462591

0			11.75			0.462438
1			11.75			0.480874
2			11.75			0.432945
3			11.75			-0.432945
4			11.75			-0.480874
5			11.75			-0.462438

0			11.8			0.462347
1			11.8			0.481159
2			11.8			0.426962
3			11.8			-0.426962
4			11.8			-0.481159
5			11.8			-0.462347

0			11.85			0.462323
1			11.85			0.481304
2			11.85			0.420748
3			11.85			-0.420748
4			11.85			-0.481304
5			11.85			-0.462323

0			11.9			0.46237
1			11.9			0.481287
2			11.9			0.414413
3			11.9			-0.414413
4			11.9			-0.481287
5			11.9			-0.46237

0			11.95			0.462491
1			11.95			0.481085
2			11.95			0.408064
3			11.95			-0.408064
4			11.95			-0.481085
5			11.95			-0.462491

