0.05			-0.565703
0.0833333			-0.565046
0.116667			-0.563309
0.15			-0.560941
0.183333			-0.558359
0.216667			-0.55567
0.25			-0.552796
0.283333			-0.549596
0.316667			-0.545936
0.35			-0.541716
0.383333			-0.53688
0.416667			-0.531415
0.45			-0.525341
0.483333			-0.518705
0.516667			-0.511571
0.55			-0.504014
0.583333			-0.496114
0.616667			-0.487951
0.65			-0.4796
0.683333			-0.471131
0.716667			-0.462608
0.75			-0.454087
0.783333			-0.445614
0.816667			-0.437229
0.85			-0.428967
0.883333			-0.420853
0.916667			-0.412908
0.95			-0.40515
0.983333			-0.397589
1.01667			-0.390234
1.05			-0.38309
1.08333			-0.376159
1.11667			-0.369443
1.15			-0.36294
1.18333			-0.356646
1.21667			-0.35056
1.25			-0.344676
1.28333			-0.33899
1.31667			-0.333495
1.35			-0.328186
1.38333			-0.323058
1.41667			-0.318103
1.45			-0.313315
1.48333			-0.30869
1.51667			-0.30422
1.55			-0.299899
1.58333			-0.295722
1.61667			-0.291683
1.65			-0.287776
1.68333			-0.283996
1.71667			-0.280339
1.75			-0.276799
1.78333			-0.27337
1.81667			-0.27005
1.85			-0.266833
1.88333			-0.263715
1.91667			-0.260693
1.95			-0.257762
1.98333			-0.254918
2.01667			-0.252159
2.05			-0.24948
2.08333			-0.24688
2.11667			-0.244353
2.15			-0.241899
2.18333			-0.239514
2.21667			-0.237194
2.25			-0.234939
2.28333			-0.232745
2.31667			-0.23061
2.35			-0.228532
2.38333			-0.226508
2.41667			-0.224537
2.45			-0.222618
2.48333			-0.220747
2.51667			-0.218923
2.55			-0.217145
2.58333			-0.215411
2.61667			-0.213719
2.65			-0.212069
2.68333			-0.210457
2.71667			-0.208885
2.75			-0.207349
2.78333			-0.205848
2.81667			-0.204383
2.85			-0.20295
2.88333			-0.20155
2.91667			-0.200182
2.95			-0.198843
2.98333			-0.197534
3.01667			-0.196253
3.05			-0.195
3.08333			-0.193773
3.11667			-0.192573
3.15			-0.191397
3.18333			-0.190246
3.21667			-0.189118
3.25			-0.188013
3.28333			-0.18693
3.31667			-0.185869
3.35			-0.184829
3.38333			-0.18381
3.41667			-0.18281
3.45			-0.181829
3.48333			-0.180867
3.51667			-0.179923
3.55			-0.178997
3.58333			-0.178088
3.61667			-0.177196
3.65			-0.17632
3.68333			-0.17546
3.71667			-0.174615
3.75			-0.173785
3.78333			-0.17297
3.81667			-0.17217
3.85			-0.171383
3.88333			-0.17061
3.91667			-0.169849
3.95			-0.169102
3.98333			-0.168368
4.01667			-0.167645
4.05			-0.166935
4.08333			-0.166236
4.11667			-0.165549
4.15			-0.164873
4.18333			-0.164207
4.21667			-0.163553
4.25			-0.162908
4.28333			-0.162274
4.31667			-0.16165
4.35			-0.161035
4.38333			-0.160429
4.41667			-0.159833
4.45			-0.159246
4.48333			-0.158668
4.51667			-0.158098
4.55			-0.157537
4.58333			-0.156984
4.61667			-0.156439
4.65			-0.155902
4.68333			-0.155373
4.71667			-0.154851
4.75			-0.154337
4.78333			-0.15383
4.81667			-0.15333
4.85			-0.152837
4.88333			-0.152351
4.91667			-0.151871
4.95			-0.151399
4.98333			-0.150932
5.01667			-0.150472
5.05			-0.150018
5.08333			-0.14957
5.11667			-0.149127
5.15			-0.148691
5.18333			-0.14826
5.21667			-0.147835
5.25			-0.147416
5.28333			-0.147001
5.31667			-0.146593
5.35			-0.146189
5.38333			-0.14579
5.41667			-0.145396
5.45			-0.145007
5.48333			-0.144623
5.51667			-0.144244
5.55			-0.143869
5.58333			-0.143499
5.61667			-0.143133
5.65			-0.142772
5.68333			-0.142415
5.71667			-0.142062
5.75			-0.141713
5.78333			-0.141369
5.81667			-0.141028
5.85			-0.140692
5.88333			-0.140359
5.91667			-0.14003
5.95			-0.139705
5.98333			-0.139383
6.01667			-0.139065
6.05			-0.138751
6.08333			-0.13844
6.11667			-0.138133
6.15			-0.137829
6.18333			-0.137528
6.21667			-0.137231
6.25			-0.136936
6.28333			-0.136645
6.31667			-0.136358
6.35			-0.136073
6.38333			-0.135791
6.41667			-0.135512
6.45			-0.135236
6.48333			-0.134963
6.51667			-0.134693
6.55			-0.134426
6.58333			-0.134161
6.61667			-0.133899
6.65			-0.13364
6.68333			-0.133383
6.71667			-0.133129
6.75			-0.132878
6.78333			-0.132629
6.81667			-0.132382
6.85			-0.132138
6.88333			-0.131897
6.91667			-0.131657
6.95			-0.13142
6.98333			-0.131186
7.01667			-0.130953
7.05			-0.130723
7.08333			-0.130495
7.11667			-0.130269
7.15			-0.130046
7.18333			-0.129824
7.21667			-0.129605
7.25			-0.129387
7.28333			-0.129172
7.31667			-0.128959
7.35			-0.128747
7.38333			-0.128538
7.41667			-0.12833
7.45			-0.128124
7.48333			-0.127921
7.51667			-0.127719
7.55			-0.127518
7.58333			-0.12732
7.61667			-0.127123
7.65			-0.126929
7.68333			-0.126735
7.71667			-0.126544
7.75			-0.126354
7.78333			-0.126166
7.81667			-0.12598
7.85			-0.125795
7.88333			-0.125611
7.91667			-0.12543
7.95			-0.12525
7.98333			-0.125071
8.01667			-0.124894
8.05			-0.124718
8.08333			-0.124544
8.11667			-0.124371
8.15			-0.1242
8.18333			-0.12403
8.21667			-0.123862
8.25			-0.123694
8.28333			-0.123529
8.31667			-0.123364
8.35			-0.123201
8.38333			-0.12304
8.41667			-0.122879
8.45			-0.12272
8.48333			-0.122562
8.51667			-0.122406
8.55			-0.12225
8.58333			-0.122096
8.61667			-0.121943
8.65			-0.121791
8.68333			-0.121641
8.71667			-0.121492
8.75			-0.121343
8.78333			-0.121196
8.81667			-0.12105
8.85			-0.120905
8.88333			-0.120762
8.91667			-0.120619
8.95			-0.120478
8.98333			-0.120337
9.01667			-0.120198
9.05			-0.120059
9.08333			-0.119922
9.11667			-0.119786
9.15			-0.11965
9.18333			-0.119516
9.21667			-0.119383
9.25			-0.11925
9.28333			-0.119119
9.31667			-0.118988
9.35			-0.118859
9.38333			-0.11873
9.41667			-0.118603
9.45			-0.118476
9.48333			-0.11835
9.51667			-0.118225
9.55			-0.118101
9.58333			-0.117978
9.61667			-0.117856
9.65			-0.117734
9.68333			-0.117614
9.71667			-0.117494
9.75			-0.117375
9.78333			-0.117257
9.81667			-0.11714
9.85			-0.117023
9.88333			-0.116907
9.91667			-0.116792
9.95			-0.116678
9.98333			-0.116565
10.0167			-0.116452
10.05			-0.116341
10.0833			-0.11623
10.1167			-0.116119
10.15			-0.11601
10.1833			-0.115901
10.2167			-0.115793
10.25			-0.115685
10.2833			-0.115579
10.3167			-0.115473
10.35			-0.115367
10.3833			-0.115263
10.4167			-0.115159
10.45			-0.115055
10.4833			-0.114953
10.5167			-0.114851
10.55			-0.114749
10.5833			-0.114649
10.6167			-0.114549
10.65			-0.114449
10.6833			-0.114351
10.7167			-0.114253
10.75			-0.114155
10.7833			-0.114058
10.8167			-0.113962
10.85			-0.113866
10.8833			-0.113771
10.9167			-0.113677
10.95			-0.113583
10.9833			-0.113489
11.0167			-0.113396
11.05			-0.113304
11.0833			-0.113213
11.1167			-0.113122
11.15			-0.113031
11.1833			-0.112941
11.2167			-0.112852
11.25			-0.112763
11.2833			-0.112674
11.3167			-0.112586
11.35			-0.112499
11.3833			-0.112412
11.4167			-0.112326
11.45			-0.11224
11.4833			-0.112155
11.5167			-0.11207
11.55			-0.111986
11.5833			-0.111902
11.6167			-0.111819
11.65			-0.111736
11.6833			-0.111654
11.7167			-0.111572
11.75			-0.111491
11.7833			-0.11141
11.8167			-0.111329
11.85			-0.111249
11.8833			-0.11117
11.9167			-0.11109
11.95			-0.111012
11.9833			-0.110934
12.0167			-0.110856
12.05			-0.110779
12.0833			-0.110702
12.1167			-0.110625
12.15			-0.110549
12.1833			-0.110474
12.2167			-0.110398
12.25			-0.110324
12.2833			-0.110249
12.3167			-0.110175
12.35			-0.110102
12.3833			-0.110028
12.4167			-0.109956
12.45			-0.109883
12.4833			-0.109811
12.5167			-0.10974
12.55			-0.109669
12.5833			-0.109598
12.6167			-0.109527
12.65			-0.109457
12.6833			-0.109388
12.7167			-0.109318
12.75			-0.109249
12.7833			-0.109181
12.8167			-0.109113
12.85			-0.109045
12.8833			-0.108977
12.9167			-0.10891
12.95			-0.108843
12.9833			-0.108777
13.0167			-0.108711
13.05			-0.108645
13.0833			-0.108579
13.1167			-0.108514
13.15			-0.10845
13.1833			-0.108385
13.2167			-0.108321
13.25			-0.108257
13.2833			-0.108194
13.3167			-0.108131
13.35			-0.108068
13.3833			-0.108005
13.4167			-0.107943
13.45			-0.107881
13.4833			-0.10782
13.5167			-0.107758
13.55			-0.107698
13.5833			-0.107637
13.6167			-0.107577
13.65			-0.107516
13.6833			-0.107457
13.7167			-0.107397
13.75			-0.107338
13.7833			-0.107279
13.8167			-0.107221
13.85			-0.107162
13.8833			-0.107104
13.9167			-0.107047
13.95			-0.106989
13.9833			-0.106932
14.0167			-0.106875
14.05			-0.106818
14.0833			-0.106762
14.1167			-0.106706
14.15			-0.10665
14.1833			-0.106595
14.2167			-0.106539
14.25			-0.106484
14.2833			-0.10643
14.3167			-0.106375
14.35			-0.106321
14.3833			-0.106267
14.4167			-0.106213
14.45			-0.10616
14.4833			-0.106106
14.5167			-0.106053
14.55			-0.106001
14.5833			-0.105948
14.6167			-0.105896
14.65			-0.105844
14.6833			-0.105792
14.7167			-0.10574
14.75			-0.105689
14.7833			-0.105638
14.8167			-0.105587
14.85			-0.105537
14.8833			-0.105486
14.9167			-0.105436
14.95			-0.105386
14.9833			-0.105336
15.0167			-0.105287
15.05			-0.105238
15.0833			-0.105189
15.1167			-0.10514
15.15			-0.105091
15.1833			-0.105043
15.2167			-0.104995
15.25			-0.104947
15.2833			-0.104899
15.3167			-0.104851
15.35			-0.104804
15.3833			-0.104757
15.4167			-0.10471
15.45			-0.104663
15.4833			-0.104617
15.5167			-0.10457
15.55			-0.104524
15.5833			-0.104478
15.6167			-0.104433
15.65			-0.104387
15.6833			-0.104342
15.7167			-0.104297
15.75			-0.104252
15.7833			-0.104207
15.8167			-0.104163
15.85			-0.104118
15.8833			-0.104074
15.9167			-0.10403
15.95			-0.103986
15.9833			-0.103943
16.0167			-0.103899
16.05			-0.103856
16.0833			-0.103813
16.1167			-0.10377
16.15			-0.103727
16.1833			-0.103685
16.2167			-0.103643
16.25			-0.1036
16.2833			-0.103558
16.3167			-0.103517
16.35			-0.103475
16.3833			-0.103433
16.4167			-0.103392
16.45			-0.103351
16.4833			-0.10331
16.5167			-0.103269
16.55			-0.103229
16.5833			-0.103188
16.6167			-0.103148
16.65			-0.103108
16.6833			-0.103068
16.7167			-0.103028
16.75			-0.102988
16.7833			-0.102949
16.8167			-0.102909
16.85			-0.10287
16.8833			-0.102831
16.9167			-0.102792
16.95			-0.102753
16.9833			-0.102715
17.0167			-0.102676
17.05			-0.102638
17.0833			-0.1026
17.1167			-0.102562
17.15			-0.102524
17.1833			-0.102487
17.2167			-0.102449
17.25			-0.102412
17.2833			-0.102375
17.3167			-0.102337
17.35			-0.102301
17.3833			-0.102264
17.4167			-0.102227
17.45			-0.102191
17.4833			-0.102154
17.5167			-0.102118
17.55			-0.102082
17.5833			-0.102046
17.6167			-0.10201
17.65			-0.101974
17.6833			-0.101939
17.7167			-0.101904
17.75			-0.101868
17.7833			-0.101833
17.8167			-0.101798
17.85			-0.101763
17.8833			-0.101728
17.9167			-0.101694
17.95			-0.101659
17.9833			-0.101625
18.0167			-0.101591
18.05			-0.101557
18.0833			-0.101523
18.1167			-0.101489
18.15			-0.101455
18.1833			-0.101422
18.2167			-0.101388
18.25			-0.101355
18.2833			-0.101322
18.3167			-0.101288
18.35			-0.101255
18.3833			-0.101223
18.4167			-0.10119
18.45			-0.101157
18.4833			-0.101125
18.5167			-0.101092
18.55			-0.10106
18.5833			-0.101028
18.6167			-0.100996
18.65			-0.100964
18.6833			-0.100932
18.7167			-0.100901
18.75			-0.100869
18.7833			-0.100838
18.8167			-0.100806
18.85			-0.100775
18.8833			-0.100744
18.9167			-0.100713
18.95			-0.100682
18.9833			-0.100651
19.0167			-0.10062
19.05			-0.10059
19.0833			-0.100559
19.1167			-0.100529
19.15			-0.100499
19.1833			-0.100469
19.2167			-0.100439
19.25			-0.100409
19.2833			-0.100379
19.3167			-0.100349
19.35			-0.10032
19.3833			-0.10029
19.4167			-0.100261
19.45			-0.100231
19.4833			-0.100202
19.5167			-0.100173
19.55			-0.100144
19.5833			-0.100115
19.6167			-0.100086
19.65			-0.100057
19.6833			-0.100029
19.7167			-0.1
19.75			-0.0999719
19.7833			-0.0999436
19.8167			-0.0999153
19.85			-0.0998872
19.8833			-0.0998592
19.9167			-0.0998312
19.95			-0.0998034
19.9833			-0.0997756
20.0167			-0.099748
20.05			-0.0997204
20.0833			-0.0996929
20.1167			-0.0996655
20.15			-0.0996382
20.1833			-0.099611
20.2167			-0.0995839
20.25			-0.0995569
20.2833			-0.09953
20.3167			-0.0995031
20.35			-0.0994764
20.3833			-0.0994497
20.4167			-0.0994231
20.45			-0.0993966
20.4833			-0.0993702
20.5167			-0.0993439
20.55			-0.0993177
20.5833			-0.0992915
20.6167			-0.0992655
20.65			-0.0992395
20.6833			-0.0992136
20.7167			-0.0991878
20.75			-0.0991621
20.7833			-0.0991364
20.8167			-0.0991109
20.85			-0.0990854
20.8833			-0.09906
20.9167			-0.0990347
20.95			-0.0990095
20.9833			-0.0989843
21.0167			-0.0989593
21.05			-0.0989343
21.0833			-0.0989094
21.1167			-0.0988845
21.15			-0.0988598
21.1833			-0.0988351
21.2167			-0.0988105
21.25			-0.098786
21.2833			-0.0987616
21.3167			-0.0987372
21.35			-0.0987129
21.3833			-0.0986887
21.4167			-0.0986646
21.45			-0.0986405
21.4833			-0.0986166
21.5167			-0.0985927
21.55			-0.0985688
21.5833			-0.0985451
21.6167			-0.0985214
21.65			-0.0984978
21.6833			-0.0984742
21.7167			-0.0984508
21.75			-0.0984274
21.7833			-0.0984041
21.8167			-0.0983808
21.85			-0.0983576
21.8833			-0.0983345
21.9167			-0.0983115
21.95			-0.0982886
21.9833			-0.0982657
22.0167			-0.0982428
22.05			-0.0982201
22.0833			-0.0981974
22.1167			-0.0981748
22.15			-0.0981522
22.1833			-0.0981298
22.2167			-0.0981074
22.25			-0.098085
22.2833			-0.0980627
22.3167			-0.0980405
22.35			-0.0980184
22.3833			-0.0979963
22.4167			-0.0979743
22.45			-0.0979524
22.4833			-0.0979305
22.5167			-0.0979087
22.55			-0.097887
22.5833			-0.0978653
22.6167			-0.0978437
22.65			-0.0978221
22.6833			-0.0978006
22.7167			-0.0977792
22.75			-0.0977578
22.7833			-0.0977365
22.8167			-0.0977153
22.85			-0.0976941
22.8833			-0.097673
22.9167			-0.097652
22.95			-0.097631
22.9833			-0.0976101
23.0167			-0.0975892
23.05			-0.0975684
23.0833			-0.0975477
23.1167			-0.097527
23.15			-0.0975063
23.1833			-0.0974858
23.2167			-0.0974653
23.25			-0.0974448
23.2833			-0.0974245
23.3167			-0.0974041
23.35			-0.0973839
23.3833			-0.0973637
23.4167			-0.0973435
23.45			-0.0973234
23.4833			-0.0973034
23.5167			-0.0972834
23.55			-0.0972635
23.5833			-0.0972436
23.6167			-0.0972238
23.65			-0.0972041
23.6833			-0.0971844
23.7167			-0.0971647
23.75			-0.0971451
23.7833			-0.0971256
23.8167			-0.0971061
23.85			-0.0970867
23.8833			-0.0970673
23.9167			-0.097048
23.95			-0.0970288
23.9833			-0.0970096
24.0167			-0.0969904
24.05			-0.0969713
24.0833			-0.0969523
24.1167			-0.0969333
24.15			-0.0969144
24.1833			-0.0968955
24.2167			-0.0968767
24.25			-0.0968579
24.2833			-0.0968392
24.3167			-0.0968205
24.35			-0.0968019
24.3833			-0.0967833
24.4167			-0.0967648
24.45			-0.0967463
24.4833			-0.0967279
24.5167			-0.0967095
24.55			-0.0966912
24.5833			-0.0966729
24.6167			-0.0966547
24.65			-0.0966365
24.6833			-0.0966184
24.7167			-0.0966004
24.75			-0.0965823
24.7833			-0.0965644
24.8167			-0.0965464
24.85			-0.0965286
24.8833			-0.0965107
24.9167			-0.096493
24.95			-0.0964752
24.9833			-0.0964576
25.0167			-0.0964399
25.05			-0.0964223
25.0833			-0.0964048
25.1167			-0.0963873
25.15			-0.0963699
25.1833			-0.0963525
25.2167			-0.0963351
25.25			-0.0963178
25.2833			-0.0963005
25.3167			-0.0962833
25.35			-0.0962661
25.3833			-0.096249
25.4167			-0.0962319
25.45			-0.0962149
25.4833			-0.0961979
25.5167			-0.096181
25.55			-0.0961641
25.5833			-0.0961472
25.6167			-0.0961304
25.65			-0.0961136
25.6833			-0.0960969
25.7167			-0.0960802
25.75			-0.0960636
25.7833			-0.096047
25.8167			-0.0960305
25.85			-0.0960139
25.8833			-0.0959975
25.9167			-0.0959811
25.95			-0.0959647
25.9833			-0.0959483
26.0167			-0.0959321
26.05			-0.0959158
26.0833			-0.0958996
26.1167			-0.0958834
26.15			-0.0958673
26.1833			-0.0958512
26.2167			-0.0958352
26.25			-0.0958192
26.2833			-0.0958032
26.3167			-0.0957873
26.35			-0.0957714
26.3833			-0.0957556
26.4167			-0.0957398
26.45			-0.095724
26.4833			-0.0957083
26.5167			-0.0956926
26.55			-0.0956769
26.5833			-0.0956613
26.6167			-0.0956458
26.65			-0.0956303
26.6833			-0.0956148
26.7167			-0.0955993
26.75			-0.0955839
26.7833			-0.0955686
26.8167			-0.0955532
26.85			-0.0955379
26.8833			-0.0955227
26.9167			-0.0955075
26.95			-0.0954923
26.9833			-0.0954772
27.0167			-0.0954621
27.05			-0.095447
27.0833			-0.095432
27.1167			-0.095417
27.15			-0.095402
27.1833			-0.0953871
27.2167			-0.0953722
27.25			-0.0953574
27.2833			-0.0953426
27.3167			-0.0953278
27.35			-0.0953131
27.3833			-0.0952984
27.4167			-0.0952837
27.45			-0.0952691
27.4833			-0.0952545
27.5167			-0.09524
27.55			-0.0952254
27.5833			-0.095211
27.6167			-0.0951965
27.65			-0.0951821
27.6833			-0.0951677
27.7167			-0.0951534
27.75			-0.0951391
27.7833			-0.0951248
27.8167			-0.0951106
27.85			-0.0950964
27.8833			-0.0950822
27.9167			-0.0950681
27.95			-0.095054
27.9833			-0.0950399
28.0167			-0.0950259
28.05			-0.0950119
28.0833			-0.0949979
28.1167			-0.094984
28.15			-0.0949701
28.1833			-0.0949562
28.2167			-0.0949424
28.25			-0.0949286
28.2833			-0.0949148
28.3167			-0.0949011
28.35			-0.0948873
28.3833			-0.0948737
28.4167			-0.09486
28.45			-0.0948464
28.4833			-0.0948329
28.5167			-0.0948193
28.55			-0.0948058
28.5833			-0.0947923
28.6167			-0.0947789
28.65			-0.0947655
28.6833			-0.0947521
28.7167			-0.0947387
28.75			-0.0947254
28.7833			-0.0947121
28.8167			-0.0946989
28.85			-0.0946856
28.8833			-0.0946724
28.9167			-0.0946593
28.95			-0.0946461
28.9833			-0.094633
29.0167			-0.0946199
29.05			-0.0946069
29.0833			-0.0945939
29.1167			-0.0945809
29.15			-0.0945679
29.1833			-0.094555
29.2167			-0.0945421
29.25			-0.0945292
29.2833			-0.0945164
29.3167			-0.0945036
29.35			-0.0944908
29.3833			-0.0944781
29.4167			-0.0944653
29.45			-0.0944527
29.4833			-0.09444
29.5167			-0.0944274
29.55			-0.0944148
29.5833			-0.0944022
29.6167			-0.0943896
29.65			-0.0943771
29.6833			-0.0943646
29.7167			-0.0943522
29.75			-0.0943397
29.7833			-0.0943273
29.8167			-0.0943149
29.85			-0.0943026
29.8833			-0.0942903
29.9167			-0.094278
29.95			-0.0942657
29.9833			-0.0942535
30.0167			-0.0942412
30.05			-0.0942291
30.0833			-0.0942169
30.1167			-0.0942048
30.15			-0.0941927
30.1833			-0.0941806
30.2167			-0.0941685
30.25			-0.0941565
30.2833			-0.0941445
30.3167			-0.0941325
30.35			-0.0941206
30.3833			-0.0941087
30.4167			-0.0940968
30.45			-0.0940849
30.4833			-0.0940731
30.5167			-0.0940613
30.55			-0.0940495
30.5833			-0.0940377
30.6167			-0.094026
30.65			-0.0940143
30.6833			-0.0940026
30.7167			-0.0939909
30.75			-0.0939793
30.7833			-0.0939677
30.8167			-0.0939561
30.85			-0.0939445
30.8833			-0.093933
30.9167			-0.0939215
30.95			-0.09391
30.9833			-0.0938986
31.0167			-0.0938871
31.05			-0.0938757
31.0833			-0.0938643
31.1167			-0.093853
31.15			-0.0938416
31.1833			-0.0938303
31.2167			-0.0938191
31.25			-0.0938078
31.2833			-0.0937966
31.3167			-0.0937853
31.35			-0.0937741
31.3833			-0.093763
31.4167			-0.0937518
31.45			-0.0937407
31.4833			-0.0937296
31.5167			-0.0937186
31.55			-0.0937075
31.5833			-0.0936965
31.6167			-0.0936855
31.65			-0.0936745
31.6833			-0.0936636
31.7167			-0.0936526
31.75			-0.0936417
31.7833			-0.0936308
31.8167			-0.09362
31.85			-0.0936091
31.8833			-0.0935983
31.9167			-0.0935875
31.95			-0.0935768
31.9833			-0.093566
32.0167			-0.0935553
32.05			-0.0935446
32.0833			-0.0935339
32.1167			-0.0935232
32.15			-0.0935126
32.1833			-0.093502
32.2167			-0.0934914
32.25			-0.0934808
32.2833			-0.0934703
32.3167			-0.0934598
32.35			-0.0934493
32.3833			-0.0934388
32.4167			-0.0934283
32.45			-0.0934179
32.4833			-0.0934075
32.5167			-0.0933971
32.55			-0.0933867
32.5833			-0.0933763
32.6167			-0.093366
32.65			-0.0933557
32.6833			-0.0933454
32.7167			-0.0933351
32.75			-0.0933249
32.7833			-0.0933147
32.8167			-0.0933045
32.85			-0.0932943
32.8833			-0.0932841
32.9167			-0.093274
32.95			-0.0932638
32.9833			-0.0932537
33.0167			-0.0932437
33.05			-0.0932336
33.0833			-0.0932236
33.1167			-0.0932135
33.15			-0.0932035
33.1833			-0.0931936
33.2167			-0.0931836
33.25			-0.0931737
33.2833			-0.0931637
33.3167			-0.0931538
33.35			-0.093144
33.3833			-0.0931341
33.4167			-0.0931243
33.45			-0.0931144
33.4833			-0.0931046
33.5167			-0.0930949
33.55			-0.0930851
33.5833			-0.0930754
33.6167			-0.0930656
33.65			-0.0930559
33.6833			-0.0930463
33.7167			-0.0930366
33.75			-0.0930269
33.7833			-0.0930173
33.8167			-0.0930077
33.85			-0.0929981
33.8833			-0.0929886
33.9167			-0.092979
33.95			-0.0929695
33.9833			-0.09296
34.0167			-0.0929505
34.05			-0.092941
34.0833			-0.0929315
34.1167			-0.0929221
34.15			-0.0929127
34.1833			-0.0929033
34.2167			-0.0928939
34.25			-0.0928845
34.2833			-0.0928752
34.3167			-0.0928659
34.35			-0.0928566
34.3833			-0.0928473
34.4167			-0.092838
34.45			-0.0928287
34.4833			-0.0928195
34.5167			-0.0928103
34.55			-0.0928011
34.5833			-0.0927919
34.6167			-0.0927827
34.65			-0.0927736
34.6833			-0.0927645
34.7167			-0.0927554
34.75			-0.0927463
34.7833			-0.0927372
34.8167			-0.0927281
34.85			-0.0927191
34.8833			-0.0927101
34.9167			-0.092701
34.95			-0.0926921
34.9833			-0.0926831
35.0167			-0.0926741
35.05			-0.0926652
35.0833			-0.0926563
35.1167			-0.0926474
35.15			-0.0926385
35.1833			-0.0926296
35.2167			-0.0926208
35.25			-0.0926119
35.2833			-0.0926031
35.3167			-0.0925943
35.35			-0.0925855
35.3833			-0.0925767
35.4167			-0.092568
35.45			-0.0925593
35.4833			-0.0925505
35.5167			-0.0925418
35.55			-0.0925331
35.5833			-0.0925245
35.6167			-0.0925158
35.65			-0.0925072
35.6833			-0.0924986
35.7167			-0.09249
35.75			-0.0924814
35.7833			-0.0924728
35.8167			-0.0924642
35.85			-0.0924557
35.8833			-0.0924472
35.9167			-0.0924387
35.95			-0.0924302
35.9833			-0.0924217
36.0167			-0.0924132
36.05			-0.0924048
36.0833			-0.0923963
36.1167			-0.0923879
36.15			-0.0923795
36.1833			-0.0923711
36.2167			-0.0923628
36.25			-0.0923544
36.2833			-0.0923461
36.3167			-0.0923378
36.35			-0.0923295
36.3833			-0.0923212
36.4167			-0.0923129
36.45			-0.0923046
36.4833			-0.0922964
36.5167			-0.0922882
36.55			-0.0922799
36.5833			-0.0922717
36.6167			-0.0922636
36.65			-0.0922554
36.6833			-0.0922472
36.7167			-0.0922391
36.75			-0.092231
36.7833			-0.0922229
36.8167			-0.0922148
36.85			-0.0922067
36.8833			-0.0921986
36.9167			-0.0921906
36.95			-0.0921825
36.9833			-0.0921745
37.0167			-0.0921665
37.05			-0.0921585
37.0833			-0.0921505
37.1167			-0.0921426
37.15			-0.0921346
37.1833			-0.0921267
37.2167			-0.0921187
37.25			-0.0921108
37.2833			-0.0921029
37.3167			-0.0920951
37.35			-0.0920872
37.3833			-0.0920793
37.4167			-0.0920715
37.45			-0.0920637
37.4833			-0.0920559
37.5167			-0.0920481
37.55			-0.0920403
37.5833			-0.0920325
37.6167			-0.0920248
37.65			-0.092017
37.6833			-0.0920093
37.7167			-0.0920016
37.75			-0.0919939
37.7833			-0.0919862
37.8167			-0.0919786
37.85			-0.0919709
37.8833			-0.0919633
37.9167			-0.0919556
37.95			-0.091948
37.9833			-0.0919404
38.0167			-0.0919328
38.05			-0.0919252
38.0833			-0.0919177
38.1167			-0.0919101
38.15			-0.0919026
38.1833			-0.0918951
38.2167			-0.0918876
38.25			-0.0918801
38.2833			-0.0918726
38.3167			-0.0918651
38.35			-0.0918576
38.3833			-0.0918502
38.4167			-0.0918428
38.45			-0.0918353
38.4833			-0.0918279
38.5167			-0.0918205
38.55			-0.0918132
38.5833			-0.0918058
38.6167			-0.0917984
38.65			-0.0917911
38.6833			-0.0917838
38.7167			-0.0917765
38.75			-0.0917692
38.7833			-0.0917619
38.8167			-0.0917546
38.85			-0.0917473
38.8833			-0.0917401
38.9167			-0.0917328
38.95			-0.0917256
38.9833			-0.0917184
39.0167			-0.0917112
39.05			-0.091704
39.0833			-0.0916968
39.1167			-0.0916896
39.15			-0.0916825
39.1833			-0.0916753
39.2167			-0.0916682
39.25			-0.0916611
39.2833			-0.091654
39.3167			-0.0916469
39.35			-0.0916398
39.3833			-0.0916327
39.4167			-0.0916257
39.45			-0.0916186
39.4833			-0.0916116
39.5167			-0.0916046
39.55			-0.0915976
39.5833			-0.0915906
39.6167			-0.0915836
39.65			-0.0915766
39.6833			-0.0915697
39.7167			-0.0915627
39.75			-0.0915558
39.7833			-0.0915488
39.8167			-0.0915419
39.85			-0.091535
39.8833			-0.0915281
39.9167			-0.0915212
39.95			-0.0915144
39.9833			-0.0915075
40.0167			-0.0915007
40.05			-0.0914938
40.0833			-0.091487
40.1167			-0.0914802
40.15			-0.0914734
40.1833			-0.0914666
40.2167			-0.0914598
40.25			-0.0914531
40.2833			-0.0914463
40.3167			-0.0914396
40.35			-0.0914328
40.3833			-0.0914261
40.4167			-0.0914194
40.45			-0.0914127
40.4833			-0.091406
40.5167			-0.0913993
40.55			-0.0913927
40.5833			-0.091386
40.6167			-0.0913794
40.65			-0.0913727
40.6833			-0.0913661
40.7167			-0.0913595
40.75			-0.0913529
40.7833			-0.0913463
40.8167			-0.0913397
40.85			-0.0913332
40.8833			-0.0913266
40.9167			-0.0913201
40.95			-0.0913135
40.9833			-0.091307
41.0167			-0.0913005
41.05			-0.091294
41.0833			-0.0912875
41.1167			-0.091281
41.15			-0.0912745
41.1833			-0.0912681
41.2167			-0.0912616
41.25			-0.0912552
41.2833			-0.0912488
41.3167			-0.0912423
41.35			-0.0912359
41.3833			-0.0912295
41.4167			-0.0912231
41.45			-0.0912168
41.4833			-0.0912104
41.5167			-0.091204
41.55			-0.0911977
41.5833			-0.0911913
41.6167			-0.091185
41.65			-0.0911787
41.6833			-0.0911724
41.7167			-0.0911661
41.75			-0.0911598
41.7833			-0.0911535
41.8167			-0.0911473
41.85			-0.091141
41.8833			-0.0911348
41.9167			-0.0911285
41.95			-0.0911223
41.9833			-0.0911161
42.0167			-0.0911099
42.05			-0.0911037
42.0833			-0.0910975
42.1167			-0.0910913
42.15			-0.0910852
42.1833			-0.091079
42.2167			-0.0910729
42.25			-0.0910667
42.2833			-0.0910606
42.3167			-0.0910545
42.35			-0.0910484
42.3833			-0.0910423
42.4167			-0.0910362
42.45			-0.0910301
42.4833			-0.091024
42.5167			-0.091018
42.55			-0.0910119
42.5833			-0.0910059
42.6167			-0.0909998
42.65			-0.0909938
42.6833			-0.0909878
42.7167			-0.0909818
42.75			-0.0909758
42.7833			-0.0909698
42.8167			-0.0909638
42.85			-0.0909579
42.8833			-0.0909519
42.9167			-0.090946
42.95			-0.09094
42.9833			-0.0909341
43.0167			-0.0909282
43.05			-0.0909223
43.0833			-0.0909164
43.1167			-0.0909105
43.15			-0.0909046
43.1833			-0.0908987
43.2167			-0.0908929
43.25			-0.090887
43.2833			-0.0908812
43.3167			-0.0908753
43.35			-0.0908695
43.3833			-0.0908637
43.4167			-0.0908579
43.45			-0.0908521
43.4833			-0.0908463
43.5167			-0.0908405
43.55			-0.0908347
43.5833			-0.0908289
43.6167			-0.0908232
43.65			-0.0908174
43.6833			-0.0908117
43.7167			-0.090806
43.75			-0.0908002
43.7833			-0.0907945
43.8167			-0.0907888
43.85			-0.0907831
43.8833			-0.0907774
43.9167			-0.0907718
43.95			-0.0907661
43.9833			-0.0907604
44.0167			-0.0907548
44.05			-0.0907491
44.0833			-0.0907435
44.1167			-0.0907379
44.15			-0.0907323
44.1833			-0.0907266
44.2167			-0.090721
44.25			-0.0907154
44.2833			-0.0907099
44.3167			-0.0907043
44.35			-0.0906987
44.3833			-0.0906932
44.4167			-0.0906876
44.45			-0.0906821
44.4833			-0.0906765
44.5167			-0.090671
44.55			-0.0906655
44.5833			-0.09066
44.6167			-0.0906545
44.65			-0.090649
44.6833			-0.0906435
44.7167			-0.090638
44.75			-0.0906326
44.7833			-0.0906271
44.8167			-0.0906217
44.85			-0.0906162
44.8833			-0.0906108
44.9167			-0.0906053
44.95			-0.0905999
44.9833			-0.0905945
45.0167			-0.0905891
45.05			-0.0905837
45.0833			-0.0905783
45.1167			-0.090573
45.15			-0.0905676
45.1833			-0.0905622
45.2167			-0.0905569
45.25			-0.0905515
45.2833			-0.0905462
45.3167			-0.0905408
45.35			-0.0905355
45.3833			-0.0905302
45.4167			-0.0905249
45.45			-0.0905196
45.4833			-0.0905143
45.5167			-0.090509
45.55			-0.0905037
45.5833			-0.0904985
45.6167			-0.0904932
45.65			-0.090488
45.6833			-0.0904827
45.7167			-0.0904775
45.75			-0.0904722
45.7833			-0.090467
45.8167			-0.0904618
45.85			-0.0904566
45.8833			-0.0904514
45.9167			-0.0904462
45.95			-0.090441
45.9833			-0.0904359
46.0167			-0.0904307
46.05			-0.0904255
46.0833			-0.0904204
46.1167			-0.0904152
46.15			-0.0904101
46.1833			-0.0904049
46.2167			-0.0903998
46.25			-0.0903947
46.2833			-0.0903896
46.3167			-0.0903845
46.35			-0.0903794
46.3833			-0.0903743
46.4167			-0.0903692
46.45			-0.0903642
46.4833			-0.0903591
46.5167			-0.090354
46.55			-0.090349
46.5833			-0.0903439
46.6167			-0.0903389
46.65			-0.0903339
46.6833			-0.0903288
46.7167			-0.0903238
46.75			-0.0903188
46.7833			-0.0903138
46.8167			-0.0903088
46.85			-0.0903038
46.8833			-0.0902989
46.9167			-0.0902939
46.95			-0.0902889
46.9833			-0.090284
47.0167			-0.090279
47.05			-0.0902741
47.0833			-0.0902691
47.1167			-0.0902642
47.15			-0.0902593
47.1833			-0.0902544
47.2167			-0.0902495
47.25			-0.0902446
47.2833			-0.0902397
47.3167			-0.0902348
47.35			-0.0902299
47.3833			-0.090225
47.4167			-0.0902202
47.45			-0.0902153
47.4833			-0.0902104
47.5167			-0.0902056
47.55			-0.0902008
47.5833			-0.0901959
47.6167			-0.0901911
47.65			-0.0901863
47.6833			-0.0901815
47.7167			-0.0901767
47.75			-0.0901719
47.7833			-0.0901671
47.8167			-0.0901623
47.85			-0.0901575
47.8833			-0.0901527
47.9167			-0.090148
47.95			-0.0901432
47.9833			-0.0901385
48.0167			-0.0901337
48.05			-0.090129
48.0833			-0.0901242
48.1167			-0.0901195
48.15			-0.0901148
48.1833			-0.0901101
48.2167			-0.0901054
48.25			-0.0901007
48.2833			-0.090096
48.3167			-0.0900913
48.35			-0.0900866
48.3833			-0.0900819
48.4167			-0.0900773
48.45			-0.0900726
48.4833			-0.090068
48.5167			-0.0900633
48.55			-0.0900587
48.5833			-0.090054
48.6167			-0.0900494
48.65			-0.0900448
48.6833			-0.0900402
48.7167			-0.0900355
48.75			-0.0900309
48.7833			-0.0900263
48.8167			-0.0900218
48.85			-0.0900172
48.8833			-0.0900126
48.9167			-0.090008
48.95			-0.0900035
48.9833			-0.0899989
49.0167			-0.0899943
49.05			-0.0899898
49.0833			-0.0899853
49.1167			-0.0899807
49.15			-0.0899762
49.1833			-0.0899717
49.2167			-0.0899672
49.25			-0.0899626
49.2833			-0.0899581
49.3167			-0.0899536
49.35			-0.0899492
49.3833			-0.0899447
49.4167			-0.0899402
49.45			-0.0899357
49.4833			-0.0899312
49.5167			-0.0899268
49.55			-0.0899223
49.5833			-0.0899179
49.6167			-0.0899134
49.65			-0.089909
49.6833			-0.0899046
49.7167			-0.0899001
49.75			-0.0898957
49.7833			-0.0898913
49.8167			-0.0898869
49.85			-0.0898825
49.8833			-0.0898781
49.9167			-0.0898737
49.95			-0.0898693
49.9833			-0.089865
50.0167			-0.0898606
50.05			-0.0898562
50.0833			-0.0898519
50.1167			-0.0898475
50.15			-0.0898431
50.1833			-0.0898388
50.2167			-0.0898345
50.25			-0.0898301
50.2833			-0.0898258
50.3167			-0.0898215
50.35			-0.0898172
50.3833			-0.0898129
50.4167			-0.0898086
50.45			-0.0898043
50.4833			-0.0898
50.5167			-0.0897957
50.55			-0.0897914
50.5833			-0.0897871
50.6167			-0.0897829
50.65			-0.0897786
50.6833			-0.0897743
50.7167			-0.0897701
50.75			-0.0897659
50.7833			-0.0897616
50.8167			-0.0897574
50.85			-0.0897531
50.8833			-0.0897489
50.9167			-0.0897447
50.95			-0.0897405
50.9833			-0.0897363
51.0167			-0.0897321
51.05			-0.0897279
51.0833			-0.0897237
51.1167			-0.0897195
51.15			-0.0897153
51.1833			-0.0897112
51.2167			-0.089707
51.25			-0.0897028
51.2833			-0.0896987
51.3167			-0.0896945
51.35			-0.0896904
51.3833			-0.0896862
51.4167			-0.0896821
51.45			-0.089678
51.4833			-0.0896738
51.5167			-0.0896697
51.55			-0.0896656
51.5833			-0.0896615
51.6167			-0.0896574
51.65			-0.0896533
51.6833			-0.0896492
51.7167			-0.0896451
51.75			-0.089641
51.7833			-0.0896369
51.8167			-0.0896329
51.85			-0.0896288
51.8833			-0.0896247
51.9167			-0.0896207
51.95			-0.0896166
51.9833			-0.0896126
52.0167			-0.0896085
52.05			-0.0896045
52.0833			-0.0896005
52.1167			-0.0895965
52.15			-0.0895924
52.1833			-0.0895884
52.2167			-0.0895844
52.25			-0.0895804
52.2833			-0.0895764
52.3167			-0.0895724
52.35			-0.0895684
52.3833			-0.0895644
52.4167			-0.0895605
52.45			-0.0895565
52.4833			-0.0895525
52.5167			-0.0895485
52.55			-0.0895446
52.5833			-0.0895406
52.6167			-0.0895367
52.65			-0.0895327
52.6833			-0.0895288
52.7167			-0.0895249
52.75			-0.0895209
52.7833			-0.089517
52.8167			-0.0895131
52.85			-0.0895092
52.8833			-0.0895053
52.9167			-0.0895014
52.95			-0.0894975
52.9833			-0.0894936
53.0167			-0.0894897
53.05			-0.0894858
53.0833			-0.0894819
53.1167			-0.089478
53.15			-0.0894742
53.1833			-0.0894703
53.2167			-0.0894665
53.25			-0.0894626
53.2833			-0.0894587
53.3167			-0.0894549
53.35			-0.0894511
53.3833			-0.0894472
53.4167			-0.0894434
53.45			-0.0894396
53.4833			-0.0894357
53.5167			-0.0894319
53.55			-0.0894281
53.5833			-0.0894243
53.6167			-0.0894205
53.65			-0.0894167
53.6833			-0.0894129
53.7167			-0.0894091
53.75			-0.0894053
53.7833			-0.0894016
53.8167			-0.0893978
53.85			-0.089394
53.8833			-0.0893903
53.9167			-0.0893865
53.95			-0.0893827
53.9833			-0.089379
54.0167			-0.0893752
54.05			-0.0893715
54.0833			-0.0893678
54.1167			-0.089364
54.15			-0.0893603
54.1833			-0.0893566
54.2167			-0.0893529
54.25			-0.0893492
54.2833			-0.0893454
54.3167			-0.0893417
54.35			-0.089338
54.3833			-0.0893343
54.4167			-0.0893307
54.45			-0.089327
54.4833			-0.0893233
54.5167			-0.0893196
54.55			-0.0893159
54.5833			-0.0893123
54.6167			-0.0893086
54.65			-0.0893049
54.6833			-0.0893013
54.7167			-0.0892976
54.75			-0.089294
54.7833			-0.0892904
54.8167			-0.0892867
54.85			-0.0892831
54.8833			-0.0892795
54.9167			-0.0892758
54.95			-0.0892722
54.9833			-0.0892686
55.0167			-0.089265
55.05			-0.0892614
55.0833			-0.0892578
55.1167			-0.0892542
55.15			-0.0892506
55.1833			-0.089247
55.2167			-0.0892434
55.25			-0.0892398
55.2833			-0.0892363
55.3167			-0.0892327
55.35			-0.0892291
55.3833			-0.0892256
55.4167			-0.089222
55.45			-0.0892184
55.4833			-0.0892149
55.5167			-0.0892114
55.55			-0.0892078
55.5833			-0.0892043
55.6167			-0.0892007
55.65			-0.0891972
55.6833			-0.0891937
55.7167			-0.0891902
55.75			-0.0891867
55.7833			-0.0891831
55.8167			-0.0891796
55.85			-0.0891761
55.8833			-0.0891726
55.9167			-0.0891691
55.95			-0.0891656
55.9833			-0.0891622
56.0167			-0.0891587
56.05			-0.0891552
56.0833			-0.0891517
56.1167			-0.0891483
56.15			-0.0891448
56.1833			-0.0891413
56.2167			-0.0891379
56.25			-0.0891344
56.2833			-0.089131
56.3167			-0.0891275
56.35			-0.0891241
56.3833			-0.0891206
56.4167			-0.0891172
56.45			-0.0891138
56.4833			-0.0891104
56.5167			-0.0891069
56.55			-0.0891035
56.5833			-0.0891001
56.6167			-0.0890967
56.65			-0.0890933
56.6833			-0.0890899
56.7167			-0.0890865
56.75			-0.0890831
56.7833			-0.0890797
56.8167			-0.0890763
56.85			-0.089073
56.8833			-0.0890696
56.9167			-0.0890662
56.95			-0.0890628
56.9833			-0.0890595
57.0167			-0.0890561
57.05			-0.0890528
57.0833			-0.0890494
57.1167			-0.0890461
57.15			-0.0890427
57.1833			-0.0890394
57.2167			-0.089036
57.25			-0.0890327
57.2833			-0.0890294
57.3167			-0.089026
57.35			-0.0890227
57.3833			-0.0890194
57.4167			-0.0890161
57.45			-0.0890128
57.4833			-0.0890095
57.5167			-0.0890062
57.55			-0.0890029
57.5833			-0.0889996
57.6167			-0.0889963
57.65			-0.088993
57.6833			-0.0889897
57.7167			-0.0889864
57.75			-0.0889832
57.7833			-0.0889799
57.8167			-0.0889766
57.85			-0.0889734
57.8833			-0.0889701
57.9167			-0.0889668
57.95			-0.0889636
57.9833			-0.0889603
58.0167			-0.0889571
58.05			-0.0889538
58.0833			-0.0889506
58.1167			-0.0889474
58.15			-0.0889441
58.1833			-0.0889409
58.2167			-0.0889377
58.25			-0.0889345
58.2833			-0.0889313
58.3167			-0.0889281
58.35			-0.0889248
58.3833			-0.0889216
58.4167			-0.0889184
58.45			-0.0889152
58.4833			-0.088912
58.5167			-0.0889089
58.55			-0.0889057
58.5833			-0.0889025
58.6167			-0.0888993
58.65			-0.0888961
58.6833			-0.088893
58.7167			-0.0888898
58.75			-0.0888866
58.7833			-0.0888835
58.8167			-0.0888803
58.85			-0.0888772
58.8833			-0.088874
58.9167			-0.0888709
58.95			-0.0888677
58.9833			-0.0888646
59.0167			-0.0888614
59.05			-0.0888583
59.0833			-0.0888552
59.1167			-0.0888521
59.15			-0.0888489
59.1833			-0.0888458
59.2167			-0.0888427
59.25			-0.0888396
59.2833			-0.0888365
59.3167			-0.0888334
59.35			-0.0888303
59.3833			-0.0888272
59.4167			-0.0888241
59.45			-0.088821
59.4833			-0.0888179
59.5167			-0.0888148
59.55			-0.0888117
59.5833			-0.0888087
59.6167			-0.0888056
59.65			-0.0888025
59.6833			-0.0887995
59.7167			-0.0887964
59.75			-0.0887933
59.7833			-0.0887903
59.8167			-0.0887872
59.85			-0.0887842
59.8833			-0.0887811
59.9167			-0.0887781
59.95			-0.0887751
59.9833			-0.088772
60.0167			-0.088769
60.05			-0.088766
60.0833			-0.0887629
60.1167			-0.0887599
60.15			-0.0887569
60.1833			-0.0887539
60.2167			-0.0887509
60.25			-0.0887479
60.2833			-0.0887449
60.3167			-0.0887419
60.35			-0.0887389
60.3833			-0.0887359
60.4167			-0.0887329
60.45			-0.0887299
60.4833			-0.0887269
60.5167			-0.0887239
60.55			-0.0887209
60.5833			-0.088718
60.6167			-0.088715
60.65			-0.088712
60.6833			-0.0887091
60.7167			-0.0887061
60.75			-0.0887031
60.7833			-0.0887002
60.8167			-0.0886972
60.85			-0.0886943
60.8833			-0.0886913
60.9167			-0.0886884
60.95			-0.0886854
60.9833			-0.0886825
61.0167			-0.0886796
61.05			-0.0886767
61.0833			-0.0886737
61.1167			-0.0886708
61.15			-0.0886679
61.1833			-0.088665
61.2167			-0.088662
61.25			-0.0886591
61.2833			-0.0886562
61.3167			-0.0886533
61.35			-0.0886504
61.3833			-0.0886475
61.4167			-0.0886446
61.45			-0.0886417
61.4833			-0.0886389
61.5167			-0.088636
61.55			-0.0886331
61.5833			-0.0886302
61.6167			-0.0886273
61.65			-0.0886245
61.6833			-0.0886216
61.7167			-0.0886187
61.75			-0.0886159
61.7833			-0.088613
61.8167			-0.0886101
61.85			-0.0886073
61.8833			-0.0886044
61.9167			-0.0886016
61.95			-0.0885987
61.9833			-0.0885959
62.0167			-0.0885931
62.05			-0.0885902
62.0833			-0.0885874
62.1167			-0.0885846
62.15			-0.0885817
62.1833			-0.0885789
62.2167			-0.0885761
62.25			-0.0885733
62.2833			-0.0885705
62.3167			-0.0885677
62.35			-0.0885648
62.3833			-0.088562
62.4167			-0.0885592
62.45			-0.0885564
62.4833			-0.0885536
62.5167			-0.0885508
62.55			-0.0885481
62.5833			-0.0885453
62.6167			-0.0885425
62.65			-0.0885397
62.6833			-0.0885369
62.7167			-0.0885341
62.75			-0.0885314
62.7833			-0.0885286
62.8167			-0.0885258
62.85			-0.0885231
62.8833			-0.0885203
62.9167			-0.0885176
62.95			-0.0885148
62.9833			-0.0885121
63.0167			-0.0885093
63.05			-0.0885066
63.0833			-0.0885038
63.1167			-0.0885011
63.15			-0.0884983
63.1833			-0.0884956
63.2167			-0.0884929
63.25			-0.0884901
63.2833			-0.0884874
63.3167			-0.0884847
63.35			-0.088482
63.3833			-0.0884793
63.4167			-0.0884765
63.45			-0.0884738
63.4833			-0.0884711
63.5167			-0.0884684
63.55			-0.0884657
63.5833			-0.088463
63.6167			-0.0884603
63.65			-0.0884576
63.6833			-0.0884549
63.7167			-0.0884522
63.75			-0.0884496
63.7833			-0.0884469
63.8167			-0.0884442
63.85			-0.0884415
63.8833			-0.0884388
63.9167			-0.0884362
63.95			-0.0884335
63.9833			-0.0884308
64.0167			-0.0884282
64.05			-0.0884255
64.0833			-0.0884228
64.1167			-0.0884202
64.15			-0.0884175
64.1833			-0.0884149
64.2167			-0.0884122
64.25			-0.0884096
64.2833			-0.088407
64.3167			-0.0884043
64.35			-0.0884017
64.3833			-0.0883991
64.4167			-0.0883964
64.45			-0.0883938
64.4833			-0.0883912
64.5167			-0.0883885
64.55			-0.0883859
64.5833			-0.0883833
64.6167			-0.0883807
64.65			-0.0883781
64.6833			-0.0883755
64.7167			-0.0883729
64.75			-0.0883703
64.7833			-0.0883677
64.8167			-0.0883651
64.85			-0.0883625
64.8833			-0.0883599
64.9167			-0.0883573
64.95			-0.0883547
64.9833			-0.0883521
65.0167			-0.0883495
65.05			-0.088347
65.0833			-0.0883444
65.1167			-0.0883418
65.15			-0.0883392
65.1833			-0.0883367
65.2167			-0.0883341
65.25			-0.0883315
65.2833			-0.088329
65.3167			-0.0883264
65.35			-0.0883239
65.3833			-0.0883213
65.4167			-0.0883188
65.45			-0.0883162
65.4833			-0.0883137
65.5167			-0.0883111
65.55			-0.0883086
65.5833			-0.088306
65.6167			-0.0883035
65.65			-0.088301
65.6833			-0.0882985
65.7167			-0.0882959
65.75			-0.0882934
65.7833			-0.0882909
65.8167			-0.0882884
65.85			-0.0882858
65.8833			-0.0882833
65.9167			-0.0882808
65.95			-0.0882783
65.9833			-0.0882758
66.0167			-0.0882733
66.05			-0.0882708
66.0833			-0.0882683
66.1167			-0.0882658
66.15			-0.0882633
66.1833			-0.0882608
66.2167			-0.0882583
66.25			-0.0882558
66.2833			-0.0882534
66.3167			-0.0882509
66.35			-0.0882484
66.3833			-0.0882459
66.4167			-0.0882434
66.45			-0.088241
66.4833			-0.0882385
66.5167			-0.088236
66.55			-0.0882336
66.5833			-0.0882311
66.6167			-0.0882287
66.65			-0.0882262
66.6833			-0.0882237
66.7167			-0.0882213
66.75			-0.0882188
66.7833			-0.0882164
66.8167			-0.088214
66.85			-0.0882115
66.8833			-0.0882091
66.9167			-0.0882066
66.95			-0.0882042
66.9833			-0.0882018
67.0167			-0.0881993
67.05			-0.0881969
67.0833			-0.0881945
67.1167			-0.0881921
67.15			-0.0881896
67.1833			-0.0881872
67.2167			-0.0881848
67.25			-0.0881824
67.2833			-0.08818
67.3167			-0.0881776
67.35			-0.0881752
67.3833			-0.0881728
67.4167			-0.0881704
67.45			-0.088168
67.4833			-0.0881656
67.5167			-0.0881632
67.55			-0.0881608
67.5833			-0.0881584
67.6167			-0.088156
67.65			-0.0881536
67.6833			-0.0881513
67.7167			-0.0881489
67.75			-0.0881465
67.7833			-0.0881441
67.8167			-0.0881417
67.85			-0.0881394
67.8833			-0.088137
67.9167			-0.0881346
67.95			-0.0881323
67.9833			-0.0881299
68.0167			-0.0881276
68.05			-0.0881252
68.0833			-0.0881229
68.1167			-0.0881205
68.15			-0.0881182
68.1833			-0.0881158
68.2167			-0.0881135
68.25			-0.0881111
68.2833			-0.0881088
68.3167			-0.0881064
68.35			-0.0881041
68.3833			-0.0881018
68.4167			-0.0880994
68.45			-0.0880971
68.4833			-0.0880948
68.5167			-0.0880925
68.55			-0.0880901
68.5833			-0.0880878
68.6167			-0.0880855
68.65			-0.0880832
68.6833			-0.0880809
68.7167			-0.0880786
68.75			-0.0880763
68.7833			-0.088074
68.8167			-0.0880716
68.85			-0.0880693
68.8833			-0.088067
68.9167			-0.0880647
68.95			-0.0880625
68.9833			-0.0880602
69.0167			-0.0880579
69.05			-0.0880556
69.0833			-0.0880533
69.1167			-0.088051
69.15			-0.0880487
69.1833			-0.0880465
69.2167			-0.0880442
69.25			-0.0880419
69.2833			-0.0880396
69.3167			-0.0880374
69.35			-0.0880351
69.3833			-0.0880328
69.4167			-0.0880306
69.45			-0.0880283
69.4833			-0.088026
69.5167			-0.0880238
69.55			-0.0880215
69.5833			-0.0880193
69.6167			-0.088017
69.65			-0.0880148
69.6833			-0.0880125
69.7167			-0.0880103
69.75			-0.088008
69.7833			-0.0880058
69.8167			-0.0880036
69.85			-0.0880013
69.8833			-0.0879991
69.9167			-0.0879969
69.95			-0.0879946
69.9833			-0.0879924
70.0167			-0.0879902
70.05			-0.087988
70.0833			-0.0879857
70.1167			-0.0879835
70.15			-0.0879813
70.1833			-0.0879791
70.2167			-0.0879769
70.25			-0.0879747
70.2833			-0.0879725
70.3167			-0.0879702
70.35			-0.087968
70.3833			-0.0879658
70.4167			-0.0879636
70.45			-0.0879614
70.4833			-0.0879592
70.5167			-0.0879571
70.55			-0.0879549
70.5833			-0.0879527
70.6167			-0.0879505
70.65			-0.0879483
70.6833			-0.0879461
70.7167			-0.0879439
70.75			-0.0879418
70.7833			-0.0879396
70.8167			-0.0879374
70.85			-0.0879352
70.8833			-0.0879331
70.9167			-0.0879309
70.95			-0.0879287
70.9833			-0.0879266
71.0167			-0.0879244
71.05			-0.0879222
71.0833			-0.0879201
71.1167			-0.0879179
71.15			-0.0879158
71.1833			-0.0879136
71.2167			-0.0879115
71.25			-0.0879093
71.2833			-0.0879072
71.3167			-0.087905
71.35			-0.0879029
71.3833			-0.0879007
71.4167			-0.0878986
71.45			-0.0878965
71.4833			-0.0878943
71.5167			-0.0878922
71.55			-0.0878901
71.5833			-0.0878879
71.6167			-0.0878858
71.65			-0.0878837
71.6833			-0.0878816
71.7167			-0.0878794
71.75			-0.0878773
71.7833			-0.0878752
71.8167			-0.0878731
71.85			-0.087871
71.8833			-0.0878689
71.9167			-0.0878668
71.95			-0.0878647
71.9833			-0.0878626
72.0167			-0.0878604
72.05			-0.0878583
72.0833			-0.0878562
72.1167			-0.0878542
72.15			-0.0878521
72.1833			-0.08785
72.2167			-0.0878479
72.25			-0.0878458
72.2833			-0.0878437
72.3167			-0.0878416
72.35			-0.0878395
72.3833			-0.0878374
72.4167			-0.0878354
72.45			-0.0878333
72.4833			-0.0878312
72.5167			-0.0878291
72.55			-0.0878271
72.5833			-0.087825
72.6167			-0.0878229
72.65			-0.0878209
72.6833			-0.0878188
72.7167			-0.0878167
72.75			-0.0878147
72.7833			-0.0878126
72.8167			-0.0878106
72.85			-0.0878085
72.8833			-0.0878065
72.9167			-0.0878044
72.95			-0.0878024
72.9833			-0.0878003
73.0167			-0.0877983
73.05			-0.0877962
73.0833			-0.0877942
73.1167			-0.0877921
73.15			-0.0877901
73.1833			-0.0877881
73.2167			-0.087786
73.25			-0.087784
73.2833			-0.087782
73.3167			-0.0877799
73.35			-0.0877779
73.3833			-0.0877759
73.4167			-0.0877739
73.45			-0.0877718
73.4833			-0.0877698
73.5167			-0.0877678
73.55			-0.0877658
73.5833			-0.0877638
73.6167			-0.0877618
73.65			-0.0877597
73.6833			-0.0877577
73.7167			-0.0877557
73.75			-0.0877537
73.7833			-0.0877517
73.8167			-0.0877497
73.85			-0.0877477
73.8833			-0.0877457
73.9167			-0.0877437
73.95			-0.0877417
73.9833			-0.0877397
74.0167			-0.0877378
74.05			-0.0877358
74.0833			-0.0877338
74.1167			-0.0877318
74.15			-0.0877298
74.1833			-0.0877278
74.2167			-0.0877258
74.25			-0.0877239
74.2833			-0.0877219
74.3167			-0.0877199
74.35			-0.0877179
74.3833			-0.087716
74.4167			-0.087714
74.45			-0.087712
74.4833			-0.0877101
74.5167			-0.0877081
74.55			-0.0877061
74.5833			-0.0877042
74.6167			-0.0877022
74.65			-0.0877003
74.6833			-0.0876983
74.7167			-0.0876964
74.75			-0.0876944
74.7833			-0.0876925
74.8167			-0.0876905
74.85			-0.0876886
74.8833			-0.0876866
74.9167			-0.0876847
74.95			-0.0876827
74.9833			-0.0876808
75.0167			-0.0876789
75.05			-0.0876769
75.0833			-0.087675
75.1167			-0.0876731
75.15			-0.0876711
75.1833			-0.0876692
75.2167			-0.0876673
75.25			-0.0876653
75.2833			-0.0876634
75.3167			-0.0876615
75.35			-0.0876596
75.3833			-0.0876577
75.4167			-0.0876557
75.45			-0.0876538
75.4833			-0.0876519
75.5167			-0.08765
75.55			-0.0876481
75.5833			-0.0876462
75.6167			-0.0876443
75.65			-0.0876424
75.6833			-0.0876405
75.7167			-0.0876386
75.75			-0.0876367
75.7833			-0.0876348
75.8167			-0.0876329
75.85			-0.087631
75.8833			-0.0876291
75.9167			-0.0876272
75.95			-0.0876253
75.9833			-0.0876234
76.0167			-0.0876215
76.05			-0.0876196
76.0833			-0.0876178
76.1167			-0.0876159
76.15			-0.087614
76.1833			-0.0876121
76.2167			-0.0876102
76.25			-0.0876084
76.2833			-0.0876065
76.3167			-0.0876046
76.35			-0.0876028
76.3833			-0.0876009
76.4167			-0.087599
76.45			-0.0875972
76.4833			-0.0875953
76.5167			-0.0875934
76.55			-0.0875916
76.5833			-0.0875897
76.6167			-0.0875878
76.65			-0.087586
76.6833			-0.0875841
76.7167			-0.0875823
76.75			-0.0875804
76.7833			-0.0875786
76.8167			-0.0875767
76.85			-0.0875749
76.8833			-0.0875731
76.9167			-0.0875712
76.95			-0.0875694
76.9833			-0.0875675
77.0167			-0.0875657
77.05			-0.0875639
77.0833			-0.087562
77.1167			-0.0875602
77.15			-0.0875584
77.1833			-0.0875565
77.2167			-0.0875547
77.25			-0.0875529
77.2833			-0.087551
77.3167			-0.0875492
77.35			-0.0875474
77.3833			-0.0875456
77.4167			-0.0875438
77.45			-0.0875419
77.4833			-0.0875401
77.5167			-0.0875383
77.55			-0.0875365
77.5833			-0.0875347
77.6167			-0.0875329
77.65			-0.0875311
77.6833			-0.0875293
77.7167			-0.0875275
77.75			-0.0875257
77.7833			-0.0875239
77.8167			-0.0875221
77.85			-0.0875203
77.8833			-0.0875185
77.9167			-0.0875167
77.95			-0.0875149
77.9833			-0.0875131
78.0167			-0.0875113
78.05			-0.0875095
78.0833			-0.0875077
78.1167			-0.0875059
78.15			-0.0875041
78.1833			-0.0875024
78.2167			-0.0875006
78.25			-0.0874988
78.2833			-0.087497
78.3167			-0.0874952
78.35			-0.0874935
78.3833			-0.0874917
78.4167			-0.0874899
78.45			-0.0874881
78.4833			-0.0874864
78.5167			-0.0874846
78.55			-0.0874828
78.5833			-0.0874811
78.6167			-0.0874793
78.65			-0.0874775
78.6833			-0.0874758
78.7167			-0.087474
78.75			-0.0874723
78.7833			-0.0874705
78.8167			-0.0874688
78.85			-0.087467
78.8833			-0.0874653
78.9167			-0.0874635
78.95			-0.0874618
78.9833			-0.08746
79.0167			-0.0874583
79.05			-0.0874565
79.0833			-0.0874548
79.1167			-0.087453
79.15			-0.0874513
79.1833			-0.0874496
79.2167			-0.0874478
79.25			-0.0874461
79.2833			-0.0874443
79.3167			-0.0874426
79.35			-0.0874409
79.3833			-0.0874392
79.4167			-0.0874374
79.45			-0.0874357
79.4833			-0.087434
79.5167			-0.0874322
79.55			-0.0874305
79.5833			-0.0874288
79.6167			-0.0874271
79.65			-0.0874254
79.6833			-0.0874237
79.7167			-0.0874219
79.75			-0.0874202
79.7833			-0.0874185
79.8167			-0.0874168
79.85			-0.0874151
79.8833			-0.0874134
79.9167			-0.0874117
79.95			-0.08741
79.9833			-0.0874083
80.0167			-0.0874066
80.05			-0.0874049
80.0833			-0.0874032
80.1167			-0.0874015
80.15			-0.0873998
80.1833			-0.0873981
80.2167			-0.0873964
80.25			-0.0873947
80.2833			-0.087393
80.3167			-0.0873913
80.35			-0.0873896
80.3833			-0.0873879
80.4167			-0.0873862
80.45			-0.0873846
80.4833			-0.0873829
80.5167			-0.0873812
80.55			-0.0873795
80.5833			-0.0873778
80.6167			-0.0873762
80.65			-0.0873745
80.6833			-0.0873728
80.7167			-0.0873711
80.75			-0.0873695
80.7833			-0.0873678
80.8167			-0.0873661
80.85			-0.0873645
80.8833			-0.0873628
80.9167			-0.0873611
80.95			-0.0873595
80.9833			-0.0873578
81.0167			-0.0873561
81.05			-0.0873545
81.0833			-0.0873528
81.1167			-0.0873512
81.15			-0.0873495
81.1833			-0.0873479
81.2167			-0.0873462
81.25			-0.0873446
81.2833			-0.0873429
81.3167			-0.0873413
81.35			-0.0873396
81.3833			-0.087338
81.4167			-0.0873363
81.45			-0.0873347
81.4833			-0.087333
81.5167			-0.0873314
81.55			-0.0873298
81.5833			-0.0873281
81.6167			-0.0873265
81.65			-0.0873249
81.6833			-0.0873232
81.7167			-0.0873216
81.75			-0.08732
81.7833			-0.0873183
81.8167			-0.0873167
81.85			-0.0873151
81.8833			-0.0873135
81.9167			-0.0873118
81.95			-0.0873102
81.9833			-0.0873086
82.0167			-0.087307
82.05			-0.0873053
82.0833			-0.0873037
82.1167			-0.0873021
82.15			-0.0873005
82.1833			-0.0872989
82.2167			-0.0872973
82.25			-0.0872957
82.2833			-0.0872941
82.3167			-0.0872924
82.35			-0.0872908
82.3833			-0.0872892
82.4167			-0.0872876
82.45			-0.087286
82.4833			-0.0872844
82.5167			-0.0872828
82.55			-0.0872812
82.5833			-0.0872796
82.6167			-0.087278
82.65			-0.0872764
82.6833			-0.0872748
82.7167			-0.0872732
82.75			-0.0872717
82.7833			-0.0872701
82.8167			-0.0872685
82.85			-0.0872669
82.8833			-0.0872653
82.9167			-0.0872637
82.95			-0.0872621
82.9833			-0.0872606
83.0167			-0.087259
83.05			-0.0872574
83.0833			-0.0872558
83.1167			-0.0872542
83.15			-0.0872527
83.1833			-0.0872511
83.2167			-0.0872495
83.25			-0.0872479
83.2833			-0.0872464
83.3167			-0.0872448
83.35			-0.0872432
83.3833			-0.0872417
83.4167			-0.0872401
83.45			-0.0872385
83.4833			-0.087237
83.5167			-0.0872354
83.55			-0.0872338
83.5833			-0.0872323
83.6167			-0.0872307
83.65			-0.0872292
83.6833			-0.0872276
83.7167			-0.0872261
83.75			-0.0872245
83.7833			-0.087223
83.8167			-0.0872214
83.85			-0.0872198
83.8833			-0.0872183
83.9167			-0.0872168
83.95			-0.0872152
83.9833			-0.0872137
84.0167			-0.0872121
84.05			-0.0872106
84.0833			-0.087209
84.1167			-0.0872075
84.15			-0.087206
84.1833			-0.0872044
84.2167			-0.0872029
84.25			-0.0872013
84.2833			-0.0871998
84.3167			-0.0871983
84.35			-0.0871968
84.3833			-0.0871952
84.4167			-0.0871937
84.45			-0.0871922
84.4833			-0.0871906
84.5167			-0.0871891
84.55			-0.0871876
84.5833			-0.0871861
84.6167			-0.0871845
84.65			-0.087183
84.6833			-0.0871815
84.7167			-0.08718
84.75			-0.0871785
84.7833			-0.087177
84.8167			-0.0871754
84.85			-0.0871739
84.8833			-0.0871724
84.9167			-0.0871709
84.95			-0.0871694
84.9833			-0.0871679
85.0167			-0.0871664
85.05			-0.0871649
85.0833			-0.0871634
85.1167			-0.0871619
85.15			-0.0871604
85.1833			-0.0871589
85.2167			-0.0871574
85.25			-0.0871559
85.2833			-0.0871544
85.3167			-0.0871529
85.35			-0.0871514
85.3833			-0.0871499
85.4167			-0.0871484
85.45			-0.0871469
85.4833			-0.0871454
85.5167			-0.0871439
85.55			-0.0871424
85.5833			-0.0871409
85.6167			-0.0871394
85.65			-0.087138
85.6833			-0.0871365
85.7167			-0.087135
85.75			-0.0871335
85.7833			-0.087132
85.8167			-0.0871305
85.85			-0.0871291
85.8833			-0.0871276
85.9167			-0.0871261
85.95			-0.0871246
85.9833			-0.0871232
86.0167			-0.0871217
86.05			-0.0871202
86.0833			-0.0871188
86.1167			-0.0871173
86.15			-0.0871158
86.1833			-0.0871144
86.2167			-0.0871129
86.25			-0.0871114
86.2833			-0.08711
86.3167			-0.0871085
86.35			-0.087107
86.3833			-0.0871056
86.4167			-0.0871041
86.45			-0.0871027
86.4833			-0.0871012
86.5167			-0.0870997
86.55			-0.0870983
86.5833			-0.0870968
86.6167			-0.0870954
86.65			-0.0870939
86.6833			-0.0870925
86.7167			-0.087091
86.75			-0.0870896
86.7833			-0.0870881
86.8167			-0.0870867
86.85			-0.0870853
86.8833			-0.0870838
86.9167			-0.0870824
86.95			-0.0870809
86.9833			-0.0870795
87.0167			-0.087078
87.05			-0.0870766
87.0833			-0.0870752
87.1167			-0.0870737
87.15			-0.0870723
87.1833			-0.0870709
87.2167			-0.0870694
87.25			-0.087068
87.2833			-0.0870666
87.3167			-0.0870651
87.35			-0.0870637
87.3833			-0.0870623
87.4167			-0.0870609
87.45			-0.0870594
87.4833			-0.087058
87.5167			-0.0870566
87.55			-0.0870552
87.5833			-0.0870538
87.6167			-0.0870523
87.65			-0.0870509
87.6833			-0.0870495
87.7167			-0.0870481
87.75			-0.0870467
87.7833			-0.0870453
87.8167			-0.0870438
87.85			-0.0870424
87.8833			-0.087041
87.9167			-0.0870396
87.95			-0.0870382
87.9833			-0.0870368
88.0167			-0.0870354
88.05			-0.087034
88.0833			-0.0870326
88.1167			-0.0870312
88.15			-0.0870298
88.1833			-0.0870284
88.2167			-0.087027
88.25			-0.0870256
88.2833			-0.0870242
88.3167			-0.0870228
88.35			-0.0870214
88.3833			-0.08702
88.4167			-0.0870186
88.45			-0.0870172
88.4833			-0.0870158
88.5167			-0.0870144
88.55			-0.087013
88.5833			-0.0870117
88.6167			-0.0870103
88.65			-0.0870089
88.6833			-0.0870075
88.7167			-0.0870061
88.75			-0.0870047
88.7833			-0.0870033
88.8167			-0.087002
88.85			-0.0870006
88.8833			-0.0869992
88.9167			-0.0869978
88.95			-0.0869965
88.9833			-0.0869951
89.0167			-0.0869937
89.05			-0.0869923
89.0833			-0.086991
89.1167			-0.0869896
89.15			-0.0869882
89.1833			-0.0869868
89.2167			-0.0869855
89.25			-0.0869841
89.2833			-0.0869827
89.3167			-0.0869814
89.35			-0.08698
89.3833			-0.0869786
89.4167			-0.0869773
89.45			-0.0869759
89.4833			-0.0869746
89.5167			-0.0869732
89.55			-0.0869718
89.5833			-0.0869705
89.6167			-0.0869691
89.65			-0.0869678
89.6833			-0.0869664
89.7167			-0.0869651
89.75			-0.0869637
89.7833			-0.0869624
89.8167			-0.086961
89.85			-0.0869597
89.8833			-0.0869583
89.9167			-0.086957
89.95			-0.0869556
89.9833			-0.0869543
90.0167			-0.0869529
90.05			-0.0869516
90.0833			-0.0869502
90.1167			-0.0869489
90.15			-0.0869476
90.1833			-0.0869462
90.2167			-0.0869449
90.25			-0.0869436
90.2833			-0.0869422
90.3167			-0.0869409
90.35			-0.0869395
90.3833			-0.0869382
90.4167			-0.0869369
90.45			-0.0869356
90.4833			-0.0869342
90.5167			-0.0869329
90.55			-0.0869316
90.5833			-0.0869302
90.6167			-0.0869289
90.65			-0.0869276
90.6833			-0.0869263
90.7167			-0.0869249
90.75			-0.0869236
90.7833			-0.0869223
90.8167			-0.086921
90.85			-0.0869197
90.8833			-0.0869183
90.9167			-0.086917
90.95			-0.0869157
90.9833			-0.0869144
91.0167			-0.0869131
91.05			-0.0869118
91.0833			-0.0869104
91.1167			-0.0869091
91.15			-0.0869078
91.1833			-0.0869065
91.2167			-0.0869052
91.25			-0.0869039
91.2833			-0.0869026
91.3167			-0.0869013
91.35			-0.0869
91.3833			-0.0868987
91.4167			-0.0868974
91.45			-0.0868961
91.4833			-0.0868948
91.5167			-0.0868935
91.55			-0.0868922
91.5833			-0.0868909
91.6167			-0.0868896
91.65			-0.0868883
91.6833			-0.086887
91.7167			-0.0868857
91.75			-0.0868844
91.7833			-0.0868831
91.8167			-0.0868818
91.85			-0.0868805
91.8833			-0.0868792
91.9167			-0.0868779
91.95			-0.0868766
91.9833			-0.0868754
92.0167			-0.0868741
92.05			-0.0868728
92.0833			-0.0868715
92.1167			-0.0868702
92.15			-0.0868689
92.1833			-0.0868677
92.2167			-0.0868664
92.25			-0.0868651
92.2833			-0.0868638
92.3167			-0.0868625
92.35			-0.0868613
92.3833			-0.08686
92.4167			-0.0868587
92.45			-0.0868574
92.4833			-0.0868562
92.5167			-0.0868549
92.55			-0.0868536
92.5833			-0.0868523
92.6167			-0.0868511
92.65			-0.0868498
92.6833			-0.0868485
92.7167			-0.0868473
92.75			-0.086846
92.7833			-0.0868447
92.8167			-0.0868435
92.85			-0.0868422
92.8833			-0.086841
92.9167			-0.0868397
92.95			-0.0868384
92.9833			-0.0868372
93.0167			-0.0868359
93.05			-0.0868347
93.0833			-0.0868334
93.1167			-0.0868321
93.15			-0.0868309
93.1833			-0.0868296
93.2167			-0.0868284
93.25			-0.0868271
93.2833			-0.0868259
93.3167			-0.0868246
93.35			-0.0868234
93.3833			-0.0868221
93.4167			-0.0868209
93.45			-0.0868196
93.4833			-0.0868184
93.5167			-0.0868171
93.55			-0.0868159
93.5833			-0.0868147
93.6167			-0.0868134
93.65			-0.0868122
93.6833			-0.0868109
93.7167			-0.0868097
93.75			-0.0868084
93.7833			-0.0868072
93.8167			-0.086806
93.85			-0.0868047
93.8833			-0.0868035
93.9167			-0.0868023
93.95			-0.086801
93.9833			-0.0867998
94.0167			-0.0867986
94.05			-0.0867973
94.0833			-0.0867961
94.1167			-0.0867949
94.15			-0.0867936
94.1833			-0.0867924
94.2167			-0.0867912
94.25			-0.08679
94.2833			-0.0867887
94.3167			-0.0867875
94.35			-0.0867863
94.3833			-0.0867851
94.4167			-0.0867839
94.45			-0.0867826
94.4833			-0.0867814
94.5167			-0.0867802
94.55			-0.086779
94.5833			-0.0867778
94.6167			-0.0867765
94.65			-0.0867753
94.6833			-0.0867741
94.7167			-0.0867729
94.75			-0.0867717
94.7833			-0.0867705
94.8167			-0.0867693
94.85			-0.0867681
94.8833			-0.0867668
94.9167			-0.0867656
94.95			-0.0867644
94.9833			-0.0867632
95.0167			-0.086762
95.05			-0.0867608
95.0833			-0.0867596
95.1167			-0.0867584
95.15			-0.0867572
95.1833			-0.086756
95.2167			-0.0867548
95.25			-0.0867536
95.2833			-0.0867524
95.3167			-0.0867512
95.35			-0.08675
95.3833			-0.0867488
95.4167			-0.0867476
95.45			-0.0867464
95.4833			-0.0867452
95.5167			-0.086744
95.55			-0.0867428
95.5833			-0.0867416
95.6167			-0.0867404
95.65			-0.0867393
95.6833			-0.0867381
95.7167			-0.0867369
95.75			-0.0867357
95.7833			-0.0867345
95.8167			-0.0867333
95.85			-0.0867321
95.8833			-0.0867309
95.9167			-0.0867298
95.95			-0.0867286
95.9833			-0.0867274
96.0167			-0.0867262
96.05			-0.086725
96.0833			-0.0867239
96.1167			-0.0867227
96.15			-0.0867215
96.1833			-0.0867203
96.2167			-0.0867191
96.25			-0.086718
96.2833			-0.0867168
96.3167			-0.0867156
96.35			-0.0867145
96.3833			-0.0867133
96.4167			-0.0867121
96.45			-0.0867109
96.4833			-0.0867098
96.5167			-0.0867086
96.55			-0.0867074
96.5833			-0.0867063
96.6167			-0.0867051
96.65			-0.0867039
96.6833			-0.0867028
96.7167			-0.0867016
96.75			-0.0867004
96.7833			-0.0866993
96.8167			-0.0866981
96.85			-0.086697
96.8833			-0.0866958
96.9167			-0.0866946
96.95			-0.0866935
96.9833			-0.0866923
97.0167			-0.0866912
97.05			-0.08669
97.0833			-0.0866889
97.1167			-0.0866877
97.15			-0.0866865
97.1833			-0.0866854
97.2167			-0.0866842
97.25			-0.0866831
97.2833			-0.0866819
97.3167			-0.0866808
97.35			-0.0866796
97.3833			-0.0866785
97.4167			-0.0866773
97.45			-0.0866762
97.4833			-0.0866751
97.5167			-0.0866739
97.55			-0.0866728
97.5833			-0.0866716
97.6167			-0.0866705
97.65			-0.0866693
97.6833			-0.0866682
97.7167			-0.0866671
97.75			-0.0866659
97.7833			-0.0866648
97.8167			-0.0866636
97.85			-0.0866625
97.8833			-0.0866614
97.9167			-0.0866602
97.95			-0.0866591
97.9833			-0.086658
98.0167			-0.0866568
98.05			-0.0866557
98.0833			-0.0866546
98.1167			-0.0866534
98.15			-0.0866523
98.1833			-0.0866512
98.2167			-0.08665
98.25			-0.0866489
98.2833			-0.0866478
98.3167			-0.0866467
98.35			-0.0866455
98.3833			-0.0866444
98.4167			-0.0866433
98.45			-0.0866422
98.4833			-0.086641
98.5167			-0.0866399
98.55			-0.0866388
98.5833			-0.0866377
98.6167			-0.0866366
98.65			-0.0866354
98.6833			-0.0866343
98.7167			-0.0866332
98.75			-0.0866321
98.7833			-0.086631
98.8167			-0.0866299
98.85			-0.0866287
98.8833			-0.0866276
98.9167			-0.0866265
98.95			-0.0866254
98.9833			-0.0866243
99.0167			-0.0866232
99.05			-0.0866221
99.0833			-0.086621
99.1167			-0.0866199
99.15			-0.0866188
99.1833			-0.0866176
99.2167			-0.0866165
99.25			-0.0866154
99.2833			-0.0866143
99.3167			-0.0866132
99.35			-0.0866121
99.3833			-0.086611
99.4167			-0.0866099
99.45			-0.0866088
99.4833			-0.0866077
99.5167			-0.0866066
99.55			-0.0866055
99.5833			-0.0866044
99.6167			-0.0866033
99.65			-0.0866022
99.6833			-0.0866011
99.7167			-0.0866
99.75			-0.0865989
99.7833			-0.0865979
99.8167			-0.0865968
99.85			-0.0865957
99.8833			-0.0865946
99.9167			-0.0865935
99.95			-0.0865924
99.9833			-0.0865913
