0			0			0.5
1			0			0.5
2			0			0.5
3			0			0.5
4			0			-0.5
5			0.05			1.27638			0.0174116			1.2765
0.1			1.27558			0.0347849			1.27606
0.15			1.27425			0.0520818			1.27532
0.2			1.27239			0.0692648			1.27427
0.25			1.26997			0.0862971			1.2729
0.3			1.26701			0.103143			1.2712
0.35			1.26349			0.119767			1.26915
0.4			1.2594			0.136138			1.26673
0.45			1.25472			0.152222			1.26392
0.5			1.24945			0.16799			1.2607
0.55			1.24358			0.183415			1.25703
0.6			1.23708			0.198471			1.2529
0.65			1.22996			0.213135			1.24829
0.7			1.22218			0.227387			1.24316
0.75			1.21375			0.241207			1.23749
0.8			1.20465			0.254582			1.23125
0.85			1.19486			0.267498			1.22444
0.9			1.18438			0.279945			1.21701
0.95			1.17319			0.291918			1.20897
1			1.1613			0.303411			1.20028
1.05			1.14869			0.314425			1.19094
1.1			1.13536			0.324962			1.18095
1.15			1.12131			0.335025			1.17029
1.2			1.10654			0.344623			1.15896
1.25			1.09105			0.353767			1.14698
1.3			1.07486			0.362469			1.13433
1.35			1.05797			0.370745			1.12105
1.4			1.04039			0.378613			1.10714
1.45			1.02214			0.386092			1.09263
1.5			1.00324			0.393206			1.07754
1.55			0.983708			0.399978			1.06191
1.6			0.96357			0.406434			1.04578
1.65			0.942855			0.4126			1.02918
1.7			0.921592			0.418507			1.01217
1.75			0.899816			0.424182			0.994786
1.8			0.877562			0.429656			0.977097
1.85			0.854868			0.43496			0.959161
1.9			0.831775			0.440125			0.941042
1.95			0.808327			0.445181			0.92281
2			0.784566			0.450161			0.904538
2.05			0.760539			0.455093			0.886301
2.1			0.736293			0.460009			0.86818
2.15			0.711877			0.464936			0.850255
2.2			0.687337			0.469903			0.832611
2.25			0.662724			0.474936			0.815333
2.3			0.638086			0.48006			0.798506
2.35			0.613473			0.485298			0.782217
2.4			0.588931			0.490671			0.766549
2.45			0.564507			0.496198			0.751586
2.5			0.540249			0.501896			0.737407
2.55			0.516199			0.50778			0.724087
2.6			0.492401			0.513861			0.711697
2.65			0.468895			0.52015			0.700299
2.7			0.445719			0.526652			0.689948
2.75			0.42291			0.533371			0.680689
2.8			0.400501			0.54031			0.672559
2.85			0.378521			0.547466			0.66558
2.9			0.356999			0.554835			0.659765
2.95			0.33596			0.562411			0.655114
3			0.315424			0.570183			0.651614
3.05			0.29541			0.578139			0.649239
3.1			0.275933			0.586265			0.647955
3.15			0.257006			0.594543			0.647714
3.2			0.238636			0.602953			0.648459
3.25			0.220831			0.611474			0.650128
3.3			0.203593			0.620082			0.65265
3.35			0.186921			0.628752			0.655949
3.4			0.170815			0.637456			0.659945
3.45			0.155267			0.646166			0.664558
3.5			0.140271			0.654851			0.669706
3.55			0.125818			0.663481			0.675305
3.6			0.111895			0.672024			0.681276
3.65			0.0984894			0.680448			0.687539
3.7			0.0855867			0.688721			0.694019
3.75			0.0731708			0.696809			0.700641
3.8			0.0612247			0.704681			0.707336
3.85			0.0497309			0.712304			0.714038
3.9			0.0386712			0.719648			0.720686
3.95			0.0280272			0.726681			0.727221
4			0.0177808			0.733375			0.73359
4.05			0.00791372			0.739701			0.739744
4.1			-0.00159149			0.745634			0.745636
4.15			-0.0107518			0.751149			0.751225
4.2			-0.0195831			0.756222			0.756476
4.25			-0.0281005			0.760835			0.761354
4.3			-0.0363177			0.764968			0.76583
4.35			-0.0442469			0.768607			0.769879
4.4			-0.0518992			0.771738			0.773481
4.45			-0.0592837			0.77435			0.776616
4.5			-0.066408			0.776436			0.779271
4.55			-0.073278			0.777992			0.781436
4.6			-0.0798978			0.779016			0.783103
4.65			-0.0862696			0.779509			0.784268
4.7			-0.0923941			0.779474			0.784931
4.75			-0.0982698			0.77892			0.785095
4.8			-0.103894			0.777856			0.784763
4.85			-0.109262			0.776294			0.783946
4.9			-0.114368			0.774252			0.782653
4.95			-0.119203			0.771745			0.780897
5			-0.12376			0.768797			0.778695
5.05			-0.128029			0.76543			0.776063
5.1			-0.131997			0.761669			0.773022
5.15			-0.135653			0.757544			0.769593
5.2			-0.138984			0.753082			0.765799
5.25			-0.141977			0.748316			0.761666
5.3			-0.144618			0.743279			0.757218
5.35			-0.146893			0.738006			0.752483
5.4			-0.148788			0.732532			0.74749
5.45			-0.150289			0.726893			0.742267
5.5			-0.151384			0.721126			0.736845
5.55			-0.152058			0.71527			0.731254
5.6			-0.1523			0.709361			0.725527
5.65			-0.152098			0.703438			0.719694
5.7			-0.151442			0.697537			0.713787
5.75			-0.150322			0.691695			0.707841
5.8			-0.148729			0.685948			0.701887
5.85			-0.146659			0.680331			0.695959
5.9			-0.144104			0.674876			0.69009
5.95			-0.141062			0.669617			0.684314
6			-0.13753			0.664583			0.678664
6.05			-0.133508			0.659803			0.673175
6.1			-0.128998			0.655302			0.667878
6.15			-0.124003			0.651105			0.662808
6.2			-0.118527			0.647234			0.657997
6.25			-0.112579			0.643707			0.653477
6.3			-0.106167			0.640541			0.649279
6.35			-0.0993008			0.637749			0.645433
6.4			-0.0919941			0.635343			0.641968
6.45			-0.0842607			0.63333			0.638911
6.5			-0.0761167			0.631716			0.636285
6.55			-0.0675797			0.630503			0.634114
6.6			-0.058669			0.629689			0.632416
6.65			-0.0494055			0.629272			0.631209
6.7			-0.0398112			0.629246			0.630504
6.75			-0.0299099			0.6296			0.63031
6.8			-0.0197262			0.630324			0.630632
6.85			-0.00928608			0.631402			0.631471
6.9			0.00138339			0.632819			0.63282
6.95			0.0122544			0.634555			0.634673
7			0.0232981			0.636589			0.637015
7.05			0.0344851			0.638898			0.639828
7.1			0.0457855			0.641457			0.643089
7.15			0.0571687			0.64424			0.646771
7.2			0.0686038			0.647219			0.650845
7.25			0.0800597			0.650365			0.655274
7.3			0.0915051			0.653649			0.660023
7.35			0.102909			0.657041			0.665051
7.4			0.114239			0.660509			0.670316
7.45			0.125466			0.664023			0.675772
7.5			0.136557			0.667552			0.681376
7.55			0.147483			0.671066			0.687081
7.6			0.158214			0.674534			0.692841
7.65			0.16872			0.677928			0.698608
7.7			0.178971			0.68122			0.704337
7.75			0.188941			0.684382			0.709984
7.8			0.198601			0.687389			0.715504
7.85			0.207924			0.690219			0.720857
7.9			0.216886			0.692848			0.726001
7.95			0.225461			0.695257			0.7309
8			0.233626			0.697428			0.735519
8.05			0.241358			0.699347			0.739824
8.1			0.248635			0.701			0.743788
8.15			0.255438			0.702376			0.747383
8.2			0.261746			0.703469			0.750586
8.25			0.267544			0.704272			0.753378
8.3			0.272813			0.704785			0.755743
8.35			0.277539			0.705006			0.757669
8.4			0.281708			0.70494			0.759145
8.45			0.285309			0.704593			0.760166
8.5			0.28833			0.703973			0.760731
8.55			0.290762			0.703091			0.760841
8.6			0.292597			0.701962			0.760502
8.65			0.29383			0.700602			0.759723
8.7			0.294455			0.69903			0.758516
8.75			0.29447			0.697267			0.756898
8.8			0.293873			0.695337			0.754887
8.85			0.292665			0.693263			0.752507
8.9			0.290848			0.691073			0.749783
8.95			0.288425			0.688796			0.746745
9			0.285401			0.68646			0.743426
9.05			0.281784			0.684098			0.73986
9.1			0.277583			0.68174			0.736085
9.15			0.272806			0.679418			0.732142
9.2			0.267467			0.677166			0.728075
9.25			0.261579			0.675017			0.723928
9.3			0.255157			0.673003			0.719749
9.35			0.248219			0.671156			0.715586
9.4			0.240782			0.66951			0.711491
9.45			0.232867			0.668094			0.707515
9.5			0.224495			0.66694			0.703709
9.55			0.21569			0.666076			0.700128
9.6			0.206476			0.665529			0.696822
9.65			0.19688			0.665325			0.693843
9.7			0.186928			0.665487			0.691242
9.75			0.176651			0.666039			0.689067
9.8			0.166079			0.666998			0.687364
9.85			0.155242			0.668383			0.686175
9.9			0.144174			0.670207			0.685539
9.95			0.132909			0.672483			0.685492
10			0.121482			0.67522			0.686061
10.05			0.109929			0.678423			0.687272
10.1			0.0982872			0.682097			0.689142
10.15			0.0865951			0.686241			0.691683
10.2			0.0748914			0.690854			0.694901
10.25			0.0632157			0.695929			0.698794
10.3			0.0516083			0.701458			0.703353
10.35			0.0401103			0.707429			0.708565
10.4			0.0287631			0.713829			0.714408
10.45			0.0176084			0.72064			0.720855
10.5			0.00668853			0.727842			0.727873
10.55			-0.0039543			0.735414			0.735425
10.6			-0.0142776			0.743331			0.743468
10.65			-0.024239			0.751565			0.751956
10.7			-0.0337962			0.760088			0.760839
10.75			-0.0429071			0.768869			0.770066
10.8			-0.0515301			0.777876			0.779581
10.85			-0.0596241			0.787073			0.789328
10.9			-0.0671485			0.796427			0.799253
10.95			-0.0740637			0.8059			0.809296
11			-0.0803307			0.815456			0.819403
11.05			-0.085912			0.825057			0.829517
11.1			-0.0907708			0.834664			0.839585
11.15			-0.0948721			0.84424			0.849554
11.2			-0.0981821			0.853747			0.859374
11.25			-0.100669			0.863148			0.868998
11.3			-0.102302			0.872405			0.878383
11.35			-0.103054			0.881483			0.887487
11.4			-0.102898			0.890347			0.896274
11.45			-0.101811			0.898965			0.904712
11.5			-0.0997715			0.907303			0.912773
11.55			-0.0967604			0.915333			0.920433
11.6			-0.0927621			0.923026			0.927676
11.65			-0.0877635			0.930357			0.934487
11.7			-0.0817549			0.937302			0.94086
11.75			-0.0747293			0.943839			0.946793
11.8			-0.0666834			0.949951			0.952289
11.85			-0.0576172			0.955622			0.957357
11.9			-0.0475341			0.960838			0.962013
11.95			-0.0364413			0.965589			0.966276
12			-0.0243496			0.969868			0.970173
12.05			-0.0112738			0.97367			0.973735
12.1			0.00276791			0.976993			0.976997
12.15			0.0177531			0.97984			0.98
12.2			0.0336556			0.982213			0.982789
12.25			0.0504454			0.984119			0.985411
12.3			0.0680886			0.985569			0.987918
12.35			0.0865476			0.986573			0.990362
12.4			0.105781			0.987147			0.992799
12.45			0.125744			0.987308			0.995283
12.5			0.146388			0.987074			0.99787
12.55			0.167661			0.986466			1.00061
12.6			0.189507			0.985508			1.00356
12.65			0.21187			0.984224			1.00677
12.7			0.234688			0.982639			1.01028
12.75			0.257897			0.980781			1.01412
12.8			0.281432			0.978678			1.01834
12.85			0.305224			0.976359			1.02296
12.9			0.329205			0.973852			1.02799
12.95			0.353303			0.971189			1.03346
13			0.377446			0.968398			1.03936
13.05			0.401561			0.965508			1.04569
13.1			0.425574			0.96255			1.05243
13.15			0.449413			0.95955			1.05958
13.2			0.473005			0.956537			1.0671
13.25			0.496277			0.953537			1.07495
13.3			0.519159			0.950573			1.0831
13.35			0.54158			0.947671			1.09151
13.4			0.563473			0.944851			1.10011
13.45			0.584774			0.942133			1.10886
13.5			0.605419			0.939534			1.1177
13.55			0.62535			0.937069			1.12657
13.6			0.644509			0.934752			1.13541
13.65			0.662846			0.932593			1.14416
13.7			0.680312			0.930599			1.15275
13.75			0.696863			0.928776			1.16114
13.8			0.712461			0.927125			1.16926
13.85			0.727071			0.925648			1.17705
13.9			0.740666			0.924339			1.18448
13.95			0.75322			0.923195			1.19148
14			0.764718			0.922205			1.19802
14.05			0.775146			0.921359			1.20406
14.1			0.784498			0.920642			1.20955
14.15			0.792774			0.920039			1.21448
14.2			0.799979			0.91953			1.21881
14.25			0.806125			0.919094			1.22253
14.3			0.811227			0.918707			1.22561
14.35			0.81531			0.918345			1.22804
14.4			0.8184			0.917981			1.22982
14.45			0.820532			0.917585			1.23095
14.5			0.821744			0.917127			1.23142
14.55			0.82208			0.916575			1.23123
14.6			0.821589			0.915899			1.2304
14.65			0.820322			0.915063			1.22893
14.7			0.818337			0.914036			1.22684
14.75			0.815695			0.912782			1.22414
14.8			0.812458			0.911267			1.22086
14.85			0.808693			0.909459			1.217
14.9			0.804471			0.907323			1.2126
14.95			0.79986			0.904828			1.20768
15			0.794936			0.901941			1.20226
15.05			0.78977			0.898631			1.19636
15.1			0.784438			0.894871			1.19002
15.15			0.779015			0.890632			1.18325
15.2			0.773576			0.885888			1.1761
15.25			0.768193			0.880617			1.16859
15.3			0.762941			0.874796			1.16075
15.35			0.757891			0.868408			1.15262
15.4			0.753112			0.861434			1.14422
15.45			0.748671			0.853861			1.1356
15.5			0.744634			0.845678			1.12679
15.55			0.741061			0.836877			1.11783
15.6			0.73801			0.827452			1.10875
15.65			0.735538			0.817401			1.09962
15.7			0.733693			0.806724			1.09046
15.75			0.732524			0.795425			1.08134
15.8			0.732071			0.78351			1.0723
15.85			0.732375			0.77099			1.06339
15.9			0.733467			0.757876			1.05468
15.95			0.735376			0.744184			1.04623
.7			0.0801587
3			3.7			0.0797695
4			3.7			-0.0797695
5			3.7			-0.0801587
6			3.7			-0.274922
7			3.7			-0.414433

0			3.75			0.407399
1			3.75			0.267109
2			3.75			0.0790197
3			3.75			0.0806245
4			3.75			-0.0806245
5			3.75			-0.0790197
6			3.75			-0.267109
7			3.75			-0.407399

0			3.8			0.39997
1			3.8			0.259467
2			3.8			0.0783155
3			3.8			0.0810663
4			3.8			-0.0810663
5			3.8			-0.0783155
6			3.8			-0.259467
7			3.8			-0.39997

0			3.85			0.392139
1			3.85			0.252025
2			3.85			0.0780227
3			3.85			0.0810949
4			3.85			-0.0810949
5			3.85			-0.0780227
6			3.85			-0.252025
7			3.85			-0.392139

0			3.9			0.383899
1			3.9			0.244809
2			3.9			0.0781158
3			3.9			0.0807144
4			3.9			-0.0807144
5			3.9			-0.0781158
6			3.9			-0.244809
7			3.9			-0.383899

0			3.95			0.375245
1			3.95			0.237846
2			3.95			0.0785673
3			3.95			0.0799328
4			3.95			-0.0799328
5			3.95			-0.0785673
6			3.95			-0.237846
7			3.95			-0.375245

0			4			0.366172
1			4			0.231162
2			4			0.079348
3			4			0.0787613
4			4			-0.0787613
5			4			-0.079348
6			4			-0.231162
7			4			-0.366172

0			4.05			0.356677
1			4.05			0.224781
2			4.05			0.0804272
3			4.05			0.0772148
4			4.05			-0.0772148
5			4.05			-0.0804272
6			4.05			-0.224781
7			4.05			-0.356677

0			4.1			0.34676
1			4.1			0.218725
2			4.1			0.0817732
3			4.1			0.075311
4			4.1			-0.075311
5			4.1			-0.0817732
6			4.1			-0.218725
7			4.1			-0.34676

0			4.15			0.336418
1			4.15			0.213017
2			4.15			0.0833532
3			4.15			0.073071
4			4.15			-0.073071
5			4.15			-0.0833532
6			4.15			-0.213017
7			4.15			-0.336418

0			4.2			0.325652
1			4.2			0.207676
2			4.2			0.0851337
3			4.2			0.0705181
4			4.2			-0.0705181
5			4.2			-0.0851337
6			4.2			-0.207676
7			4.2			-0.325652

0			4.25			0.314466
1			4.25			0.202719
2			4.25			0.0870812
3			4.25			0.0676781
4			4.25			-0.0676781
5			4.25			-0.0870812
6			4.25			-0.202719
7			4.25			-0.314466

0			4.3			0.302862
1			4.3			0.198161
2			4.3			0.0891616
3			4.3			0.064579
4			4.3			-0.064579
5			4.3			-0.0891616
6			4.3			-0.198161
7			4.3			-0.302862

0			4.35			0.290845
1			4.35			0.194016
2			4.35			0.0913416
3			4.35			0.0612504
4			4.35			-0.0612504
5			4.35			-0.0913416
6			4.35			-0.194016
7			4.35			-0.290845

0			4.4			0.278422
1			4.4			0.190294
2			4.4			0.0935879
3			4.4			0.0577234
4			4.4			-0.0577234
5			4.4			-0.0935879
6			4.4			-0.190294
7			4.4			-0.278422

0			4.45			0.265601
1			4.45			0.187003
2			4.45			0.0958683
3			4.45			0.0540302
4			4.45			-0.0540302
5			4.45			-0.0958683
6			4.45			-0.187003
7			4.45			-0.265601

0			4.5			0.252392
1			4.5			0.184148
2			4.5			0.0981515
3			4.5			0.0502038
4			4.5			-0.0502038
5			4.5			-0.0981515
6			4.5			-0.184148
7			4.5			-0.252392

0			4.55			0.238804
1			4.55			0.181732
2			4.55			0.100407
3			4.55			0.0462777
4			4.55			-0.0462777
5			4.55			-0.100407
6			4.55			-0.181732
7			4.55			-0.238804

0			4.6			0.224852
1			4.6			0.179754
2			4.6			0.102607
3			4.6			0.0422856
4			4.6			-0.0422856
5			4.6			-0.102607
6			4.6			-0.179754
7			4.6			-0.224852

0			4.65			0.210549
1			4.65			0.178212
2			4.65			0.104725
3			4.65			0.0382609
4			4.65			-0.0382609
5			4.65			-0.104725
6			4.65			-0.178212
7			4.65			-0.210549

0			4.7			0.19591
1			4.7			0.177098
2			4.7			0.106735
3			4.7			0.0342368
4			4.7			-0.0342368
5			4.7			-0.106735
6			4.7			-0.177098
7			4.7			-0.19591

0			4.75			0.180953
1			4.75			0.176403
2			4.75			0.108615
3			4.75			0.0302453
4			4.75			-0.0302453
5			4.75			-0.108615
6			4.75			-0.176403
7			4.75			-0.180953

0			4.8			0.165695
1			4.8			0.176116
2			4.8			0.110345
3			4.8			0.0263179
4			4.8			-0.0263179
5			4.8			-0.110345
6			4.8			-0.176116
7			4.8			-0.165695

0			4.85			0.150158
1			4.85			0.17622
2			4.85			0.111907
3			4.85			0.0224845
4			4.85			-0.0224845
5			4.85			-0.111907
6			4.85			-0.17622
7			4.85			-0.150158

0			4.9			0.134361
1			4.9			0.176697
2			4.9			0.113285
3			4.9			0.0187735
4			4.9			-0.0187735
5			4.9			-0.113285
6			4.9			-0.176697
7			4.9			-0.134361

0			4.95			0.118328
1			4.95			0.177527
2			4.95			0.114466
3			4.95			0.0152115
4			4.95			-0.0152115
5			4.95			-0.114466
6			4.95			-0.177527
7			4.95			-0.118328

0			5			0.102081
1			5			0.178685
2			5			0.115441
3			5			0.0118233
4			5			-0.0118233
5			5			-0.115441
6			5			-0.178685
7			5			-0.102081

0			5.05			0.085647
1			5.05			0.180143
2			5.05			0.116203
3			5.05			0.00863134
4			5.05			-0.00863134
5			5.05			-0.116203
6			5.05			-0.180143
7			5.05			-0.085647

0			5.1			0.06905
1			5.1			0.181874
2			5.1			0.116747
3			5.1			0.00565598
4			5.1			-0.00565598
5			5.1			-0.116747
6			5.1			-0.181874
7			5.1			-0.06905

0			5.15			0.0523174
1			5.15			0.183846
2			5.15			0.117072
3			5.15			0.00291504
4			5.15			-0.00291504
5			5.15			-0.117072
6			5.15			-0.183846
7			5.15			-0.0523174

0			5.2			0.0354766
1			5.2			0.186023
2			5.2			0.117179
3			5.2			0.000423825
4			5.2			-0.000423825
5			5.2			-0.117179
6			5.2			-0.186023
7			5.2			-0.0354766

0			5.25			0.0185562
1			5.25			0.18837
2			5.25			0.117071
3			5.25			-0.00180493
4			5.25			0.00180493
5			5.25			-0.117071
6			5.25			-0.18837
7			5.25			-0.0185562

0			5.3			0.00158501
1			5.3			0.190849
2			5.3			0.116756
3			5.3			-0.00376116
4			5.3			0.00376116
5			5.3			-0.116756
6			5.3			-0.190849
7			5.3			-0.00158501

0			5.35			-0.0154073
1			5.35			0.193419
2			5.35			0.116242
3			5.35			-0.00543746
4			5.35			0.00543746
5			5.35			-0.116242
6			5.35			-0.193419
7			5.35			0.0154073

0			5.4			-0.0323909
1			5.4			0.196041
2			5.4			0.115541
3			5.4			-0.00682908
4			5.4			0.00682908
5			5.4			-0.115541
6			5.4			-0.196041
7			5.4			0.0323909

0			5.45			-0.0493353
1			5.45			0.198671
2			5.45			0.114667
3			5.45			-0.00793391
4			5.45			0.00793391
5			5.45			-0.114667
6			5.45			-0.198671
7			5.45			0.0493353

0			5.5			-0.0662104
1			5.5			0.201265
2			5.5			0.113635
3			5.5			-0.00875243
4			5.5			0.00875243
5			5.5			-0.113635
6			5.5			-0.201265
7			5.5			0.0662104

0			5.55			-0.0829855
1			5.55			0.20378
2			5.55			0.112464
3			5.55			-0.0092876
4			5.55			0.0092876
5			5.55			-0.112464
6			5.55			-0.20378
7			5.55			0.0829855

0			5.6			-0.0996303
1			5.6			0.206171
2			5.6			0.111171
3			5.6			-0.00954478
4			5.6			0.00954478
5			5.6			-0.111171
6			5.6			-0.206171
7			5.6			0.0996303

0			5.65			-0.116115
1			5.65			0.208393
2			5.65			0.109779
3			5.65			-0.00953161
4			5.65			0.00953161
5			5.65			-0.109779
6			5.65			-0.208393
7			5.65			0.116115

0			5.7			-0.132409
1			5.7			0.210401
2			5.7			0.108309
3			5.7			-0.00925784
4			5.7			0.00925784
5			5.7			-0.108309
6			5.7			-0.210401
7			5.7			0.132409

0			5.75			-0.148484
1			5.75			0.212152
2			5.75			0.106784
3			5.75			-0.00873522
4			5.75			0.00873522
5			5.75			-0.106784
6			5.75			-0.212152
7			5.75			0.148484

0			5.8			-0.164311
1			5.8			0.213601
2			5.8			0.105227
3			5.8			-0.00797727
4			5.8			0.00797727
5			5.8			-0.105227
6			5.8			-0.213601
7			5.8			0.164311

0			5.85			-0.179861
1			5.85			0.214706
2			5.85			0.103663
3			5.85			-0.00699911
4			5.85			0.00699911
5			5.85			-0.103663
6			5.85			-0.214706
7			5.85			0.179861

0			5.9			-0.195109
1			5.9			0.215426
2			5.9			0.102116
3			5.9			-0.00581728
4			5.9			0.00581728
5			5.9			-0.102116
6			5.9			-0.215426
7			5.9			0.195109

0			5.95			-0.210027
1			5.95			0.215721
2			5.95			0.100609
3			5.95			-0.00444949
4			5.95			0.00444949
5			5.95			-0.100609
6			5.95			-0.215721
7			5.95			0.210027

0			6			-0.224591
1			6			0.215553
2			6			0.0991675
3			6			-0.00291443
4			6			0.00291443
5			6			-0.0991675
6			6			-0.215553
7			6			0.224591

0			6.05			-0.238777
1			6.05			0.214887
2			6.05			0.0978131
3			6.05			-0.00123156
4			6.05			0.00123156
5			6.05			-0.0978131
6			6.05			-0.214887
7			6.05			0.238777

0			6.1			-0.252563
1			6.1			0.213688
2			6.1			0.0965683
3			6.1			0.000579142
4			6.1			-0.000579142
5			6.1			-0.0965683
6			6.1			-0.213688
7			6.1			0.252563

0			6.15			-0.265928
1			6.15			0.211926
2			6.15			0.0954541
3			6.15			0.0024974
4			6.15			-0.0024974
5			6.15			-0.0954541
6			6.15			-0.211926
7			6.15			0.265928

0			6.2			-0.278853
1			6.2			0.209572
2			6.2			0.09449
3			6.2			0.00450285
4			6.2			-0.00450285
5			6.2			-0.09449
6			6.2			-0.209572
7			6.2			0.278853

0			6.25			-0.291319
1			6.25			0.206602
2			6.25			0.0936939
3			6.25			0.00657524
4			6.25			-0.00657524
5			6.25			-0.0936939
6			6.25			-0.206602
7			6.25			0.291319

0			6.3			-0.30331
1			6.3			0.202994
2			6.3			0.0930819
3			6.3			0.00869467
4			6.3			-0.00869467
5			6.3			-0.0930819
6			6.3			-0.202994
7			6.3			0.30331

0			6.35			-0.314813
1			6.35			0.198728
2			6.35			0.0926679
3			6.35			0.0108418
4			6.35			-0.0108418
5			6.35			-0.0926679
6			6.35			-0.198728
7			6.35			0.314813

0			6.4			-0.325815
1			6.4			0.193791
2			6.4			0.0924638
3			6.4			0.0129978
4			6.4			-0.0129978
5			6.4			-0.0924638
6			6.4			-0.193791
7			6.4			0.325815

0			6.45			-0.336304
1			6.45			0.18817
2			6.45			0.0924788
3			6.45			0.0151452
4			6.45			-0.0151452
5			6.45			-0.0924788
6			6.45			-0.18817
7			6.45			0.336304

0			6.5			-0.346273
1			6.5			0.181857
2			6.5			0.0927199
3			6.5			0.017267
4			6.5			-0.017267
5			6.5			-0.0927199
6			6.5			-0.181857
7			6.5			0.346273

0			6.55			-0.355715
1			6.55			0.17485
2			6.55			0.0931912
3			6.55			0.0193479
4			6.55			-0.0193479
5			6.55			-0.0931912
6			6.55			-0.17485
7			6.55			0.355715

0			6.6			-0.364625
1			6.6			0.167148
2			6.6			0.0938943
3			6.6			0.0213736
4			6.6			-0.0213736
5			6.6			-0.0938943
6			6.6			-0.167148
7			6.6			0.364625

0			6.65			-0.373001
1			6.65			0.158755
2			6.65			0.0948277
3			6.65			0.0233313
4			6.65			-0.0233313
5			6.65			-0.0948277
6			6.65			-0.158755
7			6.65			0.373001

0			6.7			-0.38084
1			6.7			0.149679
2			6.7			0.0959874
3			6.7			0.0252097
4			6.7			-0.0252097
5			6.7			-0.0959874
6			6.7			-0.149679
7			6.7			0.38084

0			6.75			-0.388146
1			6.75			0.139932
2			6.75			0.0973663
3			6.75			0.0269991
4			6.75			-0.0269991
5			6.75			-0.0973663
6			6.75			-0.139932
7			6.75			0.388146

0			6.8			-0.394921
1			6.8			0.12953
2			6.8			0.0989546
3			6.8			0.0286914
4			6.8			-0.0286914
5			6.8			-0.0989546
6			6.8			-0.12953
7			6.8			0.394921

0			6.85			-0.40117
1			6.85			0.118491
2			6.85			0.10074
3			6.85			0.0302802
4			6.85			-0.0302802
5			6.85			-0.10074
6			6.85			-0.118491
7			6.85			0.40117

0			6.9			-0.4069
1			6.9			0.10684
2			6.9			0.102706
3			6.9			0.0317605
4			6.9			-0.0317605
5			6.9			-0.102706
6			6.9			-0.10684
7			6.9			0.4069

0			6.95			-0.412121
1			6.95			0.0946025
2			6.95			0.104836
3			6.95			0.0331292
4			6.95			-0.0331292
5			6.95			-0.104836
6			6.95			-0.0946025
7			6.95			0.412121

0			7			-0.416842
1			7			0.0818095
2			7			0.107109
3			7			0.0343846
4			7			-0.0343846
5			7			-0.107109
6			7			-0.0818095
7			7			0.416842

0			7.05			-0.421077
1			7.05			0.0684942
2			7.05			0.109502
3			7.05			0.0355265
4			7.05			-0.0355265
5			7.05			-0.109502
6			7.05			-0.0684942
7			7.05			0.421077

0			7.1			-0.424839
1			7.1			0.0546935
2			7.1			0.111989
3			7.1			0.0365562
4			7.1			-0.0365562
5			7.1			-0.111989
6			7.1			-0.0546935
7			7.1			0.424839

0			7.15			-0.428144
1			7.15			0.0404466
2			7.15			0.114545
3			7.15			0.0374763
4			7.15			-0.0374763
5			7.15			-0.114545
6			7.15			-0.0404466
7			7.15			0.428144

0			7.2			-0.43101
1			7.2			0.025796
2			7.2			0.117139
3			7.2			0.0382906
4			7.2			-0.0382906
5			7.2			-0.117139
6			7.2			-0.025796
7			7.2			0.43101

0			7.25			-0.433454
1			7.25			0.0107861
2			7.25			0.119742
3			7.25			0.0390039
4			7.25			-0.0390039
5			7.25			-0.119742
6			7.25			-0.0107861
7			7.25			0.433454

0			7.3			-0.435497
1			7.3			-0.00453611
2			7.3			0.122321
3			7.3			0.0396221
4			7.3			-0.0396221
5			7.3			-0.122321
6			7.3			0.00453611
7			7.3			0.435497

0			7.35			-0.437159
1			7.35			-0.0201221
2			7.35			0.124843
3			7.35			0.0401518
4			7.35			-0.0401518
5			7.35			-0.124843
6			7.35			0.0201221
7			7.35			0.437159

0			7.4			-0.438461
1			7.4			-0.0359214
2			7.4			0.127275
3			7.4			0.0406002
4			7.4			-0.0406002
5			7.4			-0.127275
6			7.4			0.0359214
7			7.4			0.438461

0			7.45			-0.439428
1			7.45			-0.0518825
2			7.45			0.129583
3			7.45			0.0409749
4			7.45			-0.0409749
5			7.45			-0.129583
6			7.45			0.0518825
7			7.45			0.439428

0			7.5			-0.440083
1			7.5			-0.0679527
2			7.5			0.131731
3			7.5			0.0412839
4			7.5			-0.0412839
5			7.5			-0.131731
6			7.5			0.0679527
7			7.5			0.440083

0			7.55			-0.440448
1			7.55			-0.0840786
2			7.55			0.133685
3			7.55			0.0415351
4			7.55			-0.0415351
5			7.55			-0.133685
6			7.55			0.0840786
7			7.55			0.440448

0			7.6			-0.440551
1			7.6			-0.100207
2			7.6			0.135411
3			7.6			0.0417364
4			7.6			-0.0417364
5			7.6			-0.135411
6			7.6			0.100207
7			7.6			0.440551

0			7.65			-0.440414
1			7.65			-0.116283
2			7.65			0.136874
3			7.65			0.0418954
4			7.65			-0.0418954
5			7.65			-0.136874
6			7.65			0.116283
7			7.65			0.440414

0			7.7			-0.440064
1			7.7			-0.132253
2			7.7			0.138043
3			7.7			0.0420192
4			7.7			-0.0420192
5			7.7			-0.138043
6			7.7			0.132253
7			7.7			0.440064

0			7.75			-0.439526
1			7.75			-0.148065
2			7.75			0.138885
3			7.75			0.0421141
4			7.75			-0.0421141
5			7.75			-0.138885
6			7.75			0.148065
7			7.75			0.439526

0			7.8			-0.438826
1			7.8			-0.163667
2			7.8			0.139371
3			7.8			0.042186
4			7.8			-0.042186
5			7.8			-0.139371
6			7.8			0.163667
7			7.8			0.438826

0			7.85			-0.437988
1			7.85			-0.179007
2			7.85			0.139471
3			7.85			0.0422393
4			7.85			-0.0422393
5			7.85			-0.139471
6			7.85			0.179007
7			7.85			0.437988

0			7.9			-0.437037
1			7.9			-0.194035
2			7.9			0.139159
3			7.9			0.0422778
4			7.9			-0.0422778
5			7.9			-0.139159
6			7.9			0.194035
7			7.9			0.437037

0			7.95			-0.435998
1			7.95			-0.208704
2			7.95			0.138412
3			7.95			0.0423035
4			7.95			-0.0423035
5			7.95			-0.138412
6			7.95			0.208704
7			7.95			0.435998

0			8			-0.434895
1			8			-0.222969
2			8			0.137206
3			8			0.0423175
4			8			-0.0423175
5			8			-0.137206
6			8			0.222969
7			8			0.434895

0			8.05			-0.43375
1			8.05			-0.236785
2			8.05			0.135524
3			8.05			0.0423192
4			8.05			-0.0423192
5			8.05			-0.135524
6			8.05			0.236785
7			8.05			0.43375

0			8.1			-0.432587
1			8.1			-0.250111
2			8.1			0.133348
3			8.1			0.0423064
4			8.1			-0.0423064
5			8.1			-0.133348
6			8.1			0.250111
7			8.1			0.432587

0			8.15			-0.431426
1			8.15			-0.262909
2			8.15			0.130665
3			8.15			0.0422754
4			8.15			-0.0422754
5			8.15			-0.130665
6			8.15			0.262909
7			8.15			0.431426

0			8.2			-0.430289
1			8.2			-0.275144
2			8.2			0.127464
3			8.2			0.0422208
4			8.2			-0.0422208
5			8.2			-0.127464
6			8.2			0.275144
7			8.2			0.430289

0			8.25			-0.429195
1			8.25			-0.286783
2			8.25			0.12374
3			8.25			0.0421355
4			8.25			-0.0421355
5			8.25			-0.12374
6			8.25			0.286783
7			8.25			0.429195

0			8.3			-0.428161
1			8.3			-0.297797
2			8.3			0.119487
3			8.3			0.0420107
4			8.3			-0.0420107
5			8.3			-0.119487
6			8.3			0.297797
7			8.3			0.428161

0			8.35			-0.427206
1			8.35			-0.308161
2			8.35			0.114706
3			8.35			0.041836
4			8.35			-0.041836
5			8.35			-0.114706
6			8.35			0.308161
7			8.35			0.427206

0			8.4			-0.426344
1			8.4			-0.317852
2			8.4			0.109399
3			8.4			0.0415994
4			8.4			-0.0415994
5			8.4			-0.109399
6			8.4			0.317852
7			8.4			0.426344

0			8.45			-0.42559
1			8.45			-0.326853
2			8.45			0.103574
3			8.45			0.0412873
4			8.45			-0.0412873
5			8.45			-0.103574
6			8.45			0.326853
7			8.45			0.42559

0			8.5			-0.424958
1			8.5			-0.335148
2			8.5			0.0972393
3			8.5			0.0408847
4			8.5			-0.0408847
5			8.5			-0.0972393
6			8.5			0.335148
7			8.5			0.424958

0			8.55			-0.424457
1			8.55			-0.342726
2			8.55			0.090409
3			8.55			0.0403751
4			8.55			-0.0403751
5			8.55			-0.090409
6			8.55			0.342726
7			8.55			0.424457

0			8.6			-0.424099
1			8.6			-0.349581
2			8.6			0.0830993
3			8.6			0.0397411
4			8.6			-0.0397411
5			8.6			-0.0830993
6			8.6			0.349581
7			8.6			0.424099

0			8.65			-0.423891
1			8.65			-0.355708
2			8.65			0.0753299
3			8.65			0.0389641
4			8.65			-0.0389641
5			8.65			-0.0753299
6			8.65			0.355708
7			8.65			0.423891

0			8.7			-0.423841
1			8.7			-0.361108
2			8.7			0.0671235
3			8.7			0.0380246
4			8.7			-0.0380246
5			8.7			-0.0671235
6			8.7			0.361108
7			8.7			0.423841

0			8.75			-0.423954
1			8.75			-0.365785
2			8.75			0.0585057
3			8.75			0.0369024
4			8.75			-0.0369024
5			8.75			-0.0585057
6			8.75			0.365785
7			8.75			0.423954

0			8.8			-0.424233
1			8.8			-0.369747
2			8.8			0.0495047
3			8.8			0.035577
4			8.8			-0.035577
5			8.8			-0.0495047
6			8.8			0.369747
7			8.8			0.424233

0			8.85			-0.424681
1			8.85			-0.373003
2			8.85			0.0401515
3			8.85			0.0340274
4			8.85			-0.0340274
5			8.85			-0.0401515
6			8.85			0.373003
7			8.85			0.424681

0			8.9			-0.425298
1			8.9			-0.37557
2			8.9			0.030479
3			8.9			0.0322328
4			8.9			-0.0322328
5			8.9			-0.030479
6			8.9			0.37557
7			8.9			0.425298

0			8.95			-0.426084
1			8.95			-0.377464
2			8.95			0.0205224
3			8.95			0.0301725
4			8.95			-0.0301725
5			8.95			-0.0205224
6			8.95			0.377464
7			8.95			0.426084

0			9			-0.427037
1			9			-0.378707
2			9			0.0103185
3			9			0.0278262
4			9			-0.0278262
5			9			-0.0103185
6			9			0.378707
7			9			0.427037

0			9.05			-0.428152
1			9.05			-0.379321
2			9.05			-9.40854e-05
3			9.05			0.0251747
4			9.05			-0.0251747
5			9.05			9.40854e-05
6			9.05			0.379321
7			9.05			0.428152

0			9.1			-0.429426
1			9.1			-0.379334
2			9.1			-0.0106758
3			9.1			0.0221992
4			9.1			-0.0221992
5			9.1			0.0106758
6			9.1			0.379334
7			9.1			0.429426

0			9.15			-0.430851
1			9.15			-0.378774
2			9.15			-0.0213859
3			9.15			0.0188827
4			9.15			-0.0188827
5			9.15			0.0213859
6			9.15			0.378774
7			9.15			0.430851

0			9.2			-0.432421
1			9.2			-0.377673
2			9.2			-0.0321833
3			9.2			0.0152093
4			9.2			-0.0152093
5			9.2			0.0321833
6			9.2			0.377673
7			9.2			0.432421

0			9.25			-0.434127
1			9.25			-0.376064
2			9.25			-0.0430262
3			9.25			0.0111649
4			9.25			-0.0111649
5			9.25			0.0430262
6			9.25			0.376064
7			9.25			0.434127

0			9.3			-0.43596
1			9.3			-0.373981
2			9.3			-0.0538731
3			9.3			0.00673762
4			9.3			-0.00673762
5			9.3			0.0538731
6			9.3			0.373981
7			9.3			0.43596

0			9.35			-0.437908
1			9.35			-0.371462
2			9.35			-0.0646825
3			9.35			0.00191751
4			9.35			-0.00191751
5			9.35			0.0646825
6			9.35			0.371462
7			9.35			0.437908

0			9.4			-0.439961
1			9.4			-0.368544
2			9.4			-0.0754137
3			9.4			-0.00330281
4			9.4			0.00330281
5			9.4			0.0754137
6			9.4			0.368544
7			9.4			0.439961

0			9.45			-0.442107
1			9.45			-0.365267
2			9.45			-0.0860266
3			9.45			-0.00892816
4			9.45			0.00892816
5			9.45			0.0860266
6			9.45			0.365267
7			9.45			0.442107

0			9.5			-0.444333
1			9.5			-0.36167
2			9.5			-0.0964827
3			9.5			-0.0149605
4			9.5			0.0149605
5			9.5			0.0964827
6			9.5			0.36167
7			9.5			0.444333

0			9.55			-0.446625
1			9.55			-0.357793
2			9.55			-0.106744
3			9.55			-0.0213989
4			9.55			0.0213989
5			9.55			0.106744
6			9.55			0.357793
7			9.55			0.446625

0			9.6			-0.448969
1			9.6			-0.353676
2			9.6			-0.116776
3			9.6			-0.0282393
4			9.6			0.0282393
5			9.6			0.116776
6			9.6			0.353676
7			9.6			0.448969

0			9.65			-0.451351
1			9.65			-0.349362
2			9.65			-0.126545
3			9.65			-0.0354744
4			9.65			0.0354744
5			9.65			0.126545
6			9.65			0.349362
7			9.65			0.451351

0			9.7			-0.453757
1			9.7			-0.344888
2			9.7			-0.136018
3			9.7			-0.0430935
4			9.7			0.0430935
5			9.7			0.136018
6			9.7			0.344888
7			9.7			0.453757

0			9.75			-0.456172
1			9.75			-0.340296
2			9.75			-0.145167
3			9.75			-0.0510827
4			9.75			0.0510827
5			9.75			0.145167
6			9.75			0.340296
7			9.75			0.456172

0			9.8			-0.458581
1			9.8			-0.335624
2			9.8			-0.153966
3			9.8			-0.0594245
4			9.8			0.0594245
5			9.8			0.153966
6			9.8			0.335624
7			9.8			0.458581

0			9.85			-0.460969
1			9.85			-0.33091
2			9.85			-0.162391
3			9.85			-0.0680982
4			9.85			0.0680982
5			9.85			0.162391
6			9.85			0.33091
7			9.85			0.460969

0			9.9			-0.46332
1			9.9			-0.326192
2			9.9			-0.170421
3			9.9			-0.0770795
4			9.9			0.0770795
5			9.9			0.170421
6			9.9			0.326192
7			9.9			0.46332

0			9.95			-0.465622
1			9.95			-0.321503
2			9.95			-0.178039
3			9.95			-0.086341
4			9.95			0.086341
5			9.95			0.178039
6			9.95			0.321503
7			9.95			0.465622

0			10			-0.467859
1			10			-0.316878
2			10			-0.18523
3			10			-0.0958518
4			10			0.0958518
5			10			0.18523
6			10			0.316878
7			10			0.467859

0			10.05			-0.470017
1			10.05			-0.31235
2			10.05			-0.191982
3			10.05			-0.105578
4			10.05			0.105578
5			10.05			0.191982
6			10.05			0.31235
7			10.05			0.470017

0			10.1			-0.472083
1			10.1			-0.307947
2			10.1			-0.198289
3			10.1			-0.115483
4			10.1			0.115483
5			10.1			0.198289
6			10.1			0.307947
7			10.1			0.472083

0			10.15			-0.474044
1			10.15			-0.303699
2			10.15			-0.204145
3			10.15			-0.125527
4			10.15			0.125527
5			10.15			0.204145
6			10.15			0.303699
7			10.15			0.474044

0			10.2			-0.475886
1			10.2			-0.299631
2			10.2			-0.209549
3			10.2			-0.135667
4			10.2			0.135667
5			10.2			0.209549
6			10.2			0.299631
7			10.2			0.475886

0			10.25			-0.477599
1			10.25			-0.295766
2			10.25			-0.214502
3			10.25			-0.145859
4			10.25			0.145859
5			10.25			0.214502
6			10.25			0.295766
7			10.25			0.477599

0			10.3			-0.479171
1			10.3			-0.292125
2			10.3			-0.21901
3			10.3			-0.156057
4			10.3			0.156057
5			10.3			0.21901
6			10.3			0.292125
7			10.3			0.479171

0			10.35			-0.480592
1			10.35			-0.288728
2			10.35			-0.223081
3			10.35			-0.166211
4			10.35			0.166211
5			10.35			0.223081
6			10.35			0.288728
7			10.35			0.480592

0			10.4			-0.481851
1			10.4			-0.285591
2			10.4			-0.226726
3			10.4			-0.176273
4			10.4			0.176273
5			10.4			0.226726
6			10.4			0.285591
7			10.4			0.481851

0			10.45			-0.482941
1			10.45			-0.282727
2			10.45			-0.22996
3			10.45			-0.186189
4			10.45			0.186189
5			10.45			0.22996
6			10.45			0.282727
7			10.45			0.482941

0			10.5			-0.483852
1			10.5			-0.280147
2			10.5			-0.232797
3			10.5			-0.19591
4			10.5			0.19591
5			10.5			0.232797
6			10.5			0.280147
7			10.5			0.483852

0			10.55			-0.484578
1			10.55			-0.27786
2			10.55			-0.235259
3			10.55			-0.205381
4			10.55			0.205381
5			10.55			0.235259
6			10.55			0.27786
7			10.55			0.484578

0			10.6			-0.485113
1			10.6			-0.275872
2			10.6			-0.237365
3			10.6			-0.214552
4			10.6			0.214552
5			10.6			0.237365
6			10.6			0.275872
7			10.6			0.485113

0			10.65			-0.485451
1			10.65			-0.274187
2			10.65			-0.23914
3			10.65			-0.223368
4			10.65			0.223368
5			10.65			0.23914
6			10.65			0.274187
7			10.65			0.485451

0			10.7			-0.485587
1			10.7			-0.272806
2			10.7			-0.240608
3			10.7			-0.23178
4			10.7			0.23178
5			10.7			0.240608
6			10.7			0.272806
7			10.7			0.485587

0			10.75			-0.485518
1			10.75			-0.271728
2			10.75			-0.241798
3			10.75			-0.239736
4			10.75			0.239736
5			10.75			0.241798
6			10.75			0.271728
7			10.75			0.485518

0			10.8			-0.485241
1			10.8			-0.270951
2			10.8			-0.242735
3			10.8			-0.247188
4			10.8			0.247188
5			10.8			0.242735
6			10.8			0.270951
7			10.8			0.485241

0			10.85			-0.484755
1			10.85			-0.270467
2			10.85			-0.243451
3			10.85			-0.254088
4			10.85			0.254088
5			10.85			0.243451
6			10.85			0.270467
7			10.85			0.484755

0			10.9			-0.484058
1			10.9			-0.270271
2			10.9			-0.243974
3			10.9			-0.260392
4			10.9			0.260392
5			10.9			0.243974
6			10.9			0.270271
7			10.9			0.484058

0			10.95			-0.48315
1			10.95			-0.270353
2			10.95			-0.244335
3			10.95			-0.266058
4			10.95			0.266058
5			10.95			0.244335
6			10.95			0.270353
7			10.95			0.48315

0			11			-0.482032
1			11			-0.270703
2			11			-0.244564
3			11			-0.271046
4			11			0.271046
5			11			0.244564
6			11			0.270703
7			11			0.482032

0			11.05			-0.480705
1			11.05			-0.271307
2			11.05			-0.244692
3			11.05			-0.275322
4			11.05			0.275322
5			11.05			0.244692
6			11.05			0.271307
7			11.05			0.480705

0			11.1			-0.479171
1			11.1			-0.272151
2			11.1			-0.244748
3			11.1			-0.278852
4			11.1			0.278852
5			11.1			0.244748
6			11.1			0.272151
7			11.1			0.479171

0			11.15			-0.477434
1			11.15			-0.273222
2			11.15			-0.244763
3			11.15			-0.28161
4			11.15			0.28161
5			11.15			0.244763
6			11.15			0.273222
7			11.15			0.477434

0			11.2			-0.475496
1			11.2			-0.274502
2			11.2			-0.244763
3			11.2			-0.283571
4			11.2			0.283571
5			11.2			0.244763
6			11.2			0.274502
7			11.2			0.475496

0			11.25			-0.473362
1			11.25			-0.275974
2			11.25			-0.244777
3			11.25			-0.284716
4			11.25			0.284716
5			11.25			0.244777
6			11.25			0.275974
7			11.25			0.473362

0			11.3			-0.471036
1			11.3			-0.277621
2			11.3			-0.244829
3			11.3			-0.285031
4			11.3			0.285031
5			11.3			0.244829
6			11.3			0.277621
7			11.3			0.471036

0			11.35			-0.468524
1			11.35			-0.279424
2			11.35			-0.244944
3			11.35			-0.284507
4			11.35			0.284507
5			11.35			0.244944
6			11.35			0.279424
7			11.35			0.468524

0			11.4			-0.465831
1			11.4			-0.281364
2			11.4			-0.245143
3			11.4			-0.283138
4			11.4			0.283138
5			11.4			0.245143
6			11.4			0.281364
7			11.4			0.465831

0			11.45			-0.462962
1			11.45			-0.283422
2			11.45			-0.245447
3			11.45			-0.280927
4			11.45			0.280927
5			11.45			0.245447
6			11.45			0.283422
7			11.45			0.462962

0			11.5			-0.459925
1			11.5			-0.285579
2			11.5			-0.245873
3			11.5			-0.277879
4			11.5			0.277879
5			11.5			0.245873
6			11.5			0.285579
7			11.5			0.459925

0			11.55			-0.456726
1			11.55			-0.287816
2			11.55			-0.246436
3			11.55			-0.274006
4			11.55			0.274006
5			11.55			0.246436
6			11.55			0.287816
7			11.55			0.456726

0			11.6			-0.453371
1			11.6			-0.290115
2			11.6			-0.247148
3			11.6			-0.269325
4			11.6			0.269325
5			11.6			0.247148
6			11.6			0.290115
7			11.6			0.453371

0			11.65			-0.449867
1			11.65			-0.292456
2			11.65			-0.24802
3			11.65			-0.263858
4			11.65			0.263858
5			11.65			0.24802
6			11.65			0.292456
7			11.65			0.449867

0			11.7			-0.446222
1			11.7			-0.294823
2			11.7			-0.249058
3			11.7			-0.257633
4			11.7			0.257633
5			11.7			0.249058
6			11.7			0.294823
7			11.7			0.446222

0			11.75			-0.442442
1			11.75			-0.297197
2			11.75			-0.250267
3			11.75			-0.250682
4			11.75			0.250682
5			11.75			0.250267
6			11.75			0.297197
7			11.75			0.442442

0			11.8			-0.438535
1			11.8			-0.299563
2			11.8			-0.251648
3			11.8			-0.243044
4			11.8			0.243044
5			11.8			0.251648
6			11.8			0.299563
7			11.8			0.438535

0			11.85			-0.434507
1			11.85			-0.301904
2			11.85			-0.2532
3			11.85			-0.234761
4			11.85			0.234761
5			11.85			0.2532
6			11.85			0.301904
7			11.85			0.434507

0			11.9			-0.430366
1			11.9			-0.304207
2			11.9			-0.254918
3			11.9			-0.225879
4			11.9			0.225879
5			11.9			0.254918
6			11.9			0.304207
7			11.9			0.430366

0			11.95			-0.426119
1			11.95			-0.306457
2			11.95			-0.256796
3			11.95			-0.21645
4			11.95			0.21645
5			11.95			0.256796
6			11.95			0.306457
7			11.95			0.426119

0			12			-0.421772
1			12			-0.308643
2			12			-0.258823
3			12			-0.20653
4			12			0.20653
5			12			0.258823
6			12			0.308643
7			12			0.421772

0			12.05			-0.417331
1			12.05			-0.310753
2			12.05			-0.260988
3			12.05			-0.196176
4			12.05			0.196176
5			12.05			0.260988
6			12.05			0.310753
7			12.05			0.417331

0			12.1			-0.412804
1			12.1			-0.312777
2			12.1			-0.263274
3			12.1			-0.185452
4			12.1			0.185452
5			12.1			0.263274
6			12.1			0.312777
7			12.1			0.412804

0			12.15			-0.408195
1			12.15			-0.314707
2			12.15			-0.265666
3			12.15			-0.174421
4			12.15			0.174421
5			12.15			0.265666
6			12.15			0.314707
7			12.15			0.408195

0			12.2			-0.40351
1			12.2			-0.316535
2			12.2			-0.268144
3			12.2			-0.163152
4			12.2			0.163152
5			12.2			0.268144
6			12.2			0.316535
7			12.2			0.40351

0			12.25			-0.398755
1			12.25			-0.318254
2			12.25			-0.270686
3			12.25			-0.151713
4			12.25			0.151713
5			12.25			0.270686
6			12.25			0.318254
7			12.25			0.398755

0			12.3			-0.393935
1			12.3			-0.319861
2			12.3			-0.27327
3			12.3			-0.140176
4			12.3			0.140176
5			12.3			0.27327
6			12.3			0.319861
7			12.3			0.393935

0			12.35			-0.389053
1			12.35			-0.321351
2			12.35			-0.27587
3			12.35			-0.128611
4			12.35			0.128611
5			12.35			0.27587
6			12.35			0.321351
7			12.35			0.389053

0			12.4			-0.384116
1			12.4			-0.322722
2			12.4			-0.278462
3			12.4			-0.117091
4			12.4			0.117091
5			12.4			0.278462
6			12.4			0.322722
7			12.4			0.384116

0			12.45			-0.379125
1			12.45			-0.323973
2			12.45			-0.281017
3			12.45			-0.105689
4			12.45			0.105689
5			12.45			0.281017
6			12.45			0.323973
7			12.45			0.379125

0			12.5			-0.374086
1			12.5			-0.325104
2			12.5			-0.283509
3			12.5			-0.0944755
4			12.5			0.0944755
5			12.5			0.283509
6			12.5			0.325104
7			12.5			0.374086

0			12.55			-0.368999
1			12.55			-0.326117
2			12.55			-0.285908
3			12.55			-0.0835217
4			12.55			0.0835217
5			12.55			0.285908
6			12.55			0.326117
7			12.55			0.368999

0			12.6			-0.36387
1			12.6			-0.327013
2			12.6			-0.288187
3			12.6			-0.0728965
4			12.6			0.0728965
5			12.6			0.288187
6			12.6			0.327013
7			12.6			0.36387

0			12.65			-0.358698
1			12.65			-0.327795
2			12.65			-0.290317
3			12.65			-0.0626669
4			12.65			0.0626669
5			12.65			0.290317
6			12.65			0.327795
7			12.65			0.358698

0			12.7			-0.353487
1			12.7			-0.328467
2			12.7			-0.292269
3			12.7			-0.0528975
4			12.7			0.0528975
5			12.7			0.292269
6			12.7			0.328467
7			12.7			0.353487

0			12.75			-0.348238
1			12.75			-0.329036
2			12.75			-0.294017
3			12.75			-0.0436496
4			12.75			0.0436496
5			12.75			0.294017
6			12.75			0.329036
7			12.75			0.348238

0			12.8			-0.342952
1			12.8			-0.329504
2			12.8			-0.295533
3			12.8			-0.0349812
4			12.8			0.0349812
5			12.8			0.295533
6			12.8			0.329504
7			12.8			0.342952

0			12.85			-0.337629
1			12.85			-0.329881
2			12.85			-0.296792
3			12.85			-0.0269464
4			12.85			0.0269464
5			12.85			0.296792
6			12.85			0.329881
7			12.85			0.337629

0			12.9			-0.33227
1			12.9			-0.33017
2			12.9			-0.297769
3			12.9			-0.0195948
4			12.9			0.0195948
5			12.9			0.297769
6			12.9			0.33017
7			12.9			0.33227

0			12.95			-0.326875
1			12.95			-0.330381
2			12.95			-0.298443
3			12.95			-0.0129714
4			12.95			0.0129714
5			12.95			0.298443
6			12.95			0.330381
7			12.95			0.326875

0			13			-0.321445
1			13			-0.33052
2			13			-0.298791
3			13			-0.0071162
4			13			0.0071162
5			13			0.298791
6			13			0.33052
7			13			0.321445

0			13.05			-0.315977
1			13.05			-0.330596
2			13.05			-0.298797
3			13.05			-0.00206373
4			13.05			0.00206373
5			13.05			0.298797
6			13.05			0.330596
7			13.05			0.315977

0			13.1			-0.310472
1			13.1			-0.330615
2			13.1			-0.298442
3			13.1			0.00215713
4			13.1			-0.00215713
5			13.1			0.298442
6			13.1			0.330615
7			13.1			0.310472

0			13.15			-0.304928
1			13.15			-0.330587
2			13.15			-0.297713
3			13.15			0.00552336
4			13.15			-0.00552336
5			13.15			0.297713
6			13.15			0.330587
7			13.15			0.304928

0			13.2			-0.299345
1			13.2			-0.330519
2			13.2			-0.296599
3			13.2			0.00801805
4			13.2			-0.00801805
5			13.2			0.296599
6			13.2			0.330519
7			13.2			0.299345

0			13.25			-0.293721
1			13.25			-0.330418
2			13.25			-0.29509
3			13.25			0.0096305
4			13.25			-0.0096305
5			13.25			0.29509
6			13.25			0.330418
7			13.25			0.293721

0			13.3			-0.288054
1			13.3			-0.330293
2			13.3			-0.293182
3			13.3			0.0103564
4			13.3			-0.0103564
5			13.3			0.293182
6			13.3			0.330293
7			13.3			0.288054

0			13.35			-0.282343
1			13.35			-0.330151
2			13.35			-0.29087
3			13.35			0.0101978
4			13.35			-0.0101978
5			13.35			0.29087
6			13.35			0.330151
7			13.35			0.282343

0			13.4			-0.276586
1			13.4			-0.33
2			13.4			-0.288155
3			13.4			0.00916309
4			13.4			-0.00916309
5			13.4			0.288155
6			13.4			0.33
7			13.4			0.276586

0			13.45			-0.270781
1			13.45			-0.329845
2			13.45			-0.28504
3			13.45			0.00726725
4			13.45			-0.00726725
5			13.45			0.28504
6			13.45			0.329845
7			13.45			0.270781

0			13.5			-0.264926
1			13.5			-0.329692
2			13.5			-0.28153
3			13.5			0.00453138
4			13.5			-0.00453138
5			13.5			0.28153
6			13.5			0.329692
7			13.5			0.264926

0			13.55			-0.259019
1			13.55			-0.329549
2			13.55			-0.277635
3			13.55			0.000982808
4			13.55			-0.000982808
5			13.55			0.277635
6			13.55			0.329549
7			13.55			0.259019

0			13.6			-0.253058
1			13.6			-0.32942
2			13.6			-0.273367
3			13.6			-0.00334514
4			13.6			0.00334514
5			13.6			0.273367
6			13.6			0.32942
7			13.6			0.253058

0			13.65			-0.247042
1			13.65			-0.329309
2			13.65			-0.268739
3			13.65			-0.00841336
4			13.65			0.00841336
5			13.65			0.268739
6			13.65			0.329309
7			13.65			0.247042

0			13.7			-0.240968
1			13.7			-0.329222
2			13.7			-0.263771
3			13.7			-0.0141772
4			13.7			0.0141772
5			13.7			0.263771
6			13.7			0.329222
7			13.7			0.240968

0			13.75			-0.234834
1			13.75			-0.329161
2			13.75			-0.258481
3			13.75			-0.0205869
4			13.75			0.0205869
5			13.75			0.258481
6			13.75			0.329161
7			13.75			0.234834

0			13.8			-0.228639
1			13.8			-0.329129
2			13.8			-0.252893
3			13.8			-0.0275878
4			13.8			0.0275878
5			13.8			0.252893
6			13.8			0.329129
7			13.8			0.228639

0			13.85			-0.222381
1			13.85			-0.329129
2			13.85			-0.247031
3			13.85			-0.0351206
4			13.85			0.0351206
5			13.85			0.247031
6			13.85			0.329129
7			13.85			0.222381

0			13.9			-0.216059
1			13.9			-0.329162
2			13.9			-0.240923
3			13.9			-0.043122
4			13.9			0.043122
5			13.9			0.240923
6			13.9			0.329162
7			13.9			0.216059

0			13.95			-0.20967
1			13.95			-0.32923
2			13.95			-0.234598
3			13.95			-0.0515253
4			13.95			0.0515253
5			13.95			0.234598
6			13.95			0.32923
7			13.95			0.20967

0			14			-0.203214
1			14			-0.329333
2			14			-0.228086
3			14			-0.0602603
4			14			0.0602603
5			14			0.228086
6			14			0.329333
7			14			0.203214

0			14.05			-0.196689
1			14.05			-0.329471
2			14.05			-0.221419
3			14.05			-0.0692543
4			14.05			0.0692543
5			14.05			0.221419
6			14.05			0.329471
7			14.05			0.196689

0			14.1			-0.190095
1			14.1			-0.329643
2			14.1			-0.214632
3			14.1			-0.0784326
4			14.1			0.0784326
5			14.1			0.214632
6			14.1			0.329643
7			14.1			0.190095

0			14.15			-0.18343
1			14.15			-0.32985
2			14.15			-0.207759
3			14.15			-0.0877185
4			14.15			0.0877185
5			14.15			0.207759
6			14.15			0.32985
7			14.15			0.18343

0			14.2			-0.176694
1			14.2			-0.330089
2			14.2			-0.200835
3			14.2			-0.0970347
4			14.2			0.0970347
5			14.2			0.200835
6			14.2			0.330089
7			14.2			0.176694

0			14.25			-0.169887
1			14.25			-0.330358
2			14.25			-0.193895
3			14.25			-0.106303
4			14.25			0.106303
5			14.25			0.193895
6			14.25			0.330358
7			14.25			0.169887

0			14.3			-0.163008
1			14.3			-0.330656
2			14.3			-0.186976
3			14.3			-0.115446
4			14.3			0.115446
5			14.3			0.186976
6			14.3			0.330656
7			14.3			0.163008

0			14.35			-0.156057
1			14.35			-0.33098
2			14.35			-0.180112
3			14.35			-0.124385
4			14.35			0.124385
5			14.35			0.180112
6			14.35			0.33098
7			14.35			0.156057

0			14.4			-0.149034
1			14.4			-0.331328
2			14.4			-0.17334
3			14.4			-0.133045
4			14.4			0.133045
5			14.4			0.17334
6			14.4			0.331328
7			14.4			0.149034

0			14.45			-0.14194
1			14.45			-0.331696
2			14.45			-0.166694
3			14.45			-0.141351
4			14.45			0.141351
5			14.45			0.166694
6			14.45			0.331696
7			14.45			0.14194

0			14.5			-0.134776
1			14.5			-0.332081
2			14.5			-0.160207
3			14.5			-0.149231
4			14.5			0.149231
5			14.5			0.160207
6			14.5			0.332081
7			14.5			0.134776

0			14.55			-0.127542
1			14.55			-0.332481
2			14.55			-0.153911
3			14.55			-0.156616
4			14.55			0.156616
5			14.55			0.153911
6			14.55			0.332481
7			14.55			0.127542

0			14.6			-0.120239
1			14.6			-0.332892
2			14.6			-0.147838
3			14.6			-0.163439
4			14.6			0.163439
5			14.6			0.147838
6			14.6			0.332892
7			14.6			0.120239

0			14.65			-0.112869
1			14.65			-0.333312
2			14.65			-0.142017
3			14.65			-0.169639
4			14.65			0.169639
5			14.65			0.142017
6			14.65			0.333312
7			14.65			0.112869

0			14.7			-0.105433
1			14.7			-0.333736
2			14.7			-0.136474
3			14.7			-0.175155
4			14.7			0.175155
5			14.7			0.136474
6			14.7			0.333736
7			14.7			0.105433

0			14.75			-0.0979325
1			14.75			-0.334161
2			14.75			-0.131236
3			14.75			-0.179936
4			14.75			0.179936
5			14.75			0.131236
6			14.75			0.334161
7			14.75			0.0979325

0			14.8			-0.0903703
1			14.8			-0.334586
2			14.8			-0.126324
3			14.8			-0.183933
4			14.8			0.183933
5			14.8			0.126324
6			14.8			0.334586
7			14.8			0.0903703

0			14.85			-0.0827484
1			14.85			-0.335006
2			14.85			-0.12176
3			14.85			-0.187102
4			14.85			0.187102
5			14.85			0.12176
6			14.85			0.335006
7			14.85			0.0827484

0			14.9			-0.0750693
1			14.9			-0.335419
2			14.9			-0.11756
3			14.9			-0.189405
4			14.9			0.189405
5			14.9			0.11756
6			14.9			0.335419
7			14.9			0.0750693

0			14.95			-0.0673356
1			14.95			-0.335823
2			14.95			-0.113739
3			14.95			-0.190812
4			14.95			0.190812
5			14.95			0.113739
6			14.95			0.335823
7			14.95			0.0673356

0			15			-0.0595505
1			15			-0.336215
2			15			-0.11031
3			15			-0.191296
4			15			0.191296
5			15			0.11031
6			15			0.336215
7			15			0.0595505

0			15.05			-0.0517172
1			15.05			-0.336592
2			15.05			-0.107282
3			15.05			-0.190838
4			15.05			0.190838
5			15.05			0.107282
6			15.05			0.336592
7			15.05			0.0517172

0			15.1			-0.0438391
1			15.1			-0.336953
2			15.1			-0.10466
3			15.1			-0.189425
4			15.1			0.189425
5			15.1			0.10466
6			15.1			0.336953
7			15.1			0.0438391

0			15.15			-0.03592
1			15.15			-0.337297
2			15.15			-0.102447
3			15.15			-0.187052
4			15.15			0.187052
5			15.15			0.102447
6			15.15			0.337297
7			15.15			0.03592

0			15.2			-0.0279639
1			15.2			-0.33762
2			15.2			-0.100645
3			15.2			-0.183718
4			15.2			0.183718
5			15.2			0.100645
6			15.2			0.33762
7			15.2			0.0279639

0			15.25			-0.019975
1			15.25			-0.337923
2			15.25			-0.0992482
3			15.25			-0.17943
4			15.25			0.17943
5			15.25			0.0992482
6			15.25			0.337923
7			15.25			0.019975

0			15.3			-0.0119578
1			15.3			-0.338202
2			15.3			-0.0982525
3			15.3			-0.174202
4			15.3			0.174202
5			15.3			0.0982525
6			15.3			0.338202
7			15.3			0.0119578

0			15.35			-0.00391702
1			15.35			-0.338458
2			15.35			-0.0976487
3			15.35			-0.168054
4			15.35			0.168054
5			15.35			0.0976487
6			15.35			0.338458
7			15.35			0.00391702

0			15.4			0.00414231
1			15.4			-0.338688
2			15.4			-0.0974253
3			15.4			-0.161011
4			15.4			0.161011
5			15.4			0.0974253
6			15.4			0.338688
7			15.4			-0.00414231

0			15.45			0.012215
1			15.45			-0.338892
2			15.45			-0.097568
3			15.45			-0.153105
4			15.45			0.153105
5			15.45			0.097568
6			15.45			0.338892
7			15.45			-0.012215

0			15.5			0.0202955
1			15.5			-0.339068
2			15.5			-0.0980603
3			15.5			-0.144375
4			15.5			0.144375
5			15.5			0.0980603
6			15.5			0.339068
7			15.5			-0.0202955

0			15.55			0.0283782
1			15.55			-0.339215
2			15.55			-0.0988832
3			15.55			-0.134863
4			15.55			0.134863
5			15.55			0.0988832
6			15.55			0.339215
7			15.55			-0.0283782

0			15.6			0.0364572
1			15.6			-0.339332
2			15.6			-0.100016
3			15.6			-0.124619
4			15.6			0.124619
5			15.6			0.100016
6			15.6			0.339332
7			15.6			-0.0364572

0			15.65			0.0445261
1			15.65			-0.339417
2			15.65			-0.101435
3			15.65			-0.113696
4			15.65			0.113696
5			15.65			0.101435
6			15.65			0.339417
7			15.65			-0.0445261

0			15.7			0.0525786
1			15.7			-0.339469
2			15.7			-0.103116
3			15.7			-0.102151
4			15.7			0.102151
5			15.7			0.103116
6			15.7			0.339469
7			15.7			-0.0525786

0			15.75			0.0606081
1			15.75			-0.339485
2			15.75			-0.105032
3			15.75			-0.0900476
4			15.75			0.0900476
5			15.75			0.105032
6			15.75			0.339485
7			15.75			-0.0606081

0			15.8			0.0686077
1			15.8			-0.339463
2			15.8			-0.107157
3			15.8			-0.0774502
4			15.8			0.0774502
5			15.8			0.107157
6			15.8			0.339463
7			15.8			-0.0686077

0			15.85			0.0765703
1			15.85			-0.3394
2			15.85			-0.109462
3			15.85			-0.0644278
4			15.85			0.0644278
5			15.85			0.109462
6			15.85			0.3394
7			15.85			-0.0765703

0			15.9			0.0844887
1			15.9			-0.339294
2			15.9			-0.111918
3			15.9			-0.0510518
4			15.9			0.0510518
5			15.9			0.111918
6			15.9			0.339294
7			15.9			-0.0844887

0			15.95			0.0923554
1			15.95			-0.339141
2			15.95			-0.114496
3			15.95			-0.0373959
4			15.95			0.0373959
5			15.95			0.114496
6			15.95			0.339141
7			15.95			-0.0923554

