0			0			0.5
1			0			0.5
2			0			0.5
3			0			0.5
4			0			-0.5
5			0			-0.5
6			0			-0.5
7			0			-0.5

0			0.05			0.5
1			0.05			0.5
2			0.05			0.5
3			0.05			0.499375
4			0.05			-0.499375
5			0.05			-0.5
6			0.05			-0.5
7			0.05			-0.5

0			0.1			0.5
1			0.1			0.5
2			0.1			0.499998
3			0.1			0.497505
4			0.1			-0.497505
5			0.1			-0.499998
6			0.1			-0.5
7			0.1			-0.5

0			0.15			0.5
1			0.15			0.5
2			0.15			0.499992
3			0.15			0.494399
4			0.15			-0.494399
5			0.15			-0.499992
6			0.15			-0.5
7			0.15			-0.5

0			0.2			0.5
1			0.2			0.5
2			0.2			0.499975
3			0.2			0.490075
4			0.2			-0.490075
5			0.2			-0.499975
6			0.2			-0.5
7			0.2			-0.5

0			0.25			0.5
1			0.25			0.5
2			0.25			0.499939
3			0.25			0.484557
4			0.25			-0.484557
5			0.25			-0.499939
6			0.25			-0.5
7			0.25			-0.5

0			0.3			0.5
1			0.3			0.5
2			0.3			0.499875
3			0.3			0.477877
4			0.3			-0.477877
5			0.3			-0.499875
6			0.3			-0.5
7			0.3			-0.5

0			0.35			0.5
1			0.35			0.499999
2			0.35			0.499769
3			0.35			0.47007
4			0.35			-0.47007
5			0.35			-0.499769
6			0.35			-0.499999
7			0.35			-0.5

0			0.4			0.5
1			0.4			0.499998
2			0.4			0.499609
3			0.4			0.461182
4			0.4			-0.461182
5			0.4			-0.499609
6			0.4			-0.499998
7			0.4			-0.5

0			0.45			0.5
1			0.45			0.499996
2			0.45			0.499377
3			0.45			0.451262
4			0.45			-0.451262
5			0.45			-0.499377
6			0.45			-0.499996
7			0.45			-0.5

0			0.5			0.5
1			0.5			0.499993
2			0.5			0.499057
3			0.5			0.440363
4			0.5			-0.440363
5			0.5			-0.499057
6			0.5			-0.499993
7			0.5			-0.5

0			0.55			0.5
1			0.55			0.499988
2			0.55			0.498629
3			0.55			0.428546
4			0.55			-0.428546
5			0.55			-0.498629
6			0.55			-0.499988
7			0.55			-0.5

0			0.6			0.5
1			0.6			0.499981
2			0.6			0.498074
3			0.6			0.415876
4			0.6			-0.415876
5			0.6			-0.498074
6			0.6			-0.499981
7			0.6			-0.5

0			0.65			0.5
1			0.65			0.499969
2			0.65			0.49737
3			0.65			0.402423
4			0.65			-0.402423
5			0.65			-0.49737
6			0.65			-0.499969
7			0.65			-0.5

0			0.7			0.5
1			0.7			0.499952
2			0.7			0.496496
3			0.7			0.388258
4			0.7			-0.388258
5			0.7			-0.496496
6			0.7			-0.499952
7			0.7			-0.5

0			0.75			0.499999
1			0.75			0.499927
2			0.75			0.495428
3			0.75			0.373457
4			0.75			-0.373457
5			0.75			-0.495428
6			0.75			-0.499927
7			0.75			-0.499999

0			0.8			0.499999
1			0.8			0.499894
2			0.8			0.494146
3			0.8			0.358101
4			0.8			-0.358101
5			0.8			-0.494146
6			0.8			-0.499894
7			0.8			-0.499999

0			0.85			0.499998
1			0.85			0.499849
2			0.85			0.492624
3			0.85			0.34227
4			0.85			-0.34227
5			0.85			-0.492624
6			0.85			-0.499849
7			0.85			-0.499998

0			0.9			0.499997
1			0.9			0.499789
2			0.9			0.490842
3			0.9			0.326047
4			0.9			-0.326047
5			0.9			-0.490842
6			0.9			-0.499789
7			0.9			-0.499997

0			0.95			0.499996
1			0.95			0.499711
2			0.95			0.488777
3			0.95			0.309517
4			0.95			-0.309517
5			0.95			-0.488777
6			0.95			-0.499711
7			0.95			-0.499996

0			1			0.499994
1			1			0.499611
2			1			0.486408
3			1			0.292764
4			1			-0.292764
5			1			-0.486408
6			1			-0.499611
7			1			-0.499994

0			1.05			0.499991
1			1.05			0.499485
2			1.05			0.483714
3			1.05			0.275873
4			1.05			-0.275873
5			1.05			-0.483714
6			1.05			-0.499485
7			1.05			-0.499991

0			1.1			0.499987
1			1.1			0.499327
2			1.1			0.480677
3			1.1			0.258928
4			1.1			-0.258928
5			1.1			-0.480677
6			1.1			-0.499327
7			1.1			-0.499987

0			1.15			0.499981
1			1.15			0.499132
2			1.15			0.477278
3			1.15			0.242013
4			1.15			-0.242013
5			1.15			-0.477278
6			1.15			-0.499132
7			1.15			-0.499981

0			1.2			0.499974
1			1.2			0.498894
2			1.2			0.473501
3			1.2			0.22521
4			1.2			-0.22521
5			1.2			-0.473501
6			1.2			-0.498894
7			1.2			-0.499974

0			1.25			0.499964
1			1.25			0.498606
2			1.25			0.469333
3			1.25			0.208597
4			1.25			-0.208597
5			1.25			-0.469333
6			1.25			-0.498606
7			1.25			-0.499964

0			1.3			0.499951
1			1.3			0.498261
2			1.3			0.464761
3			1.3			0.192253
4			1.3			-0.192253
5			1.3			-0.464761
6			1.3			-0.498261
7			1.3			-0.499951

0			1.35			0.499935
1			1.35			0.497851
2			1.35			0.459776
3			1.35			0.176252
4			1.35			-0.176252
5			1.35			-0.459776
6			1.35			-0.497851
7			1.35			-0.499935

0			1.4			0.499913
1			1.4			0.497368
2			1.4			0.454369
3			1.4			0.160662
4			1.4			-0.160662
5			1.4			-0.454369
6			1.4			-0.497368
7			1.4			-0.499913

0			1.45			0.499886
1			1.45			0.496802
2			1.45			0.448537
3			1.45			0.145553
4			1.45			-0.145553
5			1.45			-0.448537
6			1.45			-0.496802
7			1.45			-0.499886

0			1.5			0.499853
1			1.5			0.496145
2			1.5			0.442276
3			1.5			0.130984
4			1.5			-0.130984
5			1.5			-0.442276
6			1.5			-0.496145
7			1.5			-0.499853

0			1.55			0.499811
1			1.55			0.495386
2			1.55			0.435587
3			1.55			0.117014
4			1.55			-0.117014
5			1.55			-0.435587
6			1.55			-0.495386
7			1.55			-0.499811

0			1.6			0.499759
1			1.6			0.494515
2			1.6			0.428475
3			1.6			0.103696
4			1.6			-0.103696
5			1.6			-0.428475
6			1.6			-0.494515
7			1.6			-0.499759

0			1.65			0.499695
1			1.65			0.493522
2			1.65			0.420944
3			1.65			0.0910762
4			1.65			-0.0910762
5			1.65			-0.420944
6			1.65			-0.493522
7			1.65			-0.499695

0			1.7			0.499618
1			1.7			0.492396
2			1.7			0.413005
3			1.7			0.0791967
4			1.7			-0.0791967
5			1.7			-0.413005
6			1.7			-0.492396
7			1.7			-0.499618

0			1.75			0.499524
1			1.75			0.491125
2			1.75			0.404669
3			1.75			0.0680935
4			1.75			-0.0680935
5			1.75			-0.404669
6			1.75			-0.491125
7			1.75			-0.499524

0			1.8			0.499411
1			1.8			0.489699
2			1.8			0.395951
3			1.8			0.0577967
4			1.8			-0.0577967
5			1.8			-0.395951
6			1.8			-0.489699
7			1.8			-0.499411

0			1.85			0.499277
1			1.85			0.488105
2			1.85			0.386869
3			1.85			0.0483304
4			1.85			-0.0483304
5			1.85			-0.386869
6			1.85			-0.488105
7			1.85			-0.499277

0			1.9			0.499117
1			1.9			0.486334
2			1.9			0.377444
3			1.9			0.0397129
4			1.9			-0.0397129
5			1.9			-0.377444
6			1.9			-0.486334
7			1.9			-0.499117

0			1.95			0.498929
1			1.95			0.484374
2			1.95			0.367699
3			1.95			0.0319563
4			1.95			-0.0319563
5			1.95			-0.367699
6			1.95			-0.484374
7			1.95			-0.498929

0			2			0.498708
1			2			0.482214
2			2			0.357659
3			2			0.0250667
4			2			-0.0250667
5			2			-0.357659
6			2			-0.482214
7			2			-0.498708

0			2.05			0.498449
1			2.05			0.479843
2			2.05			0.347352
3			2.05			0.0190444
4			2.05			-0.0190444
5			2.05			-0.347352
6			2.05			-0.479843
7			2.05			-0.498449

0			2.1			0.498148
1			2.1			0.477251
2			2.1			0.33681
3			2.1			0.0138838
4			2.1			-0.0138838
5			2.1			-0.33681
6			2.1			-0.477251
7			2.1			-0.498148

0			2.15			0.497799
1			2.15			0.474429
2			2.15			0.326063
3			2.15			0.00957356
4			2.15			-0.00957356
5			2.15			-0.326063
6			2.15			-0.474429
7			2.15			-0.497799

0			2.2			0.497397
1			2.2			0.471368
2			2.2			0.315146
3			2.2			0.00609706
4			2.2			-0.00609706
5			2.2			-0.315146
6			2.2			-0.471368
7			2.2			-0.497397

0			2.25			0.496936
1			2.25			0.46806
2			2.25			0.304095
3			2.25			0.00343235
4			2.25			-0.00343235
5			2.25			-0.304095
6			2.25			-0.46806
7			2.25			-0.496936

0			2.3			0.496408
1			2.3			0.464498
2			2.3			0.292947
3			2.3			0.00155258
4			2.3			-0.00155258
5			2.3			-0.292947
6			2.3			-0.464498
7			2.3			-0.496408

0			2.35			0.495807
1			2.35			0.460675
2			2.35			0.28174
3			2.35			0.00042624
4			2.35			-0.00042624
5			2.35			-0.28174
6			2.35			-0.460675
7			2.35			-0.495807

0			2.4			0.495125
1			2.4			0.456586
2			2.4			0.270513
3			2.4			1.74918e-05
4			2.4			-1.74918e-05
5			2.4			-0.270513
6			2.4			-0.456586
7			2.4			-0.495125

0			2.45			0.494353
1			2.45			0.452228
2			2.45			0.259304
3			2.45			0.000286561
4			2.45			-0.000286561
5			2.45			-0.259304
6			2.45			-0.452228
7			2.45			-0.494353

0			2.5			0.493484
1			2.5			0.447597
2			2.5			0.248155
3			2.5			0.0011901
4			2.5			-0.0011901
5			2.5			-0.248155
6			2.5			-0.447597
7			2.5			-0.493484

0			2.55			0.492508
1			2.55			0.442692
2			2.55			0.237103
3			2.55			0.00268159
4			2.55			-0.00268159
5			2.55			-0.237103
6			2.55			-0.442692
7			2.55			-0.492508

0			2.6			0.491416
1			2.6			0.437513
2			2.6			0.22619
3			2.6			0.00471176
4			2.6			-0.00471176
5			2.6			-0.22619
6			2.6			-0.437513
7			2.6			-0.491416

0			2.65			0.490198
1			2.65			0.432062
2			2.65			0.215453
3			2.65			0.00722906
4			2.65			-0.00722906
5			2.65			-0.215453
6			2.65			-0.432062
7			2.65			-0.490198

0			2.7			0.488842
1			2.7			0.426342
2			2.7			0.20493
3			2.7			0.01018
4			2.7			-0.01018
5			2.7			-0.20493
6			2.7			-0.426342
7			2.7			-0.488842

0			2.75			0.487339
1			2.75			0.420359
2			2.75			0.194659
3			2.75			0.0135098
4			2.75			-0.0135098
5			2.75			-0.194659
6			2.75			-0.420359
7			2.75			-0.487339

0			2.8			0.485677
1			2.8			0.414117
2			2.8			0.184674
3			2.8			0.0171626
4			2.8			-0.0171626
5			2.8			-0.184674
6			2.8			-0.414117
7			2.8			-0.485677

0			2.85			0.483845
1			2.85			0.407626
2			2.85			0.175009
3			2.85			0.0210821
4			2.85			-0.0210821
5			2.85			-0.175009
6			2.85			-0.407626
7			2.85			-0.483845

0			2.9			0.48183
1			2.9			0.400896
2			2.9			0.165696
3			2.9			0.0252119
4			2.9			-0.0252119
5			2.9			-0.165696
6			2.9			-0.400896
7			2.9			-0.48183

0			2.95			0.47962
1			2.95			0.393938
2			2.95			0.156764
3			2.95			0.029496
4			2.95			-0.029496
5			2.95			-0.156764
6			2.95			-0.393938
7			2.95			-0.47962

0			3			0.477203
1			3			0.386765
2			3			0.14824
3			3			0.0338792
4			3			-0.0338792
5			3			-0.14824
6			3			-0.386765
7			3			-0.477203

0			3.05			0.474566
1			3.05			0.379393
2			3.05			0.14015
3			3.05			0.0383075
4			3.05			-0.0383075
5			3.05			-0.14015
6			3.05			-0.379393
7			3.05			-0.474566

0			3.1			0.471696
1			3.1			0.371838
2			3.1			0.132514
3			3.1			0.0427284
4			3.1			-0.0427284
5			3.1			-0.132514
6			3.1			-0.371838
7			3.1			-0.471696

0			3.15			0.46858
1			3.15			0.364119
2			3.15			0.125353
3			3.15			0.0470918
4			3.15			-0.0470918
5			3.15			-0.125353
6			3.15			-0.364119
7			3.15			-0.46858

0			3.2			0.465205
1			3.2			0.356255
2			3.2			0.118682
3			3.2			0.0513494
4			3.2			-0.0513494
5			3.2			-0.118682
6			3.2			-0.356255
7			3.2			-0.465205

0			3.25			0.461558
1			3.25			0.348267
2			3.25			0.112514
3			3.25			0.0554559
4			3.25			-0.0554559
5			3.25			-0.112514
6			3.25			-0.348267
7			3.25			-0.461558

0			3.3			0.457626
1			3.3			0.340179
2			3.3			0.106858
3			3.3			0.0593688
4			3.3			-0.0593688
5			3.3			-0.106858
6			3.3			-0.340179
7			3.3			-0.457626

0			3.35			0.453396
1			3.35			0.332015
2			3.35			0.101721
3			3.35			0.063049
4			3.35			-0.063049
5			3.35			-0.101721
6			3.35			-0.332015
7			3.35			-0.453396

0			3.4			0.448856
1			3.4			0.323798
2			3.4			0.0971072
3			3.4			0.0664607
4			3.4			-0.0664607
5			3.4			-0.0971072
6			3.4			-0.323798
7			3.4			-0.448856

0			3.45			0.443993
1			3.45			0.315556
2			3.45			0.0930152
3			3.45			0.0695719
4			3.45			-0.0695719
5			3.45			-0.0930152
6			3.45			-0.315556
7			3.45			-0.443993

0			3.5			0.438795
1			3.5			0.307315
2			3.5			0.0894419
3			3.5			0.0723541
4			3.5			-0.0723541
5			3.5			-0.0894419
6			3.5			-0.307315
7			3.5			-0.438795

0			3.55			0.433251
1			3.55			0.299103
2			3.55			0.0863808
3			3.55			0.0747832
4			3.55			-0.0747832
5			3.55			-0.0863808
6			3.55			-0.299103
7			3.55			-0.433251

0			3.6			0.42735
1			3.6			0.290947
2			3.6			0.0838222
3			3.6			0.0768389
4			3.6			-0.0768389
5			3.6			-0.0838222
6			3.6			-0.290947
7			3.6			-0.42735

0			3.65			0.42108
1			3.65			0.282878
2			3.65			0.0817534
3			3.65			0.078505
4			3.65			-0.078505
5			3.65			-0.0817534
6			3.65			-0.282878
7			3.65			-0.42108

0			3.7			0.414433
1			3.7			0.274922
2			3.7			0.0801587
3			3.7			0.0797695
4			3.7			-0.0797695
5			3.7			-0.0801587
6			3.7			-0.274922
7			3.7			-0.414433

0			3.75			0.407399
1			3.75			0.267109
2			3.75			0.0790197
3			3.75			0.0806245
4			3.75			-0.0806245
5			3.75			-0.0790197
6			3.75			-0.267109
7			3.75			-0.407399

0			3.8			0.39997
1			3.8			0.259467
2			3.8			0.0783155
3			3.8			0.0810663
4			3.8			-0.0810663
5			3.8			-0.0783155
6			3.8			-0.259467
7			3.8			-0.39997

0			3.85			0.392139
1			3.85			0.252025
2			3.85			0.0780227
3			3.85			0.0810949
4			3.85			-0.0810949
5			3.85			-0.0780227
6			3.85			-0.252025
7			3.85			-0.392139

0			3.9			0.383899
1			3.9			0.244809
2			3.9			0.0781158
3			3.9			0.0807144
4			3.9			-0.0807144
5			3.9			-0.0781158
6			3.9			-0.244809
7			3.9			-0.383899

0			3.95			0.375245
1			3.95			0.237846
2			3.95			0.0785673
3			3.95			0.0799328
4			3.95			-0.0799328
5			3.95			-0.0785673
6			3.95			-0.237846
7			3.95			-0.375245

0			4			0.366172
1			4			0.231162
2			4			0.079348
3			4			0.0787613
4			4			-0.0787613
5			4			-0.079348
6			4			-0.231162
7			4			-0.366172

0			4.05			0.356677
1			4.05			0.224781
2			4.05			0.0804272
3			4.05			0.0772148
4			4.05			-0.0772148
5			4.05			-0.0804272
6			4.05			-0.224781
7			4.05			-0.356677

0			4.1			0.34676
1			4.1			0.218725
2			4.1			0.0817732
3			4.1			0.075311
4			4.1			-0.075311
5			4.1			-0.0817732
6			4.1			-0.218725
7			4.1			-0.34676

0			4.15			0.336418
1			4.15			0.213017
2			4.15			0.0833532
3			4.15			0.073071
4			4.15			-0.073071
5			4.15			-0.0833532
6			4.15			-0.213017
7			4.15			-0.336418

0			4.2			0.325652
1			4.2			0.207676
2			4.2			0.0851337
3			4.2			0.0705181
4			4.2			-0.0705181
5			4.2			-0.0851337
6			4.2			-0.207676
7			4.2			-0.325652

0			4.25			0.314466
1			4.25			0.202719
2			4.25			0.0870812
3			4.25			0.0676781
4			4.25			-0.0676781
5			4.25			-0.0870812
6			4.25			-0.202719
7			4.25			-0.314466

0			4.3			0.302862
1			4.3			0.198161
2			4.3			0.0891616
3			4.3			0.064579
4			4.3			-0.064579
5			4.3			-0.0891616
6			4.3			-0.198161
7			4.3			-0.302862

0			4.35			0.290845
1			4.35			0.194016
2			4.35			0.0913416
3			4.35			0.0612504
4			4.35			-0.0612504
5			4.35			-0.0913416
6			4.35			-0.194016
7			4.35			-0.290845

0			4.4			0.278422
1			4.4			0.190294
2			4.4			0.0935879
3			4.4			0.0577234
4			4.4			-0.0577234
5			4.4			-0.0935879
6			4.4			-0.190294
7			4.4			-0.278422

0			4.45			0.265601
1			4.45			0.187003
2			4.45			0.0958683
3			4.45			0.0540302
4			4.45			-0.0540302
5			4.45			-0.0958683
6			4.45			-0.187003
7			4.45			-0.265601

0			4.5			0.252392
1			4.5			0.184148
2			4.5			0.0981515
3			4.5			0.0502038
4			4.5			-0.0502038
5			4.5			-0.0981515
6			4.5			-0.184148
7			4.5			-0.252392

0			4.55			0.238804
1			4.55			0.181732
2			4.55			0.100407
3			4.55			0.0462777
4			4.55			-0.0462777
5			4.55			-0.100407
6			4.55			-0.181732
7			4.55			-0.238804

0			4.6			0.224852
1			4.6			0.179754
2			4.6			0.102607
3			4.6			0.0422856
4			4.6			-0.0422856
5			4.6			-0.102607
6			4.6			-0.179754
7			4.6			-0.224852

0			4.65			0.210549
1			4.65			0.178212
2			4.65			0.104725
3			4.65			0.0382609
4			4.65			-0.0382609
5			4.65			-0.104725
6			4.65			-0.178212
7			4.65			-0.210549

0			4.7			0.19591
1			4.7			0.177098
2			4.7			0.106735
3			4.7			0.0342368
4			4.7			-0.0342368
5			4.7			-0.106735
6			4.7			-0.177098
7			4.7			-0.19591

0			4.75			0.180953
1			4.75			0.176403
2			4.75			0.108615
3			4.75			0.0302453
4			4.75			-0.0302453
5			4.75			-0.108615
6			4.75			-0.176403
7			4.75			-0.180953

0			4.8			0.165695
1			4.8			0.176116
2			4.8			0.110345
3			4.8			0.0263179
4			4.8			-0.0263179
5			4.8			-0.110345
6			4.8			-0.176116
7			4.8			-0.165695

0			4.85			0.150158
1			4.85			0.17622
2			4.85			0.111907
3			4.85			0.0224845
4			4.85			-0.0224845
5			4.85			-0.111907
6			4.85			-0.17622
7			4.85			-0.150158

0			4.9			0.134361
1			4.9			0.176697
2			4.9			0.113285
3			4.9			0.0187735
4			4.9			-0.0187735
5			4.9			-0.113285
6			4.9			-0.176697
7			4.9			-0.134361

0			4.95			0.118328
1			4.95			0.177527
2			4.95			0.114466
3			4.95			0.0152115
4			4.95			-0.0152115
5			4.95			-0.114466
6			4.95			-0.177527
7			4.95			-0.118328

0			5			0.102081
1			5			0.178685
2			5			0.115441
3			5			0.0118233
4			5			-0.0118233
5			5			-0.115441
6			5			-0.178685
7			5			-0.102081

0			5.05			0.085647
1			5.05			0.180143
2			5.05			0.116203
3			5.05			0.00863134
4			5.05			-0.00863134
5			5.05			-0.116203
6			5.05			-0.180143
7			5.05			-0.085647

0			5.1			0.06905
1			5.1			0.181874
2			5.1			0.116747
3			5.1			0.00565598
4			5.1			-0.00565598
5			5.1			-0.116747
6			5.1			-0.181874
7			5.1			-0.06905

0			5.15			0.0523174
1			5.15			0.183846
2			5.15			0.117072
3			5.15			0.00291504
4			5.15			-0.00291504
5			5.15			-0.117072
6			5.15			-0.183846
7			5.15			-0.0523174

0			5.2			0.0354766
1			5.2			0.186023
2			5.2			0.117179
3			5.2			0.000423825
4			5.2			-0.000423825
5			5.2			-0.117179
6			5.2			-0.186023
7			5.2			-0.0354766

0			5.25			0.0185562
1			5.25			0.18837
2			5.25			0.117071
3			5.25			-0.00180493
4			5.25			0.00180493
5			5.25			-0.117071
6			5.25			-0.18837
7			5.25			-0.0185562

0			5.3			0.00158501
1			5.3			0.190849
2			5.3			0.116756
3			5.3			-0.00376116
4			5.3			0.00376116
5			5.3			-0.116756
6			5.3			-0.190849
7			5.3			-0.00158501

0			5.35			-0.0154073
1			5.35			0.193419
2			5.35			0.116242
3			5.35			-0.00543746
4			5.35			0.00543746
5			5.35			-0.116242
6			5.35			-0.193419
7			5.35			0.0154073

0			5.4			-0.0323909
1			5.4			0.196041
2			5.4			0.115541
3			5.4			-0.00682908
4			5.4			0.00682908
5			5.4			-0.115541
6			5.4			-0.196041
7			5.4			0.0323909

0			5.45			-0.0493353
1			5.45			0.198671
2			5.45			0.114667
3			5.45			-0.00793391
4			5.45			0.00793391
5			5.45			-0.114667
6			5.45			-0.198671
7			5.45			0.0493353

0			5.5			-0.0662104
1			5.5			0.201265
2			5.5			0.113635
3			5.5			-0.00875243
4			5.5			0.00875243
5			5.5			-0.113635
6			5.5			-0.201265
7			5.5			0.0662104

0			5.55			-0.0829855
1			5.55			0.20378
2			5.55			0.112464
3			5.55			-0.0092876
4			5.55			0.0092876
5			5.55			-0.112464
6			5.55			-0.20378
7			5.55			0.0829855

0			5.6			-0.0996303
1			5.6			0.206171
2			5.6			0.111171
3			5.6			-0.00954478
4			5.6			0.00954478
5			5.6			-0.111171
6			5.6			-0.206171
7			5.6			0.0996303

0			5.65			-0.116115
1			5.65			0.208393
2			5.65			0.109779
3			5.65			-0.00953161
4			5.65			0.00953161
5			5.65			-0.109779
6			5.65			-0.208393
7			5.65			0.116115

0			5.7			-0.132409
1			5.7			0.210401
2			5.7			0.108309
3			5.7			-0.00925784
4			5.7			0.00925784
5			5.7			-0.108309
6			5.7			-0.210401
7			5.7			0.132409

0			5.75			-0.148484
1			5.75			0.212152
2			5.75			0.106784
3			5.75			-0.00873522
4			5.75			0.00873522
5			5.75			-0.106784
6			5.75			-0.212152
7			5.75			0.148484

0			5.8			-0.164311
1			5.8			0.213601
2			5.8			0.105227
3			5.8			-0.00797727
4			5.8			0.00797727
5			5.8			-0.105227
6			5.8			-0.213601
7			5.8			0.164311

0			5.85			-0.179861
1			5.85			0.214706
2			5.85			0.103663
3			5.85			-0.00699911
4			5.85			0.00699911
5			5.85			-0.103663
6			5.85			-0.214706
7			5.85			0.179861

0			5.9			-0.195109
1			5.9			0.215426
2			5.9			0.102116
3			5.9			-0.00581728
4			5.9			0.00581728
5			5.9			-0.102116
6			5.9			-0.215426
7			5.9			0.195109

0			5.95			-0.210027
1			5.95			0.215721
2			5.95			0.100609
3			5.95			-0.00444949
4			5.95			0.00444949
5			5.95			-0.100609
6			5.95			-0.215721
7			5.95			0.210027

0			6			-0.224591
1			6			0.215553
2			6			0.0991675
3			6			-0.00291443
4			6			0.00291443
5			6			-0.0991675
6			6			-0.215553
7			6			0.224591

0			6.05			-0.238777
1			6.05			0.214887
2			6.05			0.0978131
3			6.05			-0.00123156
4			6.05			0.00123156
5			6.05			-0.0978131
6			6.05			-0.214887
7			6.05			0.238777

0			6.1			-0.252563
1			6.1			0.213688
2			6.1			0.0965683
3			6.1			0.000579142
4			6.1			-0.000579142
5			6.1			-0.0965683
6			6.1			-0.213688
7			6.1			0.252563

0			6.15			-0.265928
1			6.15			0.211926
2			6.15			0.0954541
3			6.15			0.0024974
4			6.15			-0.0024974
5			6.15			-0.0954541
6			6.15			-0.211926
7			6.15			0.265928

0			6.2			-0.278853
1			6.2			0.209572
2			6.2			0.09449
3			6.2			0.00450285
4			6.2			-0.00450285
5			6.2			-0.09449
6			6.2			-0.209572
7			6.2			0.278853

0			6.25			-0.291319
1			6.25			0.206602
2			6.25			0.0936939
3			6.25			0.00657524
4			6.25			-0.00657524
5			6.25			-0.0936939
6			6.25			-0.206602
7			6.25			0.291319

0			6.3			-0.30331
1			6.3			0.202994
2			6.3			0.0930819
3			6.3			0.00869467
4			6.3			-0.00869467
5			6.3			-0.0930819
6			6.3			-0.202994
7			6.3			0.30331

0			6.35			-0.314813
1			6.35			0.198728
2			6.35			0.0926679
3			6.35			0.0108418
4			6.35			-0.0108418
5			6.35			-0.0926679
6			6.35			-0.198728
7			6.35			0.314813

0			6.4			-0.325815
1			6.4			0.193791
2			6.4			0.0924638
3			6.4			0.0129978
4			6.4			-0.0129978
5			6.4			-0.0924638
6			6.4			-0.193791
7			6.4			0.325815

0			6.45			-0.336304
1			6.45			0.18817
2			6.45			0.0924788
3			6.45			0.0151452
4			6.45			-0.0151452
5			6.45			-0.0924788
6			6.45			-0.18817
7			6.45			0.336304

0			6.5			-0.346273
1			6.5			0.181857
2			6.5			0.0927199
3			6.5			0.017267
4			6.5			-0.017267
5			6.5			-0.0927199
6			6.5			-0.181857
7			6.5			0.346273

0			6.55			-0.355715
1			6.55			0.17485
2			6.55			0.0931912
3			6.55			0.0193479
4			6.55			-0.0193479
5			6.55			-0.0931912
6			6.55			-0.17485
7			6.55			0.355715

0			6.6			-0.364625
1			6.6			0.167148
2			6.6			0.0938943
3			6.6			0.0213736
4			6.6			-0.0213736
5			6.6			-0.0938943
6			6.6			-0.167148
7			6.6			0.364625

0			6.65			-0.373001
1			6.65			0.158755
2			6.65			0.0948277
3			6.65			0.0233313
4			6.65			-0.0233313
5			6.65			-0.0948277
6			6.65			-0.158755
7			6.65			0.373001

0			6.7			-0.38084
1			6.7			0.149679
2			6.7			0.0959874
3			6.7			0.0252097
4			6.7			-0.0252097
5			6.7			-0.0959874
6			6.7			-0.149679
7			6.7			0.38084

0			6.75			-0.388146
1			6.75			0.139932
2			6.75			0.0973663
3			6.75			0.0269991
4			6.75			-0.0269991
5			6.75			-0.0973663
6			6.75			-0.139932
7			6.75			0.388146

0			6.8			-0.394921
1			6.8			0.12953
2			6.8			0.0989546
3			6.8			0.0286914
4			6.8			-0.0286914
5			6.8			-0.0989546
6			6.8			-0.12953
7			6.8			0.394921

0			6.85			-0.40117
1			6.85			0.118491
2			6.85			0.10074
3			6.85			0.0302802
4			6.85			-0.0302802
5			6.85			-0.10074
6			6.85			-0.118491
7			6.85			0.40117

0			6.9			-0.4069
1			6.9			0.10684
2			6.9			0.102706
3			6.9			0.0317605
4			6.9			-0.0317605
5			6.9			-0.102706
6			6.9			-0.10684
7			6.9			0.4069

0			6.95			-0.412121
1			6.95			0.0946025
2			6.95			0.104836
3			6.95			0.0331292
4			6.95			-0.0331292
5			6.95			-0.104836
6			6.95			-0.0946025
7			6.95			0.412121

0			7			-0.416842
1			7			0.0818095
2			7			0.107109
3			7			0.0343846
4			7			-0.0343846
5			7			-0.107109
6			7			-0.0818095
7			7			0.416842

0			7.05			-0.421077
1			7.05			0.0684942
2			7.05			0.109502
3			7.05			0.0355265
4			7.05			-0.0355265
5			7.05			-0.109502
6			7.05			-0.0684942
7			7.05			0.421077

0			7.1			-0.424839
1			7.1			0.0546935
2			7.1			0.111989
3			7.1			0.0365562
4			7.1			-0.0365562
5			7.1			-0.111989
6			7.1			-0.0546935
7			7.1			0.424839

0			7.15			-0.428144
1			7.15			0.0404466
2			7.15			0.114545
3			7.15			0.0374763
4			7.15			-0.0374763
5			7.15			-0.114545
6			7.15			-0.0404466
7			7.15			0.428144

0			7.2			-0.43101
1			7.2			0.025796
2			7.2			0.117139
3			7.2			0.0382906
4			7.2			-0.0382906
5			7.2			-0.117139
6			7.2			-0.025796
7			7.2			0.43101

0			7.25			-0.433454
1			7.25			0.0107861
2			7.25			0.119742
3			7.25			0.0390039
4			7.25			-0.0390039
5			7.25			-0.119742
6			7.25			-0.0107861
7			7.25			0.433454

0			7.3			-0.435497
1			7.3			-0.00453611
2			7.3			0.122321
3			7.3			0.0396221
4			7.3			-0.0396221
5			7.3			-0.122321
6			7.3			0.00453611
7			7.3			0.435497

0			7.35			-0.437159
1			7.35			-0.0201221
2			7.35			0.124843
3			7.35			0.0401518
4			7.35			-0.0401518
5			7.35			-0.124843
6			7.35			0.0201221
7			7.35			0.437159

0			7.4			-0.438461
1			7.4			-0.0359214
2			7.4			0.127275
3			7.4			0.0406002
4			7.4			-0.0406002
5			7.4			-0.127275
6			7.4			0.0359214
7			7.4			0.438461

0			7.45			-0.439428
1			7.45			-0.0518825
2			7.45			0.129583
3			7.45			0.0409749
4			7.45			-0.0409749
5			7.45			-0.129583
6			7.45			0.0518825
7			7.45			0.439428

0			7.5			-0.440083
1			7.5			-0.0679527
2			7.5			0.131731
3			7.5			0.0412839
4			7.5			-0.0412839
5			7.5			-0.131731
6			7.5			0.0679527
7			7.5			0.440083

0			7.55			-0.440448
1			7.55			-0.0840786
2			7.55			0.133685
3			7.55			0.0415351
4			7.55			-0.0415351
5			7.55			-0.133685
6			7.55			0.0840786
7			7.55			0.440448

0			7.6			-0.440551
1			7.6			-0.100207
2			7.6			0.135411
3			7.6			0.0417364
4			7.6			-0.0417364
5			7.6			-0.135411
6			7.6			0.100207
7			7.6			0.440551

0			7.65			-0.440414
1			7.65			-0.116283
2			7.65			0.136874
3			7.65			0.0418954
4			7.65			-0.0418954
5			7.65			-0.136874
6			7.65			0.116283
7			7.65			0.440414

0			7.7			-0.440064
1			7.7			-0.132253
2			7.7			0.138043
3			7.7			0.0420192
4			7.7			-0.0420192
5			7.7			-0.138043
6			7.7			0.132253
7			7.7			0.440064

0			7.75			-0.439526
1			7.75			-0.148065
2			7.75			0.138885
3			7.75			0.0421141
4			7.75			-0.0421141
5			7.75			-0.138885
6			7.75			0.148065
7			7.75			0.439526

0			7.8			-0.438826
1			7.8			-0.163667
2			7.8			0.139371
3			7.8			0.042186
4			7.8			-0.042186
5			7.8			-0.139371
6			7.8			0.163667
7			7.8			0.438826

0			7.85			-0.437988
1			7.85			-0.179007
2			7.85			0.139471
3			7.85			0.0422393
4			7.85			-0.0422393
5			7.85			-0.139471
6			7.85			0.179007
7			7.85			0.437988

0			7.9			-0.437037
1			7.9			-0.194035
2			7.9			0.139159
3			7.9			0.0422778
4			7.9			-0.0422778
5			7.9			-0.139159
6			7.9			0.194035
7			7.9			0.437037

0			7.95			-0.435998
1			7.95			-0.208704
2			7.95			0.138412
3			7.95			0.0423035
4			7.95			-0.0423035
5			7.95			-0.138412
6			7.95			0.208704
7			7.95			0.435998

0			8			-0.434895
1			8			-0.222969
2			8			0.137206
3			8			0.0423175
4			8			-0.0423175
5			8			-0.137206
6			8			0.222969
7			8			0.434895

0			8.05			-0.43375
1			8.05			-0.236785
2			8.05			0.135524
3			8.05			0.0423192
4			8.05			-0.0423192
5			8.05			-0.135524
6			8.05			0.236785
7			8.05			0.43375

0			8.1			-0.432587
1			8.1			-0.250111
2			8.1			0.133348
3			8.1			0.0423064
4			8.1			-0.0423064
5			8.1			-0.133348
6			8.1			0.250111
7			8.1			0.432587

0			8.15			-0.431426
1			8.15			-0.262909
2			8.15			0.130665
3			8.15			0.0422754
4			8.15			-0.0422754
5			8.15			-0.130665
6			8.15			0.262909
7			8.15			0.431426

0			8.2			-0.430289
1			8.2			-0.275144
2			8.2			0.127464
3			8.2			0.0422208
4			8.2			-0.0422208
5			8.2			-0.127464
6			8.2			0.275144
7			8.2			0.430289

0			8.25			-0.429195
1			8.25			-0.286783
2			8.25			0.12374
3			8.25			0.0421355
4			8.25			-0.0421355
5			8.25			-0.12374
6			8.25			0.286783
7			8.25			0.429195

0			8.3			-0.428161
1			8.3			-0.297797
2			8.3			0.119487
3			8.3			0.0420107
4			8.3			-0.0420107
5			8.3			-0.119487
6			8.3			0.297797
7			8.3			0.428161

0			8.35			-0.427206
1			8.35			-0.308161
2			8.35			0.114706
3			8.35			0.041836
4			8.35			-0.041836
5			8.35			-0.114706
6			8.35			0.308161
7			8.35			0.427206

0			8.4			-0.426344
1			8.4			-0.317852
2			8.4			0.109399
3			8.4			0.0415994
4			8.4			-0.0415994
5			8.4			-0.109399
6			8.4			0.317852
7			8.4			0.426344

0			8.45			-0.42559
1			8.45			-0.326853
2			8.45			0.103574
3			8.45			0.0412873
4			8.45			-0.0412873
5			8.45			-0.103574
6			8.45			0.326853
7			8.45			0.42559

0			8.5			-0.424958
1			8.5			-0.335148
2			8.5			0.0972393
3			8.5			0.0408847
4			8.5			-0.0408847
5			8.5			-0.0972393
6			8.5			0.335148
7			8.5			0.424958

0			8.55			-0.424457
1			8.55			-0.342726
2			8.55			0.090409
3			8.55			0.0403751
4			8.55			-0.0403751
5			8.55			-0.090409
6			8.55			0.342726
7			8.55			0.424457

0			8.6			-0.424099
1			8.6			-0.349581
2			8.6			0.0830993
3			8.6			0.0397411
4			8.6			-0.0397411
5			8.6			-0.0830993
6			8.6			0.349581
7			8.6			0.424099

0			8.65			-0.423891
1			8.65			-0.355708
2			8.65			0.0753299
3			8.65			0.0389641
4			8.65			-0.0389641
5			8.65			-0.0753299
6			8.65			0.355708
7			8.65			0.423891

0			8.7			-0.423841
1			8.7			-0.361108
2			8.7			0.0671235
3			8.7			0.0380246
4			8.7			-0.0380246
5			8.7			-0.0671235
6			8.7			0.361108
7			8.7			0.423841

0			8.75			-0.423954
1			8.75			-0.365785
2			8.75			0.0585057
3			8.75			0.0369024
4			8.75			-0.0369024
5			8.75			-0.0585057
6			8.75			0.365785
7			8.75			0.423954

0			8.8			-0.424233
1			8.8			-0.369747
2			8.8			0.0495047
3			8.8			0.035577
4			8.8			-0.035577
5			8.8			-0.0495047
6			8.8			0.369747
7			8.8			0.424233

0			8.85			-0.424681
1			8.85			-0.373003
2			8.85			0.0401515
3			8.85			0.0340274
4			8.85			-0.0340274
5			8.85			-0.0401515
6			8.85			0.373003
7			8.85			0.424681

0			8.9			-0.425298
1			8.9			-0.37557
2			8.9			0.030479
3			8.9			0.0322328
4			8.9			-0.0322328
5			8.9			-0.030479
6			8.9			0.37557
7			8.9			0.425298

0			8.95			-0.426084
1			8.95			-0.377464
2			8.95			0.0205224
3			8.95			0.0301725
4			8.95			-0.0301725
5			8.95			-0.0205224
6			8.95			0.377464
7			8.95			0.426084

0			9			-0.427037
1			9			-0.378707
2			9			0.0103185
3			9			0.0278262
4			9			-0.0278262
5			9			-0.0103185
6			9			0.378707
7			9			0.427037

0			9.05			-0.428152
1			9.05			-0.379321
2			9.05			-9.40854e-05
3			9.05			0.0251747
4			9.05			-0.0251747
5			9.05			9.40854e-05
6			9.05			0.379321
7			9.05			0.428152

0			9.1			-0.429426
1			9.1			-0.379334
2			9.1			-0.0106758
3			9.1			0.0221992
4			9.1			-0.0221992
5			9.1			0.0106758
6			9.1			0.379334
7			9.1			0.429426

0			9.15			-0.430851
1			9.15			-0.378774
2			9.15			-0.0213859
3			9.15			0.0188827
4			9.15			-0.0188827
5			9.15			0.0213859
6			9.15			0.378774
7			9.15			0.430851

0			9.2			-0.432421
1			9.2			-0.377673
2			9.2			-0.0321833
3			9.2			0.0152093
4			9.2			-0.0152093
5			9.2			0.0321833
6			9.2			0.377673
7			9.2			0.432421

0			9.25			-0.434127
1			9.25			-0.376064
2			9.25			-0.0430262
3			9.25			0.0111649
4			9.25			-0.0111649
5			9.25			0.0430262
6			9.25			0.376064
7			9.25			0.434127

0			9.3			-0.43596
1			9.3			-0.373981
2			9.3			-0.0538731
3			9.3			0.00673762
4			9.3			-0.00673762
5			9.3			0.0538731
6			9.3			0.373981
7			9.3			0.43596

0			9.35			-0.437908
1			9.35			-0.371462
2			9.35			-0.0646825
3			9.35			0.00191751
4			9.35			-0.00191751
5			9.35			0.0646825
6			9.35			0.371462
7			9.35			0.437908

0			9.4			-0.439961
1			9.4			-0.368544
2			9.4			-0.0754137
3			9.4			-0.00330281
4			9.4			0.00330281
5			9.4			0.0754137
6			9.4			0.368544
7			9.4			0.439961

0			9.45			-0.442107
1			9.45			-0.365267
2			9.45			-0.0860266
3			9.45			-0.00892816
4			9.45			0.00892816
5			9.45			0.0860266
6			9.45			0.365267
7			9.45			0.442107

0			9.5			-0.444333
1			9.5			-0.36167
2			9.5			-0.0964827
3			9.5			-0.0149605
4			9.5			0.0149605
5			9.5			0.0964827
6			9.5			0.36167
7			9.5			0.444333

0			9.55			-0.446625
1			9.55			-0.357793
2			9.55			-0.106744
3			9.55			-0.0213989
4			9.55			0.0213989
5			9.55			0.106744
6			9.55			0.357793
7			9.55			0.446625

0			9.6			-0.448969
1			9.6			-0.353676
2			9.6			-0.116776
3			9.6			-0.0282393
4			9.6			0.0282393
5			9.6			0.116776
6			9.6			0.353676
7			9.6			0.448969

0			9.65			-0.451351
1			9.65			-0.349362
2			9.65			-0.126545
3			9.65			-0.0354744
4			9.65			0.0354744
5			9.65			0.126545
6			9.65			0.349362
7			9.65			0.451351

0			9.7			-0.453757
1			9.7			-0.344888
2			9.7			-0.136018
3			9.7			-0.0430935
4			9.7			0.0430935
5			9.7			0.136018
6			9.7			0.344888
7			9.7			0.453757

0			9.75			-0.456172
1			9.75			-0.340296
2			9.75			-0.145167
3			9.75			-0.0510827
4			9.75			0.0510827
5			9.75			0.145167
6			9.75			0.340296
7			9.75			0.456172

0			9.8			-0.458581
1			9.8			-0.335624
2			9.8			-0.153966
3			9.8			-0.0594245
4			9.8			0.0594245
5			9.8			0.153966
6			9.8			0.335624
7			9.8			0.458581

0			9.85			-0.460969
1			9.85			-0.33091
2			9.85			-0.162391
3			9.85			-0.0680982
4			9.85			0.0680982
5			9.85			0.162391
6			9.85			0.33091
7			9.85			0.460969

0			9.9			-0.46332
1			9.9			-0.326192
2			9.9			-0.170421
3			9.9			-0.0770795
4			9.9			0.0770795
5			9.9			0.170421
6			9.9			0.326192
7			9.9			0.46332

0			9.95			-0.465622
1			9.95			-0.321503
2			9.95			-0.178039
3			9.95			-0.086341
4			9.95			0.086341
5			9.95			0.178039
6			9.95			0.321503
7			9.95			0.465622

0			10			-0.467859
1			10			-0.316878
2			10			-0.18523
3			10			-0.0958518
4			10			0.0958518
5			10			0.18523
6			10			0.316878
7			10			0.467859

0			10.05			-0.470017
1			10.05			-0.31235
2			10.05			-0.191982
3			10.05			-0.105578
4			10.05			0.105578
5			10.05			0.191982
6			10.05			0.31235
7			10.05			0.470017

0			10.1			-0.472083
1			10.1			-0.307947
2			10.1			-0.198289
3			10.1			-0.115483
4			10.1			0.115483
5			10.1			0.198289
6			10.1			0.307947
7			10.1			0.472083

0			10.15			-0.474044
1			10.15			-0.303699
2			10.15			-0.204145
3			10.15			-0.125527
4			10.15			0.125527
5			10.15			0.204145
6			10.15			0.303699
7			10.15			0.474044

0			10.2			-0.475886
1			10.2			-0.299631
2			10.2			-0.209549
3			10.2			-0.135667
4			10.2			0.135667
5			10.2			0.209549
6			10.2			0.299631
7			10.2			0.475886

0			10.25			-0.477599
1			10.25			-0.295766
2			10.25			-0.214502
3			10.25			-0.145859
4			10.25			0.145859
5			10.25			0.214502
6			10.25			0.295766
7			10.25			0.477599

0			10.3			-0.479171
1			10.3			-0.292125
2			10.3			-0.21901
3			10.3			-0.156057
4			10.3			0.156057
5			10.3			0.21901
6			10.3			0.292125
7			10.3			0.479171

0			10.35			-0.480592
1			10.35			-0.288728
2			10.35			-0.223081
3			10.35			-0.166211
4			10.35			0.166211
5			10.35			0.223081
6			10.35			0.288728
7			10.35			0.480592

0			10.4			-0.481851
1			10.4			-0.285591
2			10.4			-0.226726
3			10.4			-0.176273
4			10.4			0.176273
5			10.4			0.226726
6			10.4			0.285591
7			10.4			0.481851

0			10.45			-0.482941
1			10.45			-0.282727
2			10.45			-0.22996
3			10.45			-0.186189
4			10.45			0.186189
5			10.45			0.22996
6			10.45			0.282727
7			10.45			0.482941

0			10.5			-0.483852
1			10.5			-0.280147
2			10.5			-0.232797
3			10.5			-0.19591
4			10.5			0.19591
5			10.5			0.232797
6			10.5			0.280147
7			10.5			0.483852

0			10.55			-0.484578
1			10.55			-0.27786
2			10.55			-0.235259
3			10.55			-0.205381
4			10.55			0.205381
5			10.55			0.235259
6			10.55			0.27786
7			10.55			0.484578

0			10.6			-0.485113
1			10.6			-0.275872
2			10.6			-0.237365
3			10.6			-0.214552
4			10.6			0.214552
5			10.6			0.237365
6			10.6			0.275872
7			10.6			0.485113

0			10.65			-0.485451
1			10.65			-0.274187
2			10.65			-0.23914
3			10.65			-0.223368
4			10.65			0.223368
5			10.65			0.23914
6			10.65			0.274187
7			10.65			0.485451

0			10.7			-0.485587
1			10.7			-0.272806
2			10.7			-0.240608
3			10.7			-0.23178
4			10.7			0.23178
5			10.7			0.240608
6			10.7			0.272806
7			10.7			0.485587

0			10.75			-0.485518
1			10.75			-0.271728
2			10.75			-0.241798
3			10.75			-0.239736
4			10.75			0.239736
5			10.75			0.241798
6			10.75			0.271728
7			10.75			0.485518

0			10.8			-0.485241
1			10.8			-0.270951
2			10.8			-0.242735
3			10.8			-0.247188
4			10.8			0.247188
5			10.8			0.242735
6			10.8			0.270951
7			10.8			0.485241

0			10.85			-0.484755
1			10.85			-0.270467
2			10.85			-0.243451
3			10.85			-0.254088
4			10.85			0.254088
5			10.85			0.243451
6			10.85			0.270467
7			10.85			0.484755

0			10.9			-0.484058
1			10.9			-0.270271
2			10.9			-0.243974
3			10.9			-0.260392
4			10.9			0.260392
5			10.9			0.243974
6			10.9			0.270271
7			10.9			0.484058

0			10.95			-0.48315
1			10.95			-0.270353
2			10.95			-0.244335
3			10.95			-0.266058
4			10.95			0.266058
5			10.95			0.244335
6			10.95			0.270353
7			10.95			0.48315

0			11			-0.482032
1			11			-0.270703
2			11			-0.244564
3			11			-0.271046
4			11			0.271046
5			11			0.244564
6			11			0.270703
7			11			0.482032

0			11.05			-0.480705
1			11.05			-0.271307
2			11.05			-0.244692
3			11.05			-0.275322
4			11.05			0.275322
5			11.05			0.244692
6			11.05			0.271307
7			11.05			0.480705

0			11.1			-0.479171
1			11.1			-0.272151
2			11.1			-0.244748
3			11.1			-0.278852
4			11.1			0.278852
5			11.1			0.244748
6			11.1			0.272151
7			11.1			0.479171

0			11.15			-0.477434
1			11.15			-0.273222
2			11.15			-0.244763
3			11.15			-0.28161
4			11.15			0.28161
5			11.15			0.244763
6			11.15			0.273222
7			11.15			0.477434

0			11.2			-0.475496
1			11.2			-0.274502
2			11.2			-0.244763
3			11.2			-0.283571
4			11.2			0.283571
5			11.2			0.244763
6			11.2			0.274502
7			11.2			0.475496

0			11.25			-0.473362
1			11.25			-0.275974
2			11.25			-0.244777
3			11.25			-0.284716
4			11.25			0.284716
5			11.25			0.244777
6			11.25			0.275974
7			11.25			0.473362

0			11.3			-0.471036
1			11.3			-0.277621
2			11.3			-0.244829
3			11.3			-0.285031
4			11.3			0.285031
5			11.3			0.244829
6			11.3			0.277621
7			11.3			0.471036

0			11.35			-0.468524
1			11.35			-0.279424
2			11.35			-0.244944
3			11.35			-0.284507
4			11.35			0.284507
5			11.35			0.244944
6			11.35			0.279424
7			11.35			0.468524

0			11.4			-0.465831
1			11.4			-0.281364
2			11.4			-0.245143
3			11.4			-0.283138
4			11.4			0.283138
5			11.4			0.245143
6			11.4			0.281364
7			11.4			0.465831

0			11.45			-0.462962
1			11.45			-0.283422
2			11.45			-0.245447
3			11.45			-0.280927
4			11.45			0.280927
5			11.45			0.245447
6			11.45			0.283422
7			11.45			0.462962

0			11.5			-0.459925
1			11.5			-0.285579
2			11.5			-0.245873
3			11.5			-0.277879
4			11.5			0.277879
5			11.5			0.245873
6			11.5			0.285579
7			11.5			0.459925

0			11.55			-0.456726
1			11.55			-0.287816
2			11.55			-0.246436
3			11.55			-0.274006
4			11.55			0.274006
5			11.55			0.246436
6			11.55			0.287816
7			11.55			0.456726

0			11.6			-0.453371
1			11.6			-0.290115
2			11.6			-0.247148
3			11.6			-0.269325
4			11.6			0.269325
5			11.6			0.247148
6			11.6			0.290115
7			11.6			0.453371

0			11.65			-0.449867
1			11.65			-0.292456
2			11.65			-0.24802
3			11.65			-0.263858
4			11.65			0.263858
5			11.65			0.24802
6			11.65			0.292456
7			11.65			0.449867

0			11.7			-0.446222
1			11.7			-0.294823
2			11.7			-0.249058
3			11.7			-0.257633
4			11.7			0.257633
5			11.7			0.249058
6			11.7			0.294823
7			11.7			0.446222

0			11.75			-0.442442
1			11.75			-0.297197
2			11.75			-0.250267
3			11.75			-0.250682
4			11.75			0.250682
5			11.75			0.250267
6			11.75			0.297197
7			11.75			0.442442

0			11.8			-0.438535
1			11.8			-0.299563
2			11.8			-0.251648
3			11.8			-0.243044
4			11.8			0.243044
5			11.8			0.251648
6			11.8			0.299563
7			11.8			0.438535

0			11.85			-0.434507
1			11.85			-0.301904
2			11.85			-0.2532
3			11.85			-0.234761
4			11.85			0.234761
5			11.85			0.2532
6			11.85			0.301904
7			11.85			0.434507

0			11.9			-0.430366
1			11.9			-0.304207
2			11.9			-0.254918
3			11.9			-0.225879
4			11.9			0.225879
5			11.9			0.254918
6			11.9			0.304207
7			11.9			0.430366

0			11.95			-0.426119
1			11.95			-0.306457
2			11.95			-0.256796
3			11.95			-0.21645
4			11.95			0.21645
5			11.95			0.256796
6			11.95			0.306457
7			11.95			0.426119

0			12			-0.421772
1			12			-0.308643
2			12			-0.258823
3			12			-0.20653
4			12			0.20653
5			12			0.258823
6			12			0.308643
7			12			0.421772

0			12.05			-0.417331
1			12.05			-0.310753
2			12.05			-0.260988
3			12.05			-0.196176
4			12.05			0.196176
5			12.05			0.260988
6			12.05			0.310753
7			12.05			0.417331

0			12.1			-0.412804
1			12.1			-0.312777
2			12.1			-0.263274
3			12.1			-0.185452
4			12.1			0.185452
5			12.1			0.263274
6			12.1			0.312777
7			12.1			0.412804

0			12.15			-0.408195
1			12.15			-0.314707
2			12.15			-0.265666
3			12.15			-0.174421
4			12.15			0.174421
5			12.15			0.265666
6			12.15			0.314707
7			12.15			0.408195

0			12.2			-0.40351
1			12.2			-0.316535
2			12.2			-0.268144
3			12.2			-0.163152
4			12.2			0.163152
5			12.2			0.268144
6			12.2			0.316535
7			12.2			0.40351

0			12.25			-0.398755
1			12.25			-0.318254
2			12.25			-0.270686
3			12.25			-0.151713
4			12.25			0.151713
5			12.25			0.270686
6			12.25			0.318254
7			12.25			0.398755

0			12.3			-0.393935
1			12.3			-0.319861
2			12.3			-0.27327
3			12.3			-0.140176
4			12.3			0.140176
5			12.3			0.27327
6			12.3			0.319861
7			12.3			0.393935

0			12.35			-0.389053
1			12.35			-0.321351
2			12.35			-0.27587
3			12.35			-0.128611
4			12.35			0.128611
5			12.35			0.27587
6			12.35			0.321351
7			12.35			0.389053

0			12.4			-0.384116
1			12.4			-0.322722
2			12.4			-0.278462
3			12.4			-0.117091
4			12.4			0.117091
5			12.4			0.278462
6			12.4			0.322722
7			12.4			0.384116

0			12.45			-0.379125
1			12.45			-0.323973
2			12.45			-0.281017
3			12.45			-0.105689
4			12.45			0.105689
5			12.45			0.281017
6			12.45			0.323973
7			12.45			0.379125

0			12.5			-0.374086
1			12.5			-0.325104
2			12.5			-0.283509
3			12.5			-0.0944755
4			12.5			0.0944755
5			12.5			0.283509
6			12.5			0.325104
7			12.5			0.374086

0			12.55			-0.368999
1			12.55			-0.326117
2			12.55			-0.285908
3			12.55			-0.0835217
4			12.55			0.0835217
5			12.55			0.285908
6			12.55			0.326117
7			12.55			0.368999

0			12.6			-0.36387
1			12.6			-0.327013
2			12.6			-0.288187
3			12.6			-0.0728965
4			12.6			0.0728965
5			12.6			0.288187
6			12.6			0.327013
7			12.6			0.36387

0			12.65			-0.358698
1			12.65			-0.327795
2			12.65			-0.290317
3			12.65			-0.0626669
4			12.65			0.0626669
5			12.65			0.290317
6			12.65			0.327795
7			12.65			0.358698

0			12.7			-0.353487
1			12.7			-0.328467
2			12.7			-0.292269
3			12.7			-0.0528975
4			12.7			0.0528975
5			12.7			0.292269
6			12.7			0.328467
7			12.7			0.353487

0			12.75			-0.348238
1			12.75			-0.329036
2			12.75			-0.294017
3			12.75			-0.0436496
4			12.75			0.0436496
5			12.75			0.294017
6			12.75			0.329036
7			12.75			0.348238

0			12.8			-0.342952
1			12.8			-0.329504
2			12.8			-0.295533
3			12.8			-0.0349812
4			12.8			0.0349812
5			12.8			0.295533
6			12.8			0.329504
7			12.8			0.342952

0			12.85			-0.337629
1			12.85			-0.329881
2			12.85			-0.296792
3			12.85			-0.0269464
4			12.85			0.0269464
5			12.85			0.296792
6			12.85			0.329881
7			12.85			0.337629

0			12.9			-0.33227
1			12.9			-0.33017
2			12.9			-0.297769
3			12.9			-0.0195948
4			12.9			0.0195948
5			12.9			0.297769
6			12.9			0.33017
7			12.9			0.33227

0			12.95			-0.326875
1			12.95			-0.330381
2			12.95			-0.298443
3			12.95			-0.0129714
4			12.95			0.0129714
5			12.95			0.298443
6			12.95			0.330381
7			12.95			0.326875

0			13			-0.321445
1			13			-0.33052
2			13			-0.298791
3			13			-0.0071162
4			13			0.0071162
5			13			0.298791
6			13			0.33052
7			13			0.321445

0			13.05			-0.315977
1			13.05			-0.330596
2			13.05			-0.298797
3			13.05			-0.00206373
4			13.05			0.00206373
5			13.05			0.298797
6			13.05			0.330596
7			13.05			0.315977

0			13.1			-0.310472
1			13.1			-0.330615
2			13.1			-0.298442
3			13.1			0.00215713
4			13.1			-0.00215713
5			13.1			0.298442
6			13.1			0.330615
7			13.1			0.310472

0			13.15			-0.304928
1			13.15			-0.330587
2			13.15			-0.297713
3			13.15			0.00552336
4			13.15			-0.00552336
5			13.15			0.297713
6			13.15			0.330587
7			13.15			0.304928

0			13.2			-0.299345
1			13.2			-0.330519
2			13.2			-0.296599
3			13.2			0.00801805
4			13.2			-0.00801805
5			13.2			0.296599
6			13.2			0.330519
7			13.2			0.299345

0			13.25			-0.293721
1			13.25			-0.330418
2			13.25			-0.29509
3			13.25			0.0096305
4			13.25			-0.0096305
5			13.25			0.29509
6			13.25			0.330418
7			13.25			0.293721

0			13.3			-0.288054
1			13.3			-0.330293
2			13.3			-0.293182
3			13.3			0.0103564
4			13.3			-0.0103564
5			13.3			0.293182
6			13.3			0.330293
7			13.3			0.288054

0			13.35			-0.282343
1			13.35			-0.330151
2			13.35			-0.29087
3			13.35			0.0101978
4			13.35			-0.0101978
5			13.35			0.29087
6			13.35			0.330151
7			13.35			0.282343

0			13.4			-0.276586
1			13.4			-0.33
2			13.4			-0.288155
3			13.4			0.00916309
4			13.4			-0.00916309
5			13.4			0.288155
6			13.4			0.33
7			13.4			0.276586

0			13.45			-0.270781
1			13.45			-0.329845
2			13.45			-0.28504
3			13.45			0.00726725
4			13.45			-0.00726725
5			13.45			0.28504
6			13.45			0.329845
7			13.45			0.270781

0			13.5			-0.264926
1			13.5			-0.329692
2			13.5			-0.28153
3			13.5			0.00453138
4			13.5			-0.00453138
5			13.5			0.28153
6			13.5			0.329692
7			13.5			0.264926

0			13.55			-0.259019
1			13.55			-0.329549
2			13.55			-0.277635
3			13.55			0.000982808
4			13.55			-0.000982808
5			13.55			0.277635
6			13.55			0.329549
7			13.55			0.259019

0			13.6			-0.253058
1			13.6			-0.32942
2			13.6			-0.273367
3			13.6			-0.00334514
4			13.6			0.00334514
5			13.6			0.273367
6			13.6			0.32942
7			13.6			0.253058

0			13.65			-0.247042
1			13.65			-0.329309
2			13.65			-0.268739
3			13.65			-0.00841336
4			13.65			0.00841336
5			13.65			0.268739
6			13.65			0.329309
7			13.65			0.247042

0			13.7			-0.240968
1			13.7			-0.329222
2			13.7			-0.263771
3			13.7			-0.0141772
4			13.7			0.0141772
5			13.7			0.263771
6			13.7			0.329222
7			13.7			0.240968

0			13.75			-0.234834
1			13.75			-0.329161
2			13.75			-0.258481
3			13.75			-0.0205869
4			13.75			0.0205869
5			13.75			0.258481
6			13.75			0.329161
7			13.75			0.234834

0			13.8			-0.228639
1			13.8			-0.329129
2			13.8			-0.252893
3			13.8			-0.0275878
4			13.8			0.0275878
5			13.8			0.252893
6			13.8			0.329129
7			13.8			0.228639

0			13.85			-0.222381
1			13.85			-0.329129
2			13.85			-0.247031
3			13.85			-0.0351206
4			13.85			0.0351206
5			13.85			0.247031
6			13.85			0.329129
7			13.85			0.222381

0			13.9			-0.216059
1			13.9			-0.329162
2			13.9			-0.240923
3			13.9			-0.043122
4			13.9			0.043122
5			13.9			0.240923
6			13.9			0.329162
7			13.9			0.216059

0			13.95			-0.20967
1			13.95			-0.32923
2			13.95			-0.234598
3			13.95			-0.0515253
4			13.95			0.0515253
5			13.95			0.234598
6			13.95			0.32923
7			13.95			0.20967

0			14			-0.203214
1			14			-0.329333
2			14			-0.228086
3			14			-0.0602603
4			14			0.0602603
5			14			0.228086
6			14			0.329333
7			14			0.203214

0			14.05			-0.196689
1			14.05			-0.329471
2			14.05			-0.221419
3			14.05			-0.0692543
4			14.05			0.0692543
5			14.05			0.221419
6			14.05			0.329471
7			14.05			0.196689

0			14.1			-0.190095
1			14.1			-0.329643
2			14.1			-0.214632
3			14.1			-0.0784326
4			14.1			0.0784326
5			14.1			0.214632
6			14.1			0.329643
7			14.1			0.190095

0			14.15			-0.18343
1			14.15			-0.32985
2			14.15			-0.207759
3			14.15			-0.0877185
4			14.15			0.0877185
5			14.15			0.207759
6			14.15			0.32985
7			14.15			0.18343

0			14.2			-0.176694
1			14.2			-0.330089
2			14.2			-0.200835
3			14.2			-0.0970347
4			14.2			0.0970347
5			14.2			0.200835
6			14.2			0.330089
7			14.2			0.176694

0			14.25			-0.169887
1			14.25			-0.330358
2			14.25			-0.193895
3			14.25			-0.106303
4			14.25			0.106303
5			14.25			0.193895
6			14.25			0.330358
7			14.25			0.169887

0			14.3			-0.163008
1			14.3			-0.330656
2			14.3			-0.186976
3			14.3			-0.115446
4			14.3			0.115446
5			14.3			0.186976
6			14.3			0.330656
7			14.3			0.163008

0			14.35			-0.156057
1			14.35			-0.33098
2			14.35			-0.180112
3			14.35			-0.124385
4			14.35			0.124385
5			14.35			0.180112
6			14.35			0.33098
7			14.35			0.156057

0			14.4			-0.149034
1			14.4			-0.331328
2			14.4			-0.17334
3			14.4			-0.133045
4			14.4			0.133045
5			14.4			0.17334
6			14.4			0.331328
7			14.4			0.149034

0			14.45			-0.14194
1			14.45			-0.331696
2			14.45			-0.166694
3			14.45			-0.141351
4			14.45			0.141351
5			14.45			0.166694
6			14.45			0.331696
7			14.45			0.14194

0			14.5			-0.134776
1			14.5			-0.332081
2			14.5			-0.160207
3			14.5			-0.149231
4			14.5			0.149231
5			14.5			0.160207
6			14.5			0.332081
7			14.5			0.134776

0			14.55			-0.127542
1			14.55			-0.332481
2			14.55			-0.153911
3			14.55			-0.156616
4			14.55			0.156616
5			14.55			0.153911
6			14.55			0.332481
7			14.55			0.127542

0			14.6			-0.120239
1			14.6			-0.332892
2			14.6			-0.147838
3			14.6			-0.163439
4			14.6			0.163439
5			14.6			0.147838
6			14.6			0.332892
7			14.6			0.120239

0			14.65			-0.112869
1			14.65			-0.333312
2			14.65			-0.142017
3			14.65			-0.169639
4			14.65			0.169639
5			14.65			0.142017
6			14.65			0.333312
7			14.65			0.112869

0			14.7			-0.105433
1			14.7			-0.333736
2			14.7			-0.136474
3			14.7			-0.175155
4			14.7			0.175155
5			14.7			0.136474
6			14.7			0.333736
7			14.7			0.105433

0			14.75			-0.0979325
1			14.75			-0.334161
2			14.75			-0.131236
3			14.75			-0.179936
4			14.75			0.179936
5			14.75			0.131236
6			14.75			0.334161
7			14.75			0.0979325

0			14.8			-0.0903703
1			14.8			-0.334586
2			14.8			-0.126324
3			14.8			-0.183933
4			14.8			0.183933
5			14.8			0.126324
6			14.8			0.334586
7			14.8			0.0903703

0			14.85			-0.0827484
1			14.85			-0.335006
2			14.85			-0.12176
3			14.85			-0.187102
4			14.85			0.187102
5			14.85			0.12176
6			14.85			0.335006
7			14.85			0.0827484

0			14.9			-0.0750693
1			14.9			-0.335419
2			14.9			-0.11756
3			14.9			-0.189405
4			14.9			0.189405
5			14.9			0.11756
6			14.9			0.335419
7			14.9			0.0750693

0			14.95			-0.0673356
1			14.95			-0.335823
2			14.95			-0.113739
3			14.95			-0.190812
4			14.95			0.190812
5			14.95			0.113739
6			14.95			0.335823
7			14.95			0.0673356

0			15			-0.0595505
1			15			-0.336215
2			15			-0.11031
3			15			-0.191296
4			15			0.191296
5			15			0.11031
6			15			0.336215
7			15			0.0595505

0			15.05			-0.0517172
1			15.05			-0.336592
2			15.05			-0.107282
3			15.05			-0.190838
4			15.05			0.190838
5			15.05			0.107282
6			15.05			0.336592
7			15.05			0.0517172

0			15.1			-0.0438391
1			15.1			-0.336953
2			15.1			-0.10466
3			15.1			-0.189425
4			15.1			0.189425
5			15.1			0.10466
6			15.1			0.336953
7			15.1			0.0438391

0			15.15			-0.03592
1			15.15			-0.337297
2			15.15			-0.102447
3			15.15			-0.187052
4			15.15			0.187052
5			15.15			0.102447
6			15.15			0.337297
7			15.15			0.03592

0			15.2			-0.0279639
1			15.2			-0.33762
2			15.2			-0.100645
3			15.2			-0.183718
4			15.2			0.183718
5			15.2			0.100645
6			15.2			0.33762
7			15.2			0.0279639

0			15.25			-0.019975
1			15.25			-0.337923
2			15.25			-0.0992482
3			15.25			-0.17943
4			15.25			0.17943
5			15.25			0.0992482
6			15.25			0.337923
7			15.25			0.019975

0			15.3			-0.0119578
1			15.3			-0.338202
2			15.3			-0.0982525
3			15.3			-0.174202
4			15.3			0.174202
5			15.3			0.0982525
6			15.3			0.338202
7			15.3			0.0119578

0			15.35			-0.00391702
1			15.35			-0.338458
2			15.35			-0.0976487
3			15.35			-0.168054
4			15.35			0.168054
5			15.35			0.0976487
6			15.35			0.338458
7			15.35			0.00391702

0			15.4			0.00414231
1			15.4			-0.338688
2			15.4			-0.0974253
3			15.4			-0.161011
4			15.4			0.161011
5			15.4			0.0974253
6			15.4			0.338688
7			15.4			-0.00414231

0			15.45			0.012215
1			15.45			-0.338892
2			15.45			-0.097568
3			15.45			-0.153105
4			15.45			0.153105
5			15.45			0.097568
6			15.45			0.338892
7			15.45			-0.012215

0			15.5			0.0202955
1			15.5			-0.339068
2			15.5			-0.0980603
3			15.5			-0.144375
4			15.5			0.144375
5			15.5			0.0980603
6			15.5			0.339068
7			15.5			-0.0202955

0			15.55			0.0283782
1			15.55			-0.339215
2			15.55			-0.0988832
3			15.55			-0.134863
4			15.55			0.134863
5			15.55			0.0988832
6			15.55			0.339215
7			15.55			-0.0283782

0			15.6			0.0364572
1			15.6			-0.339332
2			15.6			-0.100016
3			15.6			-0.124619
4			15.6			0.124619
5			15.6			0.100016
6			15.6			0.339332
7			15.6			-0.0364572

0			15.65			0.0445261
1			15.65			-0.339417
2			15.65			-0.101435
3			15.65			-0.113696
4			15.65			0.113696
5			15.65			0.101435
6			15.65			0.339417
7			15.65			-0.0445261

0			15.7			0.0525786
1			15.7			-0.339469
2			15.7			-0.103116
3			15.7			-0.102151
4			15.7			0.102151
5			15.7			0.103116
6			15.7			0.339469
7			15.7			-0.0525786

0			15.75			0.0606081
1			15.75			-0.339485
2			15.75			-0.105032
3			15.75			-0.0900476
4			15.75			0.0900476
5			15.75			0.105032
6			15.75			0.339485
7			15.75			-0.0606081

0			15.8			0.0686077
1			15.8			-0.339463
2			15.8			-0.107157
3			15.8			-0.0774502
4			15.8			0.0774502
5			15.8			0.107157
6			15.8			0.339463
7			15.8			-0.0686077

0			15.85			0.0765703
1			15.85			-0.3394
2			15.85			-0.109462
3			15.85			-0.0644278
4			15.85			0.0644278
5			15.85			0.109462
6			15.85			0.3394
7			15.85			-0.0765703

0			15.9			0.0844887
1			15.9			-0.339294
2			15.9			-0.111918
3			15.9			-0.0510518
4			15.9			0.0510518
5			15.9			0.111918
6			15.9			0.339294
7			15.9			-0.0844887

0			15.95			0.0923554
1			15.95			-0.339141
2			15.95			-0.114496
3			15.95			-0.0373959
4			15.95			0.0373959
5			15.95			0.114496
6			15.95			0.339141
7			15.95			-0.0923554

