0.05			-0.421848
0.0833333			-0.421426
0.116667			-0.420146
0.15			-0.418038
0.183333			-0.415112
0.216667			-0.411256
0.25			-0.406357
0.283333			-0.400376
0.316667			-0.393357
0.35			-0.38542
0.383333			-0.376727
0.416667			-0.367457
0.45			-0.357791
0.483333			-0.347896
0.516667			-0.337917
0.55			-0.327976
0.583333			-0.318172
0.616667			-0.308579
0.65			-0.299253
0.683333			-0.290234
0.716667			-0.281548
0.75			-0.27321
0.783333			-0.265224
0.816667			-0.257593
0.85			-0.250309
0.883333			-0.243364
0.916667			-0.236748
0.95			-0.230447
0.983333			-0.224448
1.01667			-0.218737
1.05			-0.213298
1.08333			-0.208119
1.11667			-0.203184
1.15			-0.198481
1.18333			-0.193996
1.21667			-0.189718
1.25			-0.185634
1.28333			-0.181734
1.31667			-0.178006
1.35			-0.174441
1.38333			-0.17103
1.41667			-0.167764
1.45			-0.164636
1.48333			-0.161636
1.51667			-0.158759
1.55			-0.155997
1.58333			-0.153344
1.61667			-0.150795
1.65			-0.148343
1.68333			-0.145984
1.71667			-0.143713
1.75			-0.141525
1.78333			-0.139416
1.81667			-0.137383
1.85			-0.135421
1.88333			-0.133526
1.91667			-0.131697
1.95			-0.129929
1.98333			-0.128219
2.01667			-0.126565
2.05			-0.124965
2.08333			-0.123415
2.11667			-0.121914
2.15			-0.120459
2.18333			-0.119049
2.21667			-0.117681
2.25			-0.116354
2.28333			-0.115065
2.31667			-0.113814
2.35			-0.112599
2.38333			-0.111417
2.41667			-0.110269
2.45			-0.109152
2.48333			-0.108066
2.51667			-0.107008
2.55			-0.105979
2.58333			-0.104977
2.61667			-0.104
2.65			-0.103048
2.68333			-0.102121
2.71667			-0.101216
2.75			-0.100334
2.78333			-0.0994733
2.81667			-0.0986334
2.85			-0.0978135
2.88333			-0.0970129
2.91667			-0.0962309
2.95			-0.0954671
2.98333			-0.0947206
3.01667			-0.093991
3.05			-0.0932776
3.08333			-0.0925801
3.11667			-0.0918978
3.15			-0.0912302
3.18333			-0.090577
3.21667			-0.0899376
3.25			-0.0893116
3.28333			-0.0886987
3.31667			-0.0880983
3.35			-0.0875102
3.38333			-0.086934
3.41667			-0.0863693
3.45			-0.0858158
3.48333			-0.0852731
3.51667			-0.084741
3.55			-0.0842192
3.58333			-0.0837072
3.61667			-0.083205
3.65			-0.0827122
3.68333			-0.0822285
3.71667			-0.0817537
3.75			-0.0812876
3.78333			-0.0808299
3.81667			-0.0803805
3.85			-0.079939
3.88333			-0.0795053
3.91667			-0.0790791
3.95			-0.0786604
3.98333			-0.0782488
4.01667			-0.0778443
4.05			-0.0774466
4.08333			-0.0770555
4.11667			-0.076671
4.15			-0.0762928
4.18333			-0.0759208
4.21667			-0.0755548
4.25			-0.0751947
4.28333			-0.0748404
4.31667			-0.0744917
4.35			-0.0741485
4.38333			-0.0738106
4.41667			-0.073478
4.45			-0.0731505
4.48333			-0.072828
4.51667			-0.0725104
4.55			-0.0721976
4.58333			-0.0718894
4.61667			-0.0715858
4.65			-0.0712867
4.68333			-0.0709919
4.71667			-0.0707014
4.75			-0.0704151
4.78333			-0.0701329
4.81667			-0.0698547
4.85			-0.0695805
4.88333			-0.0693101
4.91667			-0.0690434
4.95			-0.0687804
4.98333			-0.0685211
5.01667			-0.0682652
5.05			-0.0680129
5.08333			-0.0677639
5.11667			-0.0675183
5.15			-0.0672759
5.18333			-0.0670367
5.21667			-0.0668007
5.25			-0.0665678
5.28333			-0.0663378
5.31667			-0.0661108
5.35			-0.0658867
5.38333			-0.0656655
5.41667			-0.065447
5.45			-0.0652313
5.48333			-0.0650183
5.51667			-0.0648079
5.55			-0.0646002
5.58333			-0.0643949
5.61667			-0.0641922
5.65			-0.0639919
5.68333			-0.063794
5.71667			-0.0635985
5.75			-0.0634053
5.78333			-0.0632144
5.81667			-0.0630257
5.85			-0.0628393
5.88333			-0.062655
5.91667			-0.0624728
5.95			-0.0622927
5.98333			-0.0621147
6.01667			-0.0619387
6.05			-0.0617647
6.08333			-0.0615926
6.11667			-0.0614225
6.15			-0.0612542
6.18333			-0.0610878
6.21667			-0.0609233
6.25			-0.0607605
6.28333			-0.0605995
6.31667			-0.0604402
6.35			-0.0602827
6.38333			-0.0601268
6.41667			-0.0599726
6.45			-0.0598201
6.48333			-0.0596691
6.51667			-0.0595197
6.55			-0.0593719
6.58333			-0.0592256
6.61667			-0.0590808
6.65			-0.0589375
6.68333			-0.0587957
6.71667			-0.0586553
6.75			-0.0585163
6.78333			-0.0583787
6.81667			-0.0582425
6.85			-0.0581077
6.88333			-0.0579741
6.91667			-0.0578419
6.95			-0.057711
6.98333			-0.0575814
7.01667			-0.0574531
7.05			-0.0573259
7.08333			-0.0572
7.11667			-0.0570754
7.15			-0.0569519
7.18333			-0.0568295
7.21667			-0.0567084
7.25			-0.0565883
7.28333			-0.0564694
7.31667			-0.0563516
7.35			-0.0562349
7.38333			-0.0561193
7.41667			-0.0560047
7.45			-0.0558912
7.48333			-0.0557787
7.51667			-0.0556672
7.55			-0.0555567
7.58333			-0.0554473
7.61667			-0.0553388
7.65			-0.0552312
7.68333			-0.0551246
7.71667			-0.055019
7.75			-0.0549143
7.78333			-0.0548105
7.81667			-0.0547076
7.85			-0.0546056
7.88333			-0.0545045
7.91667			-0.0544043
7.95			-0.0543049
7.98333			-0.0542063
8.01667			-0.0541086
8.05			-0.0540118
8.08333			-0.0539157
8.11667			-0.0538205
8.15			-0.053726
8.18333			-0.0536323
8.21667			-0.0535394
8.25			-0.0534473
8.28333			-0.0533559
8.31667			-0.0532653
8.35			-0.0531754
8.38333			-0.0530862
8.41667			-0.0529978
8.45			-0.0529101
8.48333			-0.052823
8.51667			-0.0527367
8.55			-0.0526511
8.58333			-0.0525661
8.61667			-0.0524818
8.65			-0.0523982
8.68333			-0.0523152
8.71667			-0.0522329
8.75			-0.0521512
8.78333			-0.0520701
8.81667			-0.0519897
8.85			-0.0519099
8.88333			-0.0518307
8.91667			-0.0517521
8.95			-0.0516741
8.98333			-0.0515967
9.01667			-0.0515198
9.05			-0.0514436
9.08333			-0.0513679
9.11667			-0.0512928
9.15			-0.0512182
9.18333			-0.0511442
9.21667			-0.0510707
9.25			-0.0509978
9.28333			-0.0509254
9.31667			-0.0508536
9.35			-0.0507822
9.38333			-0.0507114
9.41667			-0.0506411
9.45			-0.0505713
9.48333			-0.050502
9.51667			-0.0504332
9.55			-0.0503648
9.58333			-0.050297
9.61667			-0.0502296
9.65			-0.0501627
9.68333			-0.0500963
9.71667			-0.0500304
9.75			-0.0499649
9.78333			-0.0498998
9.81667			-0.0498352
9.85			-0.0497711
9.88333			-0.0497074
9.91667			-0.0496441
9.95			-0.0495813
9.98333			-0.0495189
10.0167			-0.0494569
10.05			-0.0493953
10.0833			-0.0493342
10.1167			-0.0492734
10.15			-0.0492131
10.1833			-0.0491531
10.2167			-0.0490936
10.25			-0.0490345
10.2833			-0.0489757
10.3167			-0.0489173
10.35			-0.0488594
10.3833			-0.0488018
10.4167			-0.0487445
10.45			-0.0486877
10.4833			-0.0486312
10.5167			-0.048575
10.55			-0.0485193
10.5833			-0.0484639
10.6167			-0.0484088
10.65			-0.0483541
10.6833			-0.0482997
10.7167			-0.0482457
10.75			-0.0481921
10.7833			-0.0481387
10.8167			-0.0480857
10.85			-0.0480331
10.8833			-0.0479807
10.9167			-0.0479287
10.95			-0.047877
10.9833			-0.0478256
11.0167			-0.0477746
11.05			-0.0477238
11.0833			-0.0476734
11.1167			-0.0476233
11.15			-0.0475734
11.1833			-0.0475239
11.2167			-0.0474747
11.25			-0.0474258
11.2833			-0.0473771
11.3167			-0.0473288
11.35			-0.0472807
11.3833			-0.047233
11.4167			-0.0471855
11.45			-0.0471383
11.4833			-0.0470914
11.5167			-0.0470447
11.55			-0.0469983
11.5833			-0.0469522
11.6167			-0.0469064
11.65			-0.0468608
11.6833			-0.0468155
11.7167			-0.0467705
11.75			-0.0467257
11.7833			-0.0466812
11.8167			-0.0466369
11.85			-0.0465929
11.8833			-0.0465491
11.9167			-0.0465056
11.95			-0.0464623
11.9833			-0.0464193
12.0167			-0.0463765
12.05			-0.046334
12.0833			-0.0462917
12.1167			-0.0462496
12.15			-0.0462078
12.1833			-0.0461662
12.2167			-0.0461248
12.25			-0.0460837
12.2833			-0.0460427
12.3167			-0.046002
12.35			-0.0459616
12.3833			-0.0459213
12.4167			-0.0458813
12.45			-0.0458415
12.4833			-0.0458019
12.5167			-0.0457625
12.55			-0.0457234
12.5833			-0.0456844
12.6167			-0.0456456
12.65			-0.0456071
12.6833			-0.0455688
12.7167			-0.0455306
12.75			-0.0454927
12.7833			-0.045455
12.8167			-0.0454175
12.85			-0.0453801
12.8833			-0.045343
12.9167			-0.045306
12.95			-0.0452693
12.9833			-0.0452327
13.0167			-0.0451964
13.05			-0.0451602
13.0833			-0.0451242
13.1167			-0.0450884
13.15			-0.0450528
13.1833			-0.0450173
13.2167			-0.0449821
13.25			-0.044947
13.2833			-0.0449121
13.3167			-0.0448774
13.35			-0.0448428
13.3833			-0.0448085
13.4167			-0.0447743
13.45			-0.0447402
13.4833			-0.0447064
13.5167			-0.0446727
13.55			-0.0446392
13.5833			-0.0446058
13.6167			-0.0445727
13.65			-0.0445396
13.6833			-0.0445068
13.7167			-0.0444741
13.75			-0.0444415
13.7833			-0.0444092
13.8167			-0.044377
13.85			-0.0443449
13.8833			-0.044313
13.9167			-0.0442812
13.95			-0.0442496
13.9833			-0.0442182
14.0167			-0.0441869
14.05			-0.0441558
14.0833			-0.0441248
14.1167			-0.0440939
14.15			-0.0440632
14.1833			-0.0440327
14.2167			-0.0440023
14.25			-0.043972
14.2833			-0.0439419
14.3167			-0.0439119
14.35			-0.0438821
14.3833			-0.0438524
14.4167			-0.0438229
14.45			-0.0437934
14.4833			-0.0437642
14.5167			-0.043735
14.55			-0.043706
14.5833			-0.0436771
14.6167			-0.0436484
14.65			-0.0436198
14.6833			-0.0435913
14.7167			-0.043563
14.75			-0.0435348
14.7833			-0.0435067
14.8167			-0.0434787
14.85			-0.0434509
14.8833			-0.0434232
14.9167			-0.0433956
14.95			-0.0433682
14.9833			-0.0433408
15.0167			-0.0433136
15.05			-0.0432865
15.0833			-0.0432596
15.1167			-0.0432327
15.15			-0.043206
15.1833			-0.0431794
15.2167			-0.0431529
15.25			-0.0431265
15.2833			-0.0431003
15.3167			-0.0430742
15.35			-0.0430481
15.3833			-0.0430222
15.4167			-0.0429964
15.45			-0.0429707
15.4833			-0.0429452
15.5167			-0.0429197
15.55			-0.0428944
15.5833			-0.0428691
15.6167			-0.042844
15.65			-0.042819
15.6833			-0.0427941
15.7167			-0.0427693
15.75			-0.0427446
15.7833			-0.04272
15.8167			-0.0426955
15.85			-0.0426711
15.8833			-0.0426468
15.9167			-0.0426226
15.95			-0.0425986
15.9833			-0.0425746
16.0167			-0.0425507
16.05			-0.0425269
16.0833			-0.0425033
16.1167			-0.0424797
16.15			-0.0424562
16.1833			-0.0424328
16.2167			-0.0424095
16.25			-0.0423864
16.2833			-0.0423633
16.3167			-0.0423403
16.35			-0.0423174
16.3833			-0.0422946
16.4167			-0.0422719
16.45			-0.0422493
16.4833			-0.0422267
16.5167			-0.0422043
16.55			-0.042182
16.5833			-0.0421597
16.6167			-0.0421376
16.65			-0.0421155
16.6833			-0.0420935
16.7167			-0.0420716
16.75			-0.0420498
16.7833			-0.0420281
16.8167			-0.0420065
16.85			-0.0419849
16.8833			-0.0419635
16.9167			-0.0419421
16.95			-0.0419208
16.9833			-0.0418996
17.0167			-0.0418785
17.05			-0.0418575
17.0833			-0.0418365
17.1167			-0.0418156
17.15			-0.0417949
17.1833			-0.0417742
17.2167			-0.0417535
17.25			-0.041733
17.2833			-0.0417125
17.3167			-0.0416921
17.35			-0.0416718
17.3833			-0.0416516
17.4167			-0.0416315
17.45			-0.0416114
17.4833			-0.0415914
17.5167			-0.0415715
17.55			-0.0415517
17.5833			-0.0415319
17.6167			-0.0415122
17.65			-0.0414926
17.6833			-0.0414731
17.7167			-0.0414536
17.75			-0.0414342
17.7833			-0.0414149
17.8167			-0.0413957
17.85			-0.0413765
17.8833			-0.0413574
17.9167			-0.0413384
17.95			-0.0413194
17.9833			-0.0413005
18.0167			-0.0412817
18.05			-0.041263
18.0833			-0.0412443
18.1167			-0.0412257
18.15			-0.0412072
18.1833			-0.0411887
18.2167			-0.0411703
18.25			-0.041152
18.2833			-0.0411337
18.3167			-0.0411155
18.35			-0.0410974
18.3833			-0.0410794
18.4167			-0.0410614
18.45			-0.0410434
18.4833			-0.0410256
18.5167			-0.0410078
18.55			-0.04099
18.5833			-0.0409724
18.6167			-0.0409548
18.65			-0.0409372
18.6833			-0.0409198
18.7167			-0.0409023
18.75			-0.040885
18.7833			-0.0408677
18.8167			-0.0408505
18.85			-0.0408333
18.8833			-0.0408162
18.9167			-0.0407992
18.95			-0.0407822
18.9833			-0.0407652
19.0167			-0.0407484
19.05			-0.0407316
19.0833			-0.0407148
19.1167			-0.0406981
19.15			-0.0406815
19.1833			-0.040665
19.2167			-0.0406484
19.25			-0.040632
19.2833			-0.0406156
19.3167			-0.0405993
19.35			-0.040583
19.3833			-0.0405668
19.4167			-0.0405506
19.45			-0.0405345
19.4833			-0.0405184
19.5167			-0.0405024
19.55			-0.0404865
19.5833			-0.0404706
19.6167			-0.0404547
19.65			-0.040439
19.6833			-0.0404232
19.7167			-0.0404076
19.75			-0.0403919
19.7833			-0.0403764
19.8167			-0.0403609
19.85			-0.0403454
19.8833			-0.04033
19.9167			-0.0403146
19.95			-0.0402993
19.9833			-0.0402841
20.0167			-0.0402689
20.05			-0.0402537
20.0833			-0.0402386
20.1167			-0.0402236
20.15			-0.0402086
20.1833			-0.0401936
20.2167			-0.0401787
20.25			-0.0401639
20.2833			-0.0401491
20.3167			-0.0401343
20.35			-0.0401196
20.3833			-0.0401049
20.4167			-0.0400903
20.45			-0.0400758
20.4833			-0.0400613
20.5167			-0.0400468
20.55			-0.0400324
20.5833			-0.040018
20.6167			-0.0400037
20.65			-0.0399894
20.6833			-0.0399752
20.7167			-0.039961
20.75			-0.0399469
20.7833			-0.0399328
20.8167			-0.0399187
20.85			-0.0399047
20.8833			-0.0398908
20.9167			-0.0398769
20.95			-0.039863
20.9833			-0.0398492
21.0167			-0.0398354
21.05			-0.0398217
21.0833			-0.039808
21.1167			-0.0397944
21.15			-0.0397808
21.1833			-0.0397672
21.2167			-0.0397537
21.25			-0.0397402
21.2833			-0.0397268
21.3167			-0.0397134
21.35			-0.0397
21.3833			-0.0396867
21.4167			-0.0396735
21.45			-0.0396603
21.4833			-0.0396471
21.5167			-0.0396339
21.55			-0.0396209
21.5833			-0.0396078
21.6167			-0.0395948
21.65			-0.0395818
21.6833			-0.0395689
21.7167			-0.039556
21.75			-0.0395431
21.7833			-0.0395303
21.8167			-0.0395175
21.85			-0.0395048
21.8833			-0.0394921
21.9167			-0.0394795
21.95			-0.0394668
21.9833			-0.0394543
22.0167			-0.0394417
22.05			-0.0394292
22.0833			-0.0394167
22.1167			-0.0394043
22.15			-0.0393919
22.1833			-0.0393796
22.2167			-0.0393673
22.25			-0.039355
22.2833			-0.0393427
22.3167			-0.0393305
22.35			-0.0393184
22.3833			-0.0393063
22.4167			-0.0392942
22.45			-0.0392821
22.4833			-0.0392701
22.5167			-0.0392581
22.55			-0.0392461
22.5833			-0.0392342
22.6167			-0.0392224
22.65			-0.0392105
22.6833			-0.0391987
22.7167			-0.0391869
22.75			-0.0391752
22.7833			-0.0391635
22.8167			-0.0391518
22.85			-0.0391402
22.8833			-0.0391286
22.9167			-0.039117
22.95			-0.0391055
22.9833			-0.039094
23.0167			-0.0390825
23.05			-0.0390711
23.0833			-0.0390597
23.1167			-0.0390483
23.15			-0.039037
23.1833			-0.0390257
23.2167			-0.0390144
23.25			-0.0390032
23.2833			-0.038992
23.3167			-0.0389808
23.35			-0.0389697
23.3833			-0.0389586
23.4167			-0.0389475
23.45			-0.0389365
23.4833			-0.0389255
23.5167			-0.0389145
23.55			-0.0389035
23.5833			-0.0388926
23.6167			-0.0388817
23.65			-0.0388709
23.6833			-0.0388601
23.7167			-0.0388493
23.75			-0.0388385
23.7833			-0.0388278
23.8167			-0.0388171
23.85			-0.0388064
23.8833			-0.0387958
23.9167			-0.0387852
23.95			-0.0387746
23.9833			-0.038764
24.0167			-0.0387535
24.05			-0.038743
24.0833			-0.0387325
24.1167			-0.0387221
24.15			-0.0387117
24.1833			-0.0387013
24.2167			-0.038691
24.25			-0.0386807
24.2833			-0.0386704
24.3167			-0.0386601
24.35			-0.0386499
24.3833			-0.0386397
24.4167			-0.0386295
24.45			-0.0386194
24.4833			-0.0386092
24.5167			-0.0385991
24.55			-0.0385891
24.5833			-0.038579
24.6167			-0.038569
24.65			-0.038559
24.6833			-0.0385491
24.7167			-0.0385392
24.75			-0.0385293
24.7833			-0.0385194
24.8167			-0.0385095
24.85			-0.0384997
24.8833			-0.0384899
24.9167			-0.0384801
24.95			-0.0384704
24.9833			-0.0384607
25.0167			-0.038451
25.05			-0.0384413
25.0833			-0.0384317
25.1167			-0.0384221
25.15			-0.0384125
25.1833			-0.0384029
25.2167			-0.0383934
25.25			-0.0383839
25.2833			-0.0383744
25.3167			-0.0383649
25.35			-0.0383555
25.3833			-0.0383461
25.4167			-0.0383367
25.45			-0.0383274
25.4833			-0.038318
25.5167			-0.0383087
25.55			-0.0382994
25.5833			-0.0382902
25.6167			-0.0382809
25.65			-0.0382717
25.6833			-0.0382625
25.7167			-0.0382534
25.75			-0.0382442
25.7833			-0.0382351
25.8167			-0.038226
25.85			-0.0382169
25.8833			-0.0382079
25.9167			-0.0381989
25.95			-0.0381899
25.9833			-0.0381809
26.0167			-0.0381719
26.05			-0.038163
26.0833			-0.0381541
26.1167			-0.0381452
26.15			-0.0381364
26.1833			-0.0381275
26.2167			-0.0381187
26.25			-0.0381099
26.2833			-0.0381011
26.3167			-0.0380924
26.35			-0.0380837
26.3833			-0.038075
26.4167			-0.0380663
26.45			-0.0380576
26.4833			-0.038049
26.5167			-0.0380404
26.55			-0.0380318
26.5833			-0.0380232
26.6167			-0.0380146
26.65			-0.0380061
26.6833			-0.0379976
26.7167			-0.0379891
26.75			-0.0379807
26.7833			-0.0379722
26.8167			-0.0379638
26.85			-0.0379554
26.8833			-0.037947
26.9167			-0.0379386
26.95			-0.0379303
26.9833			-0.037922
27.0167			-0.0379137
27.05			-0.0379054
27.0833			-0.0378972
27.1167			-0.0378889
27.15			-0.0378807
27.1833			-0.0378725
27.2167			-0.0378643
27.25			-0.0378562
27.2833			-0.0378481
27.3167			-0.0378399
27.35			-0.0378318
27.3833			-0.0378238
27.4167			-0.0378157
27.45			-0.0378077
27.4833			-0.0377997
27.5167			-0.0377917
27.55			-0.0377837
27.5833			-0.0377757
27.6167			-0.0377678
27.65			-0.0377599
27.6833			-0.037752
27.7167			-0.0377441
27.75			-0.0377362
27.7833			-0.0377284
27.8167			-0.0377206
27.85			-0.0377128
27.8833			-0.037705
27.9167			-0.0376972
27.95			-0.0376895
27.9833			-0.0376817
28.0167			-0.037674
28.05			-0.0376663
28.0833			-0.0376587
28.1167			-0.037651
28.15			-0.0376434
28.1833			-0.0376357
28.2167			-0.0376281
28.25			-0.0376206
28.2833			-0.037613
28.3167			-0.0376054
28.35			-0.0375979
28.3833			-0.0375904
28.4167			-0.0375829
28.45			-0.0375754
28.4833			-0.037568
28.5167			-0.0375605
28.55			-0.0375531
28.5833			-0.0375457
28.6167			-0.0375383
28.65			-0.0375309
28.6833			-0.0375236
28.7167			-0.0375163
28.75			-0.0375089
28.7833			-0.0375016
28.8167			-0.0374943
28.85			-0.0374871
28.8833			-0.0374798
28.9167			-0.0374726
28.95			-0.0374654
28.9833			-0.0374582
29.0167			-0.037451
29.05			-0.0374438
29.0833			-0.0374367
29.1167			-0.0374295
29.15			-0.0374224
29.1833			-0.0374153
29.2167			-0.0374082
29.25			-0.0374012
29.2833			-0.0373941
29.3167			-0.0373871
29.35			-0.03738
29.3833			-0.037373
29.4167			-0.0373661
29.45			-0.0373591
29.4833			-0.0373521
29.5167			-0.0373452
29.55			-0.0373383
29.5833			-0.0373313
29.6167			-0.0373244
29.65			-0.0373176
29.6833			-0.0373107
29.7167			-0.0373039
29.75			-0.037297
29.7833			-0.0372902
29.8167			-0.0372834
29.85			-0.0372766
29.8833			-0.0372699
29.9167			-0.0372631
29.95			-0.0372564
29.9833			-0.0372496
30.0167			-0.0372429
30.05			-0.0372362
30.0833			-0.0372295
30.1167			-0.0372229
30.15			-0.0372162
30.1833			-0.0372096
30.2167			-0.037203
30.25			-0.0371964
30.2833			-0.0371898
30.3167			-0.0371832
30.35			-0.0371766
30.3833			-0.0371701
30.4167			-0.0371636
30.45			-0.037157
30.4833			-0.0371505
30.5167			-0.037144
30.55			-0.0371376
30.5833			-0.0371311
30.6167			-0.0371246
30.65			-0.0371182
30.6833			-0.0371118
30.7167			-0.0371054
30.75			-0.037099
30.7833			-0.0370926
30.8167			-0.0370863
30.85			-0.0370799
30.8833			-0.0370736
30.9167			-0.0370672
30.95			-0.0370609
30.9833			-0.0370546
31.0167			-0.0370484
31.05			-0.0370421
31.0833			-0.0370358
31.1167			-0.0370296
31.15			-0.0370234
31.1833			-0.0370172
31.2167			-0.037011
31.25			-0.0370048
31.2833			-0.0369986
31.3167			-0.0369924
31.35			-0.0369863
31.3833			-0.0369801
31.4167			-0.036974
31.45			-0.0369679
31.4833			-0.0369618
31.5167			-0.0369557
31.55			-0.0369497
31.5833			-0.0369436
31.6167			-0.0369376
31.65			-0.0369315
31.6833			-0.0369255
31.7167			-0.0369195
31.75			-0.0369135
31.7833			-0.0369075
31.8167			-0.0369016
31.85			-0.0368956
31.8833			-0.0368897
31.9167			-0.0368837
31.95			-0.0368778
31.9833			-0.0368719
32.0167			-0.036866
32.05			-0.0368602
32.0833			-0.0368543
32.1167			-0.0368484
32.15			-0.0368426
32.1833			-0.0368368
32.2167			-0.0368309
32.25			-0.0368251
32.2833			-0.0368193
32.3167			-0.0368135
32.35			-0.0368078
32.3833			-0.036802
32.4167			-0.0367963
32.45			-0.0367905
32.4833			-0.0367848
32.5167			-0.0367791
32.55			-0.0367734
32.5833			-0.0367677
32.6167			-0.036762
32.65			-0.0367564
32.6833			-0.0367507
32.7167			-0.0367451
32.75			-0.0367394
32.7833			-0.0367338
32.8167			-0.0367282
32.85			-0.0367226
32.8833			-0.036717
32.9167			-0.0367115
32.95			-0.0367059
32.9833			-0.0367004
33.0167			-0.0366948
33.05			-0.0366893
33.0833			-0.0366838
33.1167			-0.0366783
33.15			-0.0366728
33.1833			-0.0366673
33.2167			-0.0366618
33.25			-0.0366564
33.2833			-0.0366509
33.3167			-0.0366455
33.35			-0.03664
33.3833			-0.0366346
33.4167			-0.0366292
33.45			-0.0366238
33.4833			-0.0366184
33.5167			-0.0366131
33.55			-0.0366077
33.5833			-0.0366024
33.6167			-0.036597
33.65			-0.0365917
33.6833			-0.0365864
33.7167			-0.0365811
33.75			-0.0365758
33.7833			-0.0365705
33.8167			-0.0365652
33.85			-0.0365599
33.8833			-0.0365547
33.9167			-0.0365494
33.95			-0.0365442
33.9833			-0.036539
34.0167			-0.0365337
34.05			-0.0365285
34.0833			-0.0365233
34.1167			-0.0365182
34.15			-0.036513
34.1833			-0.0365078
34.2167			-0.0365027
34.25			-0.0364975
34.2833			-0.0364924
34.3167			-0.0364873
34.35			-0.0364821
34.3833			-0.036477
34.4167			-0.0364719
34.45			-0.0364669
34.4833			-0.0364618
34.5167			-0.0364567
34.55			-0.0364517
34.5833			-0.0364466
34.6167			-0.0364416
34.65			-0.0364366
34.6833			-0.0364315
34.7167			-0.0364265
34.75			-0.0364215
34.7833			-0.0364166
34.8167			-0.0364116
34.85			-0.0364066
34.8833			-0.0364016
34.9167			-0.0363967
34.95			-0.0363918
34.9833			-0.0363868
35.0167			-0.0363819
35.05			-0.036377
35.0833			-0.0363721
35.1167			-0.0363672
35.15			-0.0363623
35.1833			-0.0363574
35.2167			-0.0363526
35.25			-0.0363477
35.2833			-0.0363429
35.3167			-0.036338
35.35			-0.0363332
35.3833			-0.0363284
35.4167			-0.0363236
35.45			-0.0363188
35.4833			-0.036314
35.5167			-0.0363092
35.55			-0.0363044
35.5833			-0.0362997
35.6167			-0.0362949
35.65			-0.0362902
35.6833			-0.0362854
35.7167			-0.0362807
35.75			-0.036276
35.7833			-0.0362713
35.8167			-0.0362666
35.85			-0.0362619
35.8833			-0.0362572
35.9167			-0.0362525
35.95			-0.0362479
35.9833			-0.0362432
36.0167			-0.0362386
36.05			-0.0362339
36.0833			-0.0362293
36.1167			-0.0362247
36.15			-0.0362201
36.1833			-0.0362154
36.2167			-0.0362108
36.25			-0.0362063
36.2833			-0.0362017
36.3167			-0.0361971
36.35			-0.0361925
36.3833			-0.036188
36.4167			-0.0361834
36.45			-0.0361789
36.4833			-0.0361744
36.5167			-0.0361699
36.55			-0.0361653
36.5833			-0.0361608
36.6167			-0.0361563
36.65			-0.0361518
36.6833			-0.0361474
36.7167			-0.0361429
36.75			-0.0361384
36.7833			-0.036134
36.8167			-0.0361295
36.85			-0.0361251
36.8833			-0.0361207
36.9167			-0.0361162
36.95			-0.0361118
36.9833			-0.0361074
37.0167			-0.036103
37.05			-0.0360986
37.0833			-0.0360942
37.1167			-0.0360899
37.15			-0.0360855
37.1833			-0.0360811
37.2167			-0.0360768
37.25			-0.0360724
37.2833			-0.0360681
37.3167			-0.0360638
37.35			-0.0360594
37.3833			-0.0360551
37.4167			-0.0360508
37.45			-0.0360465
37.4833			-0.0360422
37.5167			-0.036038
37.55			-0.0360337
37.5833			-0.0360294
37.6167			-0.0360252
37.65			-0.0360209
37.6833			-0.0360167
37.7167			-0.0360124
37.75			-0.0360082
37.7833			-0.036004
37.8167			-0.0359998
37.85			-0.0359955
37.8833			-0.0359913
37.9167			-0.0359872
37.95			-0.035983
37.9833			-0.0359788
38.0167			-0.0359746
38.05			-0.0359705
38.0833			-0.0359663
38.1167			-0.0359622
38.15			-0.035958
38.1833			-0.0359539
38.2167			-0.0359498
38.25			-0.0359456
38.2833			-0.0359415
38.3167			-0.0359374
38.35			-0.0359333
38.3833			-0.0359292
38.4167			-0.0359251
38.45			-0.0359211
38.4833			-0.035917
38.5167			-0.0359129
38.55			-0.0359089
38.5833			-0.0359048
38.6167			-0.0359008
38.65			-0.0358968
38.6833			-0.0358927
38.7167			-0.0358887
38.75			-0.0358847
38.7833			-0.0358807
38.8167			-0.0358767
38.85			-0.0358727
38.8833			-0.0358687
38.9167			-0.0358647
38.95			-0.0358608
38.9833			-0.0358568
39.0167			-0.0358529
39.05			-0.0358489
39.0833			-0.035845
39.1167			-0.035841
39.15			-0.0358371
39.1833			-0.0358332
39.2167			-0.0358292
39.25			-0.0358253
39.2833			-0.0358214
39.3167			-0.0358175
39.35			-0.0358136
39.3833			-0.0358098
39.4167			-0.0358059
39.45			-0.035802
39.4833			-0.0357981
39.5167			-0.0357943
39.55			-0.0357904
39.5833			-0.0357866
39.6167			-0.0357828
39.65			-0.0357789
39.6833			-0.0357751
39.7167			-0.0357713
39.75			-0.0357675
39.7833			-0.0357637
39.8167			-0.0357599
39.85			-0.0357561
39.8833			-0.0357523
39.9167			-0.0357485
39.95			-0.0357447
39.9833			-0.035741
40.0167			-0.0357372
40.05			-0.0357334
40.0833			-0.0357297
40.1167			-0.035726
40.15			-0.0357222
40.1833			-0.0357185
40.2167			-0.0357148
40.25			-0.035711
40.2833			-0.0357073
40.3167			-0.0357036
40.35			-0.0356999
40.3833			-0.0356962
40.4167			-0.0356926
40.45			-0.0356889
40.4833			-0.0356852
40.5167			-0.0356815
40.55			-0.0356779
40.5833			-0.0356742
40.6167			-0.0356706
40.65			-0.0356669
40.6833			-0.0356633
40.7167			-0.0356596
40.75			-0.035656
40.7833			-0.0356524
40.8167			-0.0356488
40.85			-0.0356452
40.8833			-0.0356416
40.9167			-0.035638
40.95			-0.0356344
40.9833			-0.0356308
41.0167			-0.0356272
41.05			-0.0356236
41.0833			-0.0356201
41.1167			-0.0356165
41.15			-0.035613
41.1833			-0.0356094
41.2167			-0.0356059
41.25			-0.0356023
41.2833			-0.0355988
41.3167			-0.0355953
41.35			-0.0355917
41.3833			-0.0355882
41.4167			-0.0355847
41.45			-0.0355812
41.4833			-0.0355777
41.5167			-0.0355742
41.55			-0.0355707
41.5833			-0.0355673
41.6167			-0.0355638
41.65			-0.0355603
41.6833			-0.0355568
41.7167			-0.0355534
41.75			-0.0355499
41.7833			-0.0355465
41.8167			-0.035543
41.85			-0.0355396
41.8833			-0.0355362
41.9167			-0.0355327
41.95			-0.0355293
41.9833			-0.0355259
42.0167			-0.0355225
42.05			-0.0355191
42.0833			-0.0355157
42.1167			-0.0355123
42.15			-0.0355089
42.1833			-0.0355055
42.2167			-0.0355022
42.25			-0.0354988
42.2833			-0.0354954
42.3167			-0.0354921
42.35			-0.0354887
42.3833			-0.0354853
42.4167			-0.035482
42.45			-0.0354787
42.4833			-0.0354753
42.5167			-0.035472
42.55			-0.0354687
42.5833			-0.0354654
42.6167			-0.035462
42.65			-0.0354587
42.6833			-0.0354554
42.7167			-0.0354521
42.75			-0.0354488
42.7833			-0.0354455
42.8167			-0.0354423
42.85			-0.035439
42.8833			-0.0354357
42.9167			-0.0354324
42.95			-0.0354292
42.9833			-0.0354259
43.0167			-0.0354227
43.05			-0.0354194
43.0833			-0.0354162
43.1167			-0.0354129
43.15			-0.0354097
43.1833			-0.0354065
43.2167			-0.0354033
43.25			-0.0354
43.2833			-0.0353968
43.3167			-0.0353936
43.35			-0.0353904
43.3833			-0.0353872
43.4167			-0.035384
43.45			-0.0353809
43.4833			-0.0353777
43.5167			-0.0353745
43.55			-0.0353713
43.5833			-0.0353682
43.6167			-0.035365
43.65			-0.0353618
43.6833			-0.0353587
43.7167			-0.0353555
43.75			-0.0353524
43.7833			-0.0353492
43.8167			-0.0353461
43.85			-0.035343
43.8833			-0.0353399
43.9167			-0.0353367
43.95			-0.0353336
43.9833			-0.0353305
44.0167			-0.0353274
44.05			-0.0353243
44.0833			-0.0353212
44.1167			-0.0353181
44.15			-0.035315
44.1833			-0.0353119
44.2167			-0.0353089
44.25			-0.0353058
44.2833			-0.0353027
44.3167			-0.0352997
44.35			-0.0352966
44.3833			-0.0352936
44.4167			-0.0352905
44.45			-0.0352875
44.4833			-0.0352844
44.5167			-0.0352814
44.55			-0.0352784
44.5833			-0.0352753
44.6167			-0.0352723
44.65			-0.0352693
44.6833			-0.0352663
44.7167			-0.0352633
44.75			-0.0352603
44.7833			-0.0352573
44.8167			-0.0352543
44.85			-0.0352513
44.8833			-0.0352483
44.9167			-0.0352453
44.95			-0.0352423
44.9833			-0.0352394
45.0167			-0.0352364
45.05			-0.0352334
45.0833			-0.0352305
45.1167			-0.0352275
45.15			-0.0352246
45.1833			-0.0352216
45.2167			-0.0352187
45.25			-0.0352157
45.2833			-0.0352128
45.3167			-0.0352099
45.35			-0.0352069
45.3833			-0.035204
45.4167			-0.0352011
45.45			-0.0351982
45.4833			-0.0351953
45.5167			-0.0351924
45.55			-0.0351895
45.5833			-0.0351866
45.6167			-0.0351837
45.65			-0.0351808
45.6833			-0.0351779
45.7167			-0.0351751
45.75			-0.0351722
45.7833			-0.0351693
45.8167			-0.0351665
45.85			-0.0351636
45.8833			-0.0351607
45.9167			-0.0351579
45.95			-0.035155
45.9833			-0.0351522
46.0167			-0.0351493
46.05			-0.0351465
46.0833			-0.0351437
46.1167			-0.0351409
46.15			-0.035138
46.1833			-0.0351352
46.2167			-0.0351324
46.25			-0.0351296
46.2833			-0.0351268
46.3167			-0.035124
46.35			-0.0351212
46.3833			-0.0351184
46.4167			-0.0351156
46.45			-0.0351128
46.4833			-0.03511
46.5167			-0.0351072
46.55			-0.0351045
46.5833			-0.0351017
46.6167			-0.0350989
46.65			-0.0350962
46.6833			-0.0350934
46.7167			-0.0350906
46.75			-0.0350879
46.7833			-0.0350851
46.8167			-0.0350824
46.85			-0.0350797
46.8833			-0.0350769
46.9167			-0.0350742
46.95			-0.0350715
46.9833			-0.0350687
47.0167			-0.035066
47.05			-0.0350633
47.0833			-0.0350606
47.1167			-0.0350579
47.15			-0.0350552
47.1833			-0.0350525
47.2167			-0.0350498
47.25			-0.0350471
47.2833			-0.0350444
47.3167			-0.0350417
47.35			-0.035039
47.3833			-0.0350364
47.4167			-0.0350337
47.45			-0.035031
47.4833			-0.0350284
47.5167			-0.0350257
47.55			-0.035023
47.5833			-0.0350204
47.6167			-0.0350177
47.65			-0.0350151
47.6833			-0.0350124
47.7167			-0.0350098
47.75			-0.0350072
47.7833			-0.0350045
47.8167			-0.0350019
47.85			-0.0349993
47.8833			-0.0349966
47.9167			-0.034994
47.95			-0.0349914
47.9833			-0.0349888
48.0167			-0.0349862
48.05			-0.0349836
48.0833			-0.034981
48.1167			-0.0349784
48.15			-0.0349758
48.1833			-0.0349732
48.2167			-0.0349706
48.25			-0.034968
48.2833			-0.0349655
48.3167			-0.0349629
48.35			-0.0349603
48.3833			-0.0349577
48.4167			-0.0349552
48.45			-0.0349526
48.4833			-0.0349501
48.5167			-0.0349475
48.55			-0.034945
48.5833			-0.0349424
48.6167			-0.0349399
48.65			-0.0349373
48.6833			-0.0349348
48.7167			-0.0349323
48.75			-0.0349297
48.7833			-0.0349272
48.8167			-0.0349247
48.85			-0.0349222
48.8833			-0.0349197
48.9167			-0.0349171
48.95			-0.0349146
48.9833			-0.0349121
49.0167			-0.0349096
49.05			-0.0349071
49.0833			-0.0349046
49.1167			-0.0349021
49.15			-0.0348997
49.1833			-0.0348972
49.2167			-0.0348947
49.25			-0.0348922
49.2833			-0.0348897
49.3167			-0.0348873
49.35			-0.0348848
49.3833			-0.0348823
49.4167			-0.0348799
49.45			-0.0348774
49.4833			-0.034875
49.5167			-0.0348725
49.55			-0.0348701
49.5833			-0.0348676
49.6167			-0.0348652
49.65			-0.0348627
49.6833			-0.0348603
49.7167			-0.0348579
49.75			-0.0348554
49.7833			-0.034853
49.8167			-0.0348506
49.85			-0.0348482
49.8833			-0.0348458
49.9167			-0.0348434
49.95			-0.0348409
49.9833			-0.0348385
50.0167			-0.0348361
50.05			-0.0348337
50.0833			-0.0348313
50.1167			-0.034829
50.15			-0.0348266
50.1833			-0.0348242
50.2167			-0.0348218
50.25			-0.0348194
50.2833			-0.034817
50.3167			-0.0348147
50.35			-0.0348123
50.3833			-0.0348099
50.4167			-0.0348076
50.45			-0.0348052
50.4833			-0.0348028
50.5167			-0.0348005
50.55			-0.0347981
50.5833			-0.0347958
50.6167			-0.0347934
50.65			-0.0347911
50.6833			-0.0347888
50.7167			-0.0347864
50.75			-0.0347841
50.7833			-0.0347818
50.8167			-0.0347794
50.85			-0.0347771
50.8833			-0.0347748
50.9167			-0.0347725
50.95			-0.0347702
50.9833			-0.0347679
51.0167			-0.0347655
51.05			-0.0347632
51.0833			-0.0347609
51.1167			-0.0347586
51.15			-0.0347563
51.1833			-0.034754
51.2167			-0.0347518
51.25			-0.0347495
51.2833			-0.0347472
51.3167			-0.0347449
51.35			-0.0347426
51.3833			-0.0347403
51.4167			-0.0347381
51.45			-0.0347358
51.4833			-0.0347335
51.5167			-0.0347313
51.55			-0.034729
51.5833			-0.0347268
51.6167			-0.0347245
51.65			-0.0347223
51.6833			-0.03472
51.7167			-0.0347178
51.75			-0.0347155
51.7833			-0.0347133
51.8167			-0.034711
51.85			-0.0347088
51.8833			-0.0347066
51.9167			-0.0347043
51.95			-0.0347021
51.9833			-0.0346999
52.0167			-0.0346977
52.05			-0.0346955
52.0833			-0.0346932
52.1167			-0.034691
52.15			-0.0346888
52.1833			-0.0346866
52.2167			-0.0346844
52.25			-0.0346822
52.2833			-0.03468
52.3167			-0.0346778
52.35			-0.0346756
52.3833			-0.0346734
52.4167			-0.0346713
52.45			-0.0346691
52.4833			-0.0346669
52.5167			-0.0346647
52.55			-0.0346625
52.5833			-0.0346604
52.6167			-0.0346582
52.65			-0.034656
52.6833			-0.0346539
52.7167			-0.0346517
52.75			-0.0346495
52.7833			-0.0346474
52.8167			-0.0346452
52.85			-0.0346431
52.8833			-0.0346409
52.9167			-0.0346388
52.95			-0.0346366
52.9833			-0.0346345
53.0167			-0.0346324
53.05			-0.0346302
53.0833			-0.0346281
53.1167			-0.034626
53.15			-0.0346239
53.1833			-0.0346217
53.2167			-0.0346196
53.25			-0.0346175
53.2833			-0.0346154
53.3167			-0.0346133
53.35			-0.0346112
53.3833			-0.034609
53.4167			-0.0346069
53.45			-0.0346048
53.4833			-0.0346027
53.5167			-0.0346006
53.55			-0.0345985
53.5833			-0.0345965
53.6167			-0.0345944
53.65			-0.0345923
53.6833			-0.0345902
53.7167			-0.0345881
53.75			-0.034586
53.7833			-0.034584
53.8167			-0.0345819
53.85			-0.0345798
53.8833			-0.0345777
53.9167			-0.0345757
53.95			-0.0345736
53.9833			-0.0345716
54.0167			-0.0345695
54.05			-0.0345674
54.0833			-0.0345654
54.1167			-0.0345633
54.15			-0.0345613
54.1833			-0.0345592
54.2167			-0.0345572
54.25			-0.0345552
54.2833			-0.0345531
54.3167			-0.0345511
54.35			-0.0345491
54.3833			-0.034547
54.4167			-0.034545
54.45			-0.034543
54.4833			-0.034541
54.5167			-0.0345389
54.55			-0.0345369
54.5833			-0.0345349
54.6167			-0.0345329
54.65			-0.0345309
54.6833			-0.0345289
54.7167			-0.0345269
54.75			-0.0345249
54.7833			-0.0345229
54.8167			-0.0345209
54.85			-0.0345189
54.8833			-0.0345169
54.9167			-0.0345149
54.95			-0.0345129
54.9833			-0.0345109
55.0167			-0.0345089
55.05			-0.0345069
55.0833			-0.034505
55.1167			-0.034503
55.15			-0.034501
55.1833			-0.034499
55.2167			-0.0344971
55.25			-0.0344951
55.2833			-0.0344931
55.3167			-0.0344912
55.35			-0.0344892
55.3833			-0.0344873
55.4167			-0.0344853
55.45			-0.0344834
55.4833			-0.0344814
55.5167			-0.0344795
55.55			-0.0344775
55.5833			-0.0344756
55.6167			-0.0344736
55.65			-0.0344717
55.6833			-0.0344698
55.7167			-0.0344678
55.75			-0.0344659
55.7833			-0.034464
55.8167			-0.034462
55.85			-0.0344601
55.8833			-0.0344582
55.9167			-0.0344563
55.95			-0.0344543
55.9833			-0.0344524
56.0167			-0.0344505
56.05			-0.0344486
56.0833			-0.0344467
56.1167			-0.0344448
56.15			-0.0344429
56.1833			-0.034441
56.2167			-0.0344391
56.25			-0.0344372
56.2833			-0.0344353
56.3167			-0.0344334
56.35			-0.0344315
56.3833			-0.0344296
56.4167			-0.0344277
56.45			-0.0344259
56.4833			-0.034424
56.5167			-0.0344221
56.55			-0.0344202
56.5833			-0.0344183
56.6167			-0.0344165
56.65			-0.0344146
56.6833			-0.0344127
56.7167			-0.0344109
56.75			-0.034409
56.7833			-0.0344071
56.8167			-0.0344053
56.85			-0.0344034
56.8833			-0.0344016
56.9167			-0.0343997
56.95			-0.0343979
56.9833			-0.034396
57.0167			-0.0343942
57.05			-0.0343923
57.0833			-0.0343905
57.1167			-0.0343886
57.15			-0.0343868
57.1833			-0.034385
57.2167			-0.0343831
57.25			-0.0343813
57.2833			-0.0343795
57.3167			-0.0343776
57.35			-0.0343758
57.3833			-0.034374
57.4167			-0.0343722
57.45			-0.0343704
57.4833			-0.0343685
57.5167			-0.0343667
57.55			-0.0343649
57.5833			-0.0343631
57.6167			-0.0343613
57.65			-0.0343595
57.6833			-0.0343577
57.7167			-0.0343559
57.75			-0.0343541
57.7833			-0.0343523
57.8167			-0.0343505
57.85			-0.0343487
57.8833			-0.0343469
57.9167			-0.0343451
57.95			-0.0343433
57.9833			-0.0343416
58.0167			-0.0343398
58.05			-0.034338
58.0833			-0.0343362
58.1167			-0.0343344
58.15			-0.0343327
58.1833			-0.0343309
58.2167			-0.0343291
58.25			-0.0343273
58.2833			-0.0343256
58.3167			-0.0343238
58.35			-0.0343221
58.3833			-0.0343203
58.4167			-0.0343185
58.45			-0.0343168
58.4833			-0.034315
58.5167			-0.0343133
58.55			-0.0343115
58.5833			-0.0343098
58.6167			-0.034308
58.65			-0.0343063
58.6833			-0.0343045
58.7167			-0.0343028
58.75			-0.0343011
58.7833			-0.0342993
58.8167			-0.0342976
58.85			-0.0342959
58.8833			-0.0342941
58.9167			-0.0342924
58.95			-0.0342907
58.9833			-0.0342889
59.0167			-0.0342872
59.05			-0.0342855
59.0833			-0.0342838
59.1167			-0.0342821
59.15			-0.0342803
59.1833			-0.0342786
59.2167			-0.0342769
59.25			-0.0342752
59.2833			-0.0342735
59.3167			-0.0342718
59.35			-0.0342701
59.3833			-0.0342684
59.4167			-0.0342667
59.45			-0.034265
59.4833			-0.0342633
59.5167			-0.0342616
59.55			-0.0342599
59.5833			-0.0342582
59.6167			-0.0342565
59.65			-0.0342549
59.6833			-0.0342532
59.7167			-0.0342515
59.75			-0.0342498
59.7833			-0.0342481
59.8167			-0.0342464
59.85			-0.0342448
59.8833			-0.0342431
59.9167			-0.0342414
59.95			-0.0342398
59.9833			-0.0342381
60.0167			-0.0342364
60.05			-0.0342348
60.0833			-0.0342331
60.1167			-0.0342314
60.15			-0.0342298
60.1833			-0.0342281
60.2167			-0.0342265
60.25			-0.0342248
60.2833			-0.0342232
60.3167			-0.0342215
60.35			-0.0342199
60.3833			-0.0342182
60.4167			-0.0342166
60.45			-0.0342149
60.4833			-0.0342133
60.5167			-0.0342117
60.55			-0.03421
60.5833			-0.0342084
60.6167			-0.0342068
60.65			-0.0342051
60.6833			-0.0342035
60.7167			-0.0342019
60.75			-0.0342002
60.7833			-0.0341986
60.8167			-0.034197
60.85			-0.0341954
60.8833			-0.0341938
60.9167			-0.0341921
60.95			-0.0341905
60.9833			-0.0341889
61.0167			-0.0341873
61.05			-0.0341857
61.0833			-0.0341841
61.1167			-0.0341825
61.15			-0.0341809
61.1833			-0.0341793
61.2167			-0.0341777
61.25			-0.0341761
61.2833			-0.0341745
61.3167			-0.0341729
61.35			-0.0341713
61.3833			-0.0341697
61.4167			-0.0341681
61.45			-0.0341665
61.4833			-0.0341649
61.5167			-0.0341633
61.55			-0.0341618
61.5833			-0.0341602
61.6167			-0.0341586
61.65			-0.034157
61.6833			-0.0341554
61.7167			-0.0341539
61.75			-0.0341523
61.7833			-0.0341507
61.8167			-0.0341492
61.85			-0.0341476
61.8833			-0.034146
61.9167			-0.0341445
61.95			-0.0341429
61.9833			-0.0341413
62.0167			-0.0341398
62.05			-0.0341382
62.0833			-0.0341367
62.1167			-0.0341351
62.15			-0.0341336
62.1833			-0.034132
62.2167			-0.0341305
62.25			-0.0341289
62.2833			-0.0341274
62.3167			-0.0341258
62.35			-0.0341243
62.3833			-0.0341227
62.4167			-0.0341212
62.45			-0.0341197
62.4833			-0.0341181
62.5167			-0.0341166
62.55			-0.034115
62.5833			-0.0341135
62.6167			-0.034112
62.65			-0.0341105
62.6833			-0.0341089
62.7167			-0.0341074
62.75			-0.0341059
62.7833			-0.0341044
62.8167			-0.0341028
62.85			-0.0341013
62.8833			-0.0340998
62.9167			-0.0340983
62.95			-0.0340968
62.9833			-0.0340953
63.0167			-0.0340938
63.05			-0.0340922
63.0833			-0.0340907
63.1167			-0.0340892
63.15			-0.0340877
63.1833			-0.0340862
63.2167			-0.0340847
63.25			-0.0340832
63.2833			-0.0340817
63.3167			-0.0340802
63.35			-0.0340787
63.3833			-0.0340772
63.4167			-0.0340758
63.45			-0.0340743
63.4833			-0.0340728
63.5167			-0.0340713
63.55			-0.0340698
63.5833			-0.0340683
63.6167			-0.0340668
63.65			-0.0340654
63.6833			-0.0340639
63.7167			-0.0340624
63.75			-0.0340609
63.7833			-0.0340595
63.8167			-0.034058
63.85			-0.0340565
63.8833			-0.034055
63.9167			-0.0340536
63.95			-0.0340521
63.9833			-0.0340506
64.0167			-0.0340492
64.05			-0.0340477
64.0833			-0.0340463
64.1167			-0.0340448
64.15			-0.0340433
64.1833			-0.0340419
64.2167			-0.0340404
64.25			-0.034039
64.2833			-0.0340375
64.3167			-0.0340361
64.35			-0.0340346
64.3833			-0.0340332
64.4167			-0.0340317
64.45			-0.0340303
64.4833			-0.0340289
64.5167			-0.0340274
64.55			-0.034026
64.5833			-0.0340245
64.6167			-0.0340231
64.65			-0.0340217
64.6833			-0.0340202
64.7167			-0.0340188
64.75			-0.0340174
64.7833			-0.0340159
64.8167			-0.0340145
64.85			-0.0340131
64.8833			-0.0340117
64.9167			-0.0340102
64.95			-0.0340088
64.9833			-0.0340074
65.0167			-0.034006
65.05			-0.0340046
65.0833			-0.0340031
65.1167			-0.0340017
65.15			-0.0340003
65.1833			-0.0339989
65.2167			-0.0339975
65.25			-0.0339961
65.2833			-0.0339947
65.3167			-0.0339933
65.35			-0.0339919
65.3833			-0.0339905
65.4167			-0.0339891
65.45			-0.0339877
65.4833			-0.0339863
65.5167			-0.0339849
65.55			-0.0339835
65.5833			-0.0339821
65.6167			-0.0339807
65.65			-0.0339793
65.6833			-0.0339779
65.7167			-0.0339765
65.75			-0.0339751
65.7833			-0.0339738
65.8167			-0.0339724
65.85			-0.033971
65.8833			-0.0339696
65.9167			-0.0339682
65.95			-0.0339668
65.9833			-0.0339655
66.0167			-0.0339641
66.05			-0.0339627
66.0833			-0.0339613
66.1167			-0.03396
66.15			-0.0339586
66.1833			-0.0339572
66.2167			-0.0339559
66.25			-0.0339545
66.2833			-0.0339531
66.3167			-0.0339518
66.35			-0.0339504
66.3833			-0.0339491
66.4167			-0.0339477
66.45			-0.0339463
66.4833			-0.033945
66.5167			-0.0339436
66.55			-0.0339423
66.5833			-0.0339409
66.6167			-0.0339396
66.65			-0.0339382
66.6833			-0.0339369
66.7167			-0.0339355
66.75			-0.0339342
66.7833			-0.0339328
66.8167			-0.0339315
66.85			-0.0339301
66.8833			-0.0339288
66.9167			-0.0339275
66.95			-0.0339261
66.9833			-0.0339248
67.0167			-0.0339235
67.05			-0.0339221
67.0833			-0.0339208
67.1167			-0.0339195
67.15			-0.0339181
67.1833			-0.0339168
67.2167			-0.0339155
67.25			-0.0339142
67.2833			-0.0339128
67.3167			-0.0339115
67.35			-0.0339102
67.3833			-0.0339089
67.4167			-0.0339075
67.45			-0.0339062
67.4833			-0.0339049
67.5167			-0.0339036
67.55			-0.0339023
67.5833			-0.033901
67.6167			-0.0338997
67.65			-0.0338984
67.6833			-0.033897
67.7167			-0.0338957
67.75			-0.0338944
67.7833			-0.0338931
67.8167			-0.0338918
67.85			-0.0338905
67.8833			-0.0338892
67.9167			-0.0338879
67.95			-0.0338866
67.9833			-0.0338853
68.0167			-0.033884
68.05			-0.0338827
68.0833			-0.0338814
68.1167			-0.0338801
68.15			-0.0338789
68.1833			-0.0338776
68.2167			-0.0338763
68.25			-0.033875
68.2833			-0.0338737
68.3167			-0.0338724
68.35			-0.0338711
68.3833			-0.0338699
68.4167			-0.0338686
68.45			-0.0338673
68.4833			-0.033866
68.5167			-0.0338647
68.55			-0.0338635
68.5833			-0.0338622
68.6167			-0.0338609
68.65			-0.0338596
68.6833			-0.0338584
68.7167			-0.0338571
68.75			-0.0338558
68.7833			-0.0338546
68.8167			-0.0338533
68.85			-0.033852
68.8833			-0.0338508
68.9167			-0.0338495
68.95			-0.0338483
68.9833			-0.033847
69.0167			-0.0338457
69.05			-0.0338445
69.0833			-0.0338432
69.1167			-0.033842
69.15			-0.0338407
69.1833			-0.0338395
69.2167			-0.0338382
69.25			-0.033837
69.2833			-0.0338357
69.3167			-0.0338345
69.35			-0.0338332
69.3833			-0.033832
69.4167			-0.0338307
69.45			-0.0338295
69.4833			-0.0338283
69.5167			-0.033827
69.55			-0.0338258
69.5833			-0.0338245
69.6167			-0.0338233
69.65			-0.0338221
69.6833			-0.0338208
69.7167			-0.0338196
69.75			-0.0338184
69.7833			-0.0338171
69.8167			-0.0338159
69.85			-0.0338147
69.8833			-0.0338134
69.9167			-0.0338122
69.95			-0.033811
69.9833			-0.0338098
70.0167			-0.0338086
70.05			-0.0338073
70.0833			-0.0338061
70.1167			-0.0338049
70.15			-0.0338037
70.1833			-0.0338025
70.2167			-0.0338012
70.25			-0.0338
70.2833			-0.0337988
70.3167			-0.0337976
70.35			-0.0337964
70.3833			-0.0337952
70.4167			-0.033794
70.45			-0.0337928
70.4833			-0.0337916
70.5167			-0.0337904
70.55			-0.0337891
70.5833			-0.0337879
70.6167			-0.0337867
70.65			-0.0337855
70.6833			-0.0337843
70.7167			-0.0337831
70.75			-0.0337819
70.7833			-0.0337808
70.8167			-0.0337796
70.85			-0.0337784
70.8833			-0.0337772
70.9167			-0.033776
70.95			-0.0337748
70.9833			-0.0337736
71.0167			-0.0337724
71.05			-0.0337712
71.0833			-0.03377
71.1167			-0.0337689
71.15			-0.0337677
71.1833			-0.0337665
71.2167			-0.0337653
71.25			-0.0337641
71.2833			-0.0337629
71.3167			-0.0337618
71.35			-0.0337606
71.3833			-0.0337594
71.4167			-0.0337582
71.45			-0.0337571
71.4833			-0.0337559
71.5167			-0.0337547
71.55			-0.0337536
71.5833			-0.0337524
71.6167			-0.0337512
71.65			-0.03375
71.6833			-0.0337489
71.7167			-0.0337477
71.75			-0.0337466
71.7833			-0.0337454
71.8167			-0.0337442
71.85			-0.0337431
71.8833			-0.0337419
71.9167			-0.0337407
71.95			-0.0337396
71.9833			-0.0337384
72.0167			-0.0337373
72.05			-0.0337361
72.0833			-0.033735
72.1167			-0.0337338
72.15			-0.0337327
72.1833			-0.0337315
72.2167			-0.0337304
72.25			-0.0337292
72.2833			-0.0337281
72.3167			-0.0337269
72.35			-0.0337258
72.3833			-0.0337246
72.4167			-0.0337235
72.45			-0.0337224
72.4833			-0.0337212
72.5167			-0.0337201
72.55			-0.0337189
72.5833			-0.0337178
72.6167			-0.0337167
72.65			-0.0337155
72.6833			-0.0337144
72.7167			-0.0337133
72.75			-0.0337121
72.7833			-0.033711
72.8167			-0.0337099
72.85			-0.0337087
72.8833			-0.0337076
72.9167			-0.0337065
72.95			-0.0337054
72.9833			-0.0337042
73.0167			-0.0337031
73.05			-0.033702
73.0833			-0.0337009
73.1167			-0.0336997
73.15			-0.0336986
73.1833			-0.0336975
73.2167			-0.0336964
73.25			-0.0336953
73.2833			-0.0336942
73.3167			-0.033693
73.35			-0.0336919
73.3833			-0.0336908
73.4167			-0.0336897
73.45			-0.0336886
73.4833			-0.0336875
73.5167			-0.0336864
73.55			-0.0336853
73.5833			-0.0336842
73.6167			-0.0336831
73.65			-0.033682
73.6833			-0.0336808
73.7167			-0.0336797
73.75			-0.0336786
73.7833			-0.0336775
73.8167			-0.0336764
73.85			-0.0336753
73.8833			-0.0336742
73.9167			-0.0336732
73.95			-0.0336721
73.9833			-0.033671
74.0167			-0.0336699
74.05			-0.0336688
74.0833			-0.0336677
74.1167			-0.0336666
74.15			-0.0336655
74.1833			-0.0336644
74.2167			-0.0336633
74.25			-0.0336622
74.2833			-0.0336612
74.3167			-0.0336601
74.35			-0.033659
74.3833			-0.0336579
74.4167			-0.0336568
74.45			-0.0336557
74.4833			-0.0336547
74.5167			-0.0336536
74.55			-0.0336525
74.5833			-0.0336514
74.6167			-0.0336504
74.65			-0.0336493
74.6833			-0.0336482
74.7167			-0.0336471
74.75			-0.0336461
74.7833			-0.033645
74.8167			-0.0336439
74.85			-0.0336428
74.8833			-0.0336418
74.9167			-0.0336407
74.95			-0.0336396
74.9833			-0.0336386
75.0167			-0.0336375
75.05			-0.0336365
75.0833			-0.0336354
75.1167			-0.0336343
75.15			-0.0336333
75.1833			-0.0336322
75.2167			-0.0336311
75.25			-0.0336301
75.2833			-0.033629
75.3167			-0.033628
75.35			-0.0336269
75.3833			-0.0336259
75.4167			-0.0336248
75.45			-0.0336238
75.4833			-0.0336227
75.5167			-0.0336217
75.55			-0.0336206
75.5833			-0.0336196
75.6167			-0.0336185
75.65			-0.0336175
75.6833			-0.0336164
75.7167			-0.0336154
75.75			-0.0336143
75.7833			-0.0336133
75.8167			-0.0336122
75.85			-0.0336112
75.8833			-0.0336102
75.9167			-0.0336091
75.95			-0.0336081
75.9833			-0.0336071
76.0167			-0.033606
76.05			-0.033605
76.0833			-0.0336039
76.1167			-0.0336029
76.15			-0.0336019
76.1833			-0.0336008
76.2167			-0.0335998
76.25			-0.0335988
76.2833			-0.0335978
76.3167			-0.0335967
76.35			-0.0335957
76.3833			-0.0335947
76.4167			-0.0335936
76.45			-0.0335926
76.4833			-0.0335916
76.5167			-0.0335906
76.55			-0.0335896
76.5833			-0.0335885
76.6167			-0.0335875
76.65			-0.0335865
76.6833			-0.0335855
76.7167			-0.0335845
76.75			-0.0335834
76.7833			-0.0335824
76.8167			-0.0335814
76.85			-0.0335804
76.8833			-0.0335794
76.9167			-0.0335784
76.95			-0.0335774
76.9833			-0.0335763
77.0167			-0.0335753
77.05			-0.0335743
77.0833			-0.0335733
77.1167			-0.0335723
77.15			-0.0335713
77.1833			-0.0335703
77.2167			-0.0335693
77.25			-0.0335683
77.2833			-0.0335673
77.3167			-0.0335663
77.35			-0.0335653
77.3833			-0.0335643
77.4167			-0.0335633
77.45			-0.0335623
77.4833			-0.0335613
77.5167			-0.0335603
77.55			-0.0335593
77.5833			-0.0335583
77.6167			-0.0335573
77.65			-0.0335563
77.6833			-0.0335553
77.7167			-0.0335543
77.75			-0.0335533
77.7833			-0.0335524
77.8167			-0.0335514
77.85			-0.0335504
77.8833			-0.0335494
77.9167			-0.0335484
77.95			-0.0335474
77.9833			-0.0335464
78.0167			-0.0335454
78.05			-0.0335445
78.0833			-0.0335435
78.1167			-0.0335425
78.15			-0.0335415
78.1833			-0.0335405
78.2167			-0.0335396
78.25			-0.0335386
78.2833			-0.0335376
78.3167			-0.0335366
78.35			-0.0335357
78.3833			-0.0335347
78.4167			-0.0335337
78.45			-0.0335327
78.4833			-0.0335318
78.5167			-0.0335308
78.55			-0.0335298
78.5833			-0.0335288
78.6167			-0.0335279
78.65			-0.0335269
78.6833			-0.0335259
78.7167			-0.033525
78.75			-0.033524
78.7833			-0.033523
78.8167			-0.0335221
78.85			-0.0335211
78.8833			-0.0335202
78.9167			-0.0335192
78.95			-0.0335182
78.9833			-0.0335173
79.0167			-0.0335163
79.05			-0.0335154
79.0833			-0.0335144
79.1167			-0.0335134
79.15			-0.0335125
79.1833			-0.0335115
79.2167			-0.0335106
79.25			-0.0335096
79.2833			-0.0335087
79.3167			-0.0335077
79.35			-0.0335068
79.3833			-0.0335058
79.4167			-0.0335049
79.45			-0.0335039
79.4833			-0.033503
79.5167			-0.033502
79.55			-0.0335011
79.5833			-0.0335001
79.6167			-0.0334992
79.65			-0.0334982
79.6833			-0.0334973
79.7167			-0.0334964
79.75			-0.0334954
79.7833			-0.0334945
79.8167			-0.0334935
79.85			-0.0334926
79.8833			-0.0334917
79.9167			-0.0334907
79.95			-0.0334898
79.9833			-0.0334888
80.0167			-0.0334879
80.05			-0.033487
80.0833			-0.033486
80.1167			-0.0334851
80.15			-0.0334842
80.1833			-0.0334832
80.2167			-0.0334823
80.25			-0.0334814
80.2833			-0.0334805
80.3167			-0.0334795
80.35			-0.0334786
80.3833			-0.0334777
80.4167			-0.0334768
80.45			-0.0334758
80.4833			-0.0334749
80.5167			-0.033474
80.55			-0.0334731
80.5833			-0.0334721
80.6167			-0.0334712
80.65			-0.0334703
80.6833			-0.0334694
80.7167			-0.0334685
80.75			-0.0334675
80.7833			-0.0334666
80.8167			-0.0334657
80.85			-0.0334648
80.8833			-0.0334639
80.9167			-0.033463
80.95			-0.033462
80.9833			-0.0334611
81.0167			-0.0334602
81.05			-0.0334593
81.0833			-0.0334584
81.1167			-0.0334575
81.15			-0.0334566
81.1833			-0.0334557
81.2167			-0.0334548
81.25			-0.0334539
81.2833			-0.0334529
81.3167			-0.033452
81.35			-0.0334511
81.3833			-0.0334502
81.4167			-0.0334493
81.45			-0.0334484
81.4833			-0.0334475
81.5167			-0.0334466
81.55			-0.0334457
81.5833			-0.0334448
81.6167			-0.0334439
81.65			-0.033443
81.6833			-0.0334421
81.7167			-0.0334412
81.75			-0.0334403
81.7833			-0.0334394
81.8167			-0.0334385
81.85			-0.0334377
81.8833			-0.0334368
81.9167			-0.0334359
81.95			-0.033435
81.9833			-0.0334341
82.0167			-0.0334332
82.05			-0.0334323
82.0833			-0.0334314
82.1167			-0.0334305
82.15			-0.0334296
82.1833			-0.0334288
82.2167			-0.0334279
82.25			-0.033427
82.2833			-0.0334261
82.3167			-0.0334252
82.35			-0.0334243
82.3833			-0.0334235
82.4167			-0.0334226
82.45			-0.0334217
82.4833			-0.0334208
82.5167			-0.0334199
82.55			-0.0334191
82.5833			-0.0334182
82.6167			-0.0334173
82.65			-0.0334164
82.6833			-0.0334155
82.7167			-0.0334147
82.75			-0.0334138
82.7833			-0.0334129
82.8167			-0.033412
82.85			-0.0334112
82.8833			-0.0334103
82.9167			-0.0334094
82.95			-0.0334086
82.9833			-0.0334077
83.0167			-0.0334068
83.05			-0.033406
83.0833			-0.0334051
83.1167			-0.0334042
83.15			-0.0334034
83.1833			-0.0334025
83.2167			-0.0334016
83.25			-0.0334008
83.2833			-0.0333999
83.3167			-0.033399
83.35			-0.0333982
83.3833			-0.0333973
83.4167			-0.0333965
83.45			-0.0333956
83.4833			-0.0333947
83.5167			-0.0333939
83.55			-0.033393
83.5833			-0.0333922
83.6167			-0.0333913
83.65			-0.0333905
83.6833			-0.0333896
83.7167			-0.0333887
83.75			-0.0333879
83.7833			-0.033387
83.8167			-0.0333862
83.85			-0.0333853
83.8833			-0.0333845
83.9167			-0.0333836
83.95			-0.0333828
83.9833			-0.0333819
84.0167			-0.0333811
84.05			-0.0333802
84.0833			-0.0333794
84.1167			-0.0333785
84.15			-0.0333777
84.1833			-0.0333769
84.2167			-0.033376
84.25			-0.0333752
84.2833			-0.0333743
84.3167			-0.0333735
84.35			-0.0333726
84.3833			-0.0333718
84.4167			-0.033371
84.45			-0.0333701
84.4833			-0.0333693
84.5167			-0.0333684
84.55			-0.0333676
84.5833			-0.0333668
84.6167			-0.0333659
84.65			-0.0333651
84.6833			-0.0333643
84.7167			-0.0333634
84.75			-0.0333626
84.7833			-0.0333618
84.8167			-0.0333609
84.85			-0.0333601
84.8833			-0.0333593
84.9167			-0.0333584
84.95			-0.0333576
84.9833			-0.0333568
85.0167			-0.033356
85.05			-0.0333551
85.0833			-0.0333543
85.1167			-0.0333535
85.15			-0.0333526
85.1833			-0.0333518
85.2167			-0.033351
85.25			-0.0333502
85.2833			-0.0333494
85.3167			-0.0333485
85.35			-0.0333477
85.3833			-0.0333469
85.4167			-0.0333461
85.45			-0.0333452
85.4833			-0.0333444
85.5167			-0.0333436
85.55			-0.0333428
85.5833			-0.033342
85.6167			-0.0333412
85.65			-0.0333403
85.6833			-0.0333395
85.7167			-0.0333387
85.75			-0.0333379
85.7833			-0.0333371
85.8167			-0.0333363
85.85			-0.0333355
85.8833			-0.0333346
85.9167			-0.0333338
85.95			-0.033333
85.9833			-0.0333322
86.0167			-0.0333314
86.05			-0.0333306
86.0833			-0.0333298
86.1167			-0.033329
86.15			-0.0333282
86.1833			-0.0333274
86.2167			-0.0333266
86.25			-0.0333258
86.2833			-0.033325
86.3167			-0.0333242
86.35			-0.0333234
86.3833			-0.0333226
86.4167			-0.0333217
86.45			-0.0333209
86.4833			-0.0333201
86.5167			-0.0333193
86.55			-0.0333185
86.5833			-0.0333178
86.6167			-0.033317
86.65			-0.0333162
86.6833			-0.0333154
86.7167			-0.0333146
86.75			-0.0333138
86.7833			-0.033313
86.8167			-0.0333122
86.85			-0.0333114
86.8833			-0.0333106
86.9167			-0.0333098
86.95			-0.033309
86.9833			-0.0333082
87.0167			-0.0333074
87.05			-0.0333066
87.0833			-0.0333058
87.1167			-0.0333051
87.15			-0.0333043
87.1833			-0.0333035
87.2167			-0.0333027
87.25			-0.0333019
87.2833			-0.0333011
87.3167			-0.0333003
87.35			-0.0332996
87.3833			-0.0332988
87.4167			-0.033298
87.45			-0.0332972
87.4833			-0.0332964
87.5167			-0.0332956
87.55			-0.0332949
87.5833			-0.0332941
87.6167			-0.0332933
87.65			-0.0332925
87.6833			-0.0332917
87.7167			-0.033291
87.75			-0.0332902
87.7833			-0.0332894
87.8167			-0.0332886
87.85			-0.0332879
87.8833			-0.0332871
87.9167			-0.0332863
87.95			-0.0332855
87.9833			-0.0332848
88.0167			-0.033284
88.05			-0.0332832
88.0833			-0.0332825
88.1167			-0.0332817
88.15			-0.0332809
88.1833			-0.0332801
88.2167			-0.0332794
88.25			-0.0332786
88.2833			-0.0332778
88.3167			-0.0332771
88.35			-0.0332763
88.3833			-0.0332755
88.4167			-0.0332748
88.45			-0.033274
88.4833			-0.0332732
88.5167			-0.0332725
88.55			-0.0332717
88.5833			-0.0332709
88.6167			-0.0332702
88.65			-0.0332694
88.6833			-0.0332687
88.7167			-0.0332679
88.75			-0.0332671
88.7833			-0.0332664
88.8167			-0.0332656
88.85			-0.0332649
88.8833			-0.0332641
88.9167			-0.0332634
88.95			-0.0332626
88.9833			-0.0332618
89.0167			-0.0332611
89.05			-0.0332603
89.0833			-0.0332596
89.1167			-0.0332588
89.15			-0.0332581
89.1833			-0.0332573
89.2167			-0.0332566
89.25			-0.0332558
89.2833			-0.0332551
89.3167			-0.0332543
89.35			-0.0332536
89.3833			-0.0332528
89.4167			-0.0332521
89.45			-0.0332513
89.4833			-0.0332506
89.5167			-0.0332498
89.55			-0.0332491
89.5833			-0.0332483
89.6167			-0.0332476
89.65			-0.0332468
89.6833			-0.0332461
89.7167			-0.0332454
89.75			-0.0332446
89.7833			-0.0332439
89.8167			-0.0332431
89.85			-0.0332424
89.8833			-0.0332416
89.9167			-0.0332409
89.95			-0.0332402
89.9833			-0.0332394
90.0167			-0.0332387
90.05			-0.033238
90.0833			-0.0332372
90.1167			-0.0332365
90.15			-0.0332357
90.1833			-0.033235
90.2167			-0.0332343
90.25			-0.0332335
90.2833			-0.0332328
90.3167			-0.0332321
90.35			-0.0332313
90.3833			-0.0332306
90.4167			-0.0332299
90.45			-0.0332291
90.4833			-0.0332284
90.5167			-0.0332277
90.55			-0.0332269
90.5833			-0.0332262
90.6167			-0.0332255
90.65			-0.0332248
90.6833			-0.033224
90.7167			-0.0332233
90.75			-0.0332226
90.7833			-0.0332219
90.8167			-0.0332211
90.85			-0.0332204
90.8833			-0.0332197
90.9167			-0.033219
90.95			-0.0332182
90.9833			-0.0332175
91.0167			-0.0332168
91.05			-0.0332161
91.0833			-0.0332153
91.1167			-0.0332146
91.15			-0.0332139
91.1833			-0.0332132
91.2167			-0.0332125
91.25			-0.0332117
91.2833			-0.033211
91.3167			-0.0332103
91.35			-0.0332096
91.3833			-0.0332089
91.4167			-0.0332082
91.45			-0.0332074
91.4833			-0.0332067
91.5167			-0.033206
91.55			-0.0332053
91.5833			-0.0332046
91.6167			-0.0332039
91.65			-0.0332032
91.6833			-0.0332025
91.7167			-0.0332017
91.75			-0.033201
91.7833			-0.0332003
91.8167			-0.0331996
91.85			-0.0331989
91.8833			-0.0331982
91.9167			-0.0331975
91.95			-0.0331968
91.9833			-0.0331961
92.0167			-0.0331954
92.05			-0.0331947
92.0833			-0.033194
92.1167			-0.0331932
92.15			-0.0331925
92.1833			-0.0331918
92.2167			-0.0331911
92.25			-0.0331904
92.2833			-0.0331897
92.3167			-0.033189
92.35			-0.0331883
92.3833			-0.0331876
92.4167			-0.0331869
92.45			-0.0331862
92.4833			-0.0331855
92.5167			-0.0331848
92.55			-0.0331841
92.5833			-0.0331834
92.6167			-0.0331827
92.65			-0.033182
92.6833			-0.0331813
92.7167			-0.0331806
92.75			-0.0331799
92.7833			-0.0331792
92.8167			-0.0331786
92.85			-0.0331779
92.8833			-0.0331772
92.9167			-0.0331765
92.95			-0.0331758
92.9833			-0.0331751
93.0167			-0.0331744
93.05			-0.0331737
93.0833			-0.033173
93.1167			-0.0331723
93.15			-0.0331716
93.1833			-0.0331709
93.2167			-0.0331703
93.25			-0.0331696
93.2833			-0.0331689
93.3167			-0.0331682
93.35			-0.0331675
93.3833			-0.0331668
93.4167			-0.0331661
93.45			-0.0331655
93.4833			-0.0331648
93.5167			-0.0331641
93.55			-0.0331634
93.5833			-0.0331627
93.6167			-0.033162
93.65			-0.0331614
93.6833			-0.0331607
93.7167			-0.03316
93.75			-0.0331593
93.7833			-0.0331586
93.8167			-0.0331579
93.85			-0.0331573
93.8833			-0.0331566
93.9167			-0.0331559
93.95			-0.0331552
93.9833			-0.0331546
94.0167			-0.0331539
94.05			-0.0331532
94.0833			-0.0331525
94.1167			-0.0331519
94.15			-0.0331512
94.1833			-0.0331505
94.2167			-0.0331498
94.25			-0.0331492
94.2833			-0.0331485
94.3167			-0.0331478
94.35			-0.0331471
94.3833			-0.0331465
94.4167			-0.0331458
94.45			-0.0331451
94.4833			-0.0331445
94.5167			-0.0331438
94.55			-0.0331431
94.5833			-0.0331424
94.6167			-0.0331418
94.65			-0.0331411
94.6833			-0.0331404
94.7167			-0.0331398
94.75			-0.0331391
94.7833			-0.0331384
94.8167			-0.0331378
94.85			-0.0331371
94.8833			-0.0331365
94.9167			-0.0331358
94.95			-0.0331351
94.9833			-0.0331345
95.0167			-0.0331338
95.05			-0.0331331
95.0833			-0.0331325
95.1167			-0.0331318
95.15			-0.0331312
95.1833			-0.0331305
95.2167			-0.0331298
95.25			-0.0331292
95.2833			-0.0331285
95.3167			-0.0331279
95.35			-0.0331272
95.3833			-0.0331265
95.4167			-0.0331259
95.45			-0.0331252
95.4833			-0.0331246
95.5167			-0.0331239
95.55			-0.0331233
95.5833			-0.0331226
95.6167			-0.0331219
95.65			-0.0331213
95.6833			-0.0331206
95.7167			-0.03312
95.75			-0.0331193
95.7833			-0.0331187
95.8167			-0.033118
95.85			-0.0331174
95.8833			-0.0331167
95.9167			-0.0331161
95.95			-0.0331154
95.9833			-0.0331148
96.0167			-0.0331141
96.05			-0.0331135
96.0833			-0.0331128
96.1167			-0.0331122
96.15			-0.0331115
96.1833			-0.0331109
96.2167			-0.0331102
96.25			-0.0331096
96.2833			-0.033109
96.3167			-0.0331083
96.35			-0.0331077
96.3833			-0.033107
96.4167			-0.0331064
96.45			-0.0331057
96.4833			-0.0331051
96.5167			-0.0331045
96.55			-0.0331038
96.5833			-0.0331032
96.6167			-0.0331025
96.65			-0.0331019
96.6833			-0.0331012
96.7167			-0.0331006
96.75			-0.0331
96.7833			-0.0330993
96.8167			-0.0330987
96.85			-0.0330981
96.8833			-0.0330974
96.9167			-0.0330968
96.95			-0.0330961
96.9833			-0.0330955
97.0167			-0.0330949
97.05			-0.0330942
97.0833			-0.0330936
97.1167			-0.033093
97.15			-0.0330923
97.1833			-0.0330917
97.2167			-0.0330911
97.25			-0.0330904
97.2833			-0.0330898
97.3167			-0.0330892
97.35			-0.0330885
97.3833			-0.0330879
97.4167			-0.0330873
97.45			-0.0330867
97.4833			-0.033086
97.5167			-0.0330854
97.55			-0.0330848
97.5833			-0.0330841
97.6167			-0.0330835
97.65			-0.0330829
97.6833			-0.0330823
97.7167			-0.0330816
97.75			-0.033081
97.7833			-0.0330804
97.8167			-0.0330798
97.85			-0.0330791
97.8833			-0.0330785
97.9167			-0.0330779
97.95			-0.0330773
97.9833			-0.0330766
98.0167			-0.033076
98.05			-0.0330754
98.0833			-0.0330748
98.1167			-0.0330741
98.15			-0.0330735
98.1833			-0.0330729
98.2167			-0.0330723
98.25			-0.0330717
98.2833			-0.033071
98.3167			-0.0330704
98.35			-0.0330698
98.3833			-0.0330692
98.4167			-0.0330686
98.45			-0.033068
98.4833			-0.0330673
98.5167			-0.0330667
98.55			-0.0330661
98.5833			-0.0330655
98.6167			-0.0330649
98.65			-0.0330643
98.6833			-0.0330636
98.7167			-0.033063
98.75			-0.0330624
98.7833			-0.0330618
98.8167			-0.0330612
98.85			-0.0330606
98.8833			-0.03306
98.9167			-0.0330594
98.95			-0.0330587
98.9833			-0.0330581
99.0167			-0.0330575
99.05			-0.0330569
99.0833			-0.0330563
99.1167			-0.0330557
99.15			-0.0330551
99.1833			-0.0330545
99.2167			-0.0330539
99.25			-0.0330533
99.2833			-0.0330527
99.3167			-0.0330521
99.35			-0.0330514
99.3833			-0.0330508
99.4167			-0.0330502
99.45			-0.0330496
99.4833			-0.033049
99.5167			-0.0330484
99.55			-0.0330478
99.5833			-0.0330472
99.6167			-0.0330466
99.65			-0.033046
99.6833			-0.0330454
99.7167			-0.0330448
99.75			-0.0330442
99.7833			-0.0330436
99.8167			-0.033043
99.85			-0.0330424
99.8833			-0.0330418
99.9167			-0.0330412
99.95			-0.0330406
99.9833			-0.03304
