0			0			0.5
1			0			0.5
2			0			0.5
3			0			0.5
4			0			-0.5
5			0			-0.5
6			0			-0.5
7			0			-0.5

0			0.05			0.5
1			0.05			0.5
2			0.05			0.5
3			0.05			0.499375
4			0.05			-0.499375
5			0.05			-0.5
6			0.05			-0.5
7			0.05			-0.5

0			0.1			0.5
1			0.1			0.5
2			0.1			0.499998
3			0.1			0.497507
4			0.1			-0.497507
5			0.1			-0.499998
6			0.1			-0.5
7			0.1			-0.5

0			0.15			0.5
1			0.15			0.5
2			0.15			0.499992
3			0.15			0.494409
4			0.15			-0.494409
5			0.15			-0.499992
6			0.15			-0.5
7			0.15			-0.5

0			0.2			0.5
1			0.2			0.5
2			0.2			0.499975
3			0.2			0.490108
4			0.2			-0.490108
5			0.2			-0.499975
6			0.2			-0.5
7			0.2			-0.5

0			0.25			0.5
1			0.25			0.5
2			0.25			0.49994
3			0.25			0.484637
4			0.25			-0.484637
5			0.25			-0.49994
6			0.25			-0.5
7			0.25			-0.5

0			0.3			0.5
1			0.3			0.5
2			0.3			0.499876
3			0.3			0.478042
4			0.3			-0.478042
5			0.3			-0.499876
6			0.3			-0.5
7			0.3			-0.5

0			0.35			0.5
1			0.35			0.499999
2			0.35			0.499771
3			0.35			0.470374
4			0.35			-0.470374
5			0.35			-0.499771
6			0.35			-0.499999
7			0.35			-0.5

0			0.4			0.5
1			0.4			0.499998
2			0.4			0.499612
3			0.4			0.461695
4			0.4			-0.461695
5			0.4			-0.499612
6			0.4			-0.499998
7			0.4			-0.5

0			0.45			0.5
1			0.45			0.499997
2			0.45			0.499384
3			0.45			0.452075
4			0.45			-0.452075
5			0.45			-0.499384
6			0.45			-0.499997
7			0.45			-0.5

0			0.5			0.5
1			0.5			0.499993
2			0.5			0.49907
3			0.5			0.441588
4			0.5			-0.441588
5			0.5			-0.49907
6			0.5			-0.499993
7			0.5			-0.5

0			0.55			0.5
1			0.55			0.499989
2			0.55			0.498652
3			0.55			0.430318
4			0.55			-0.430318
5			0.55			-0.498652
6			0.55			-0.499989
7			0.55			-0.5

0			0.6			0.5
1			0.6			0.499981
2			0.6			0.498112
3			0.6			0.418351
4			0.6			-0.418351
5			0.6			-0.498112
6			0.6			-0.499981
7			0.6			-0.5

0			0.65			0.5
1			0.65			0.499969
2			0.65			0.497431
3			0.65			0.405779
4			0.65			-0.405779
5			0.65			-0.497431
6			0.65			-0.499969
7			0.65			-0.5

0			0.7			0.5
1			0.7			0.499952
2			0.7			0.496591
3			0.7			0.392699
4			0.7			-0.392699
5			0.7			-0.496591
6			0.7			-0.499952
7			0.7			-0.5

0			0.75			0.499999
1			0.75			0.499929
2			0.75			0.49557
3			0.75			0.379208
4			0.75			-0.379208
5			0.75			-0.49557
6			0.75			-0.499929
7			0.75			-0.499999

0			0.8			0.499999
1			0.8			0.499896
2			0.8			0.494352
3			0.8			0.365406
4			0.8			-0.365406
5			0.8			-0.494352
6			0.8			-0.499896
7			0.8			-0.499999

0			0.85			0.499998
1			0.85			0.499853
2			0.85			0.492918
3			0.85			0.351394
4			0.85			-0.351394
5			0.85			-0.492918
6			0.85			-0.499853
7			0.85			-0.499998

0			0.9			0.499997
1			0.9			0.499795
2			0.9			0.491251
3			0.9			0.337272
4			0.9			-0.337272
5			0.9			-0.491251
6			0.9			-0.499795
7			0.9			-0.499997

0			0.95			0.499996
1			0.95			0.499721
2			0.95			0.489334
3			0.95			0.32314
4			0.95			-0.32314
5			0.95			-0.489334
6			0.95			-0.499721
7			0.95			-0.499996

0			1			0.499994
1			1			0.499626
2			1			0.487154
3			1			0.309093
4			1			-0.309093
5			1			-0.487154
6			1			-0.499626
7			1			-0.499994

0			1.05			0.499991
1			1.05			0.499506
2			1.05			0.484699
3			1.05			0.295227
4			1.05			-0.295227
5			1.05			-0.484699
6			1.05			-0.499506
7			1.05			-0.499991

0			1.1			0.499987
1			1.1			0.499357
2			1.1			0.481957
3			1.1			0.281632
4			1.1			-0.281632
5			1.1			-0.481957
6			1.1			-0.499357
7			1.1			-0.499987

0			1.15			0.499982
1			1.15			0.499175
2			1.15			0.478921
3			1.15			0.268392
4			1.15			-0.268392
5			1.15			-0.478921
6			1.15			-0.499175
7			1.15			-0.499982

0			1.2			0.499975
1			1.2			0.498954
2			1.2			0.475584
3			1.2			0.255589
4			1.2			-0.255589
5			1.2			-0.475584
6			1.2			-0.498954
7			1.2			-0.499975

0			1.25			0.499965
1			1.25			0.498688
2			1.25			0.471944
3			1.25			0.243295
4			1.25			-0.243295
5			1.25			-0.471944
6			1.25			-0.498688
7			1.25			-0.499965

0			1.3			0.499953
1			1.3			0.498371
2			1.3			0.468001
3			1.3			0.231579
4			1.3			-0.231579
5			1.3			-0.468001
6			1.3			-0.498371
7			1.3			-0.499953

0			1.35			0.499938
1			1.35			0.497997
2			1.35			0.463756
3			1.35			0.220501
4			1.35			-0.220501
5			1.35			-0.463756
6			1.35			-0.497997
7			1.35			-0.499938

0			1.4			0.499918
1			1.4			0.49756
2			1.4			0.459216
3			1.4			0.210112
4			1.4			-0.210112
5			1.4			-0.459216
6			1.4			-0.49756
7			1.4			-0.499918

0			1.45			0.499893
1			1.45			0.497053
2			1.45			0.454388
3			1.45			0.200458
4			1.45			-0.200458
5			1.45			-0.454388
6			1.45			-0.497053
7			1.45			-0.499893

0			1.5			0.499861
1			1.5			0.496468
2			1.5			0.449284
3			1.5			0.191575
4			1.5			-0.191575
5			1.5			-0.449284
6			1.5			-0.496468
7			1.5			-0.499861

0			1.55			0.499823
1			1.55			0.495799
2			1.55			0.443919
3			1.55			0.183492
4			1.55			-0.183492
5			1.55			-0.443919
6			1.55			-0.495799
7			1.55			-0.499823

0			1.6			0.499775
1			1.6			0.495039
2			1.6			0.43831
3			1.6			0.176227
4			1.6			-0.176227
5			1.6			-0.43831
6			1.6			-0.495039
7			1.6			-0.499775

0			1.65			0.499717
1			1.65			0.494179
2			1.65			0.432476
3			1.65			0.169792
4			1.65			-0.169792
5			1.65			-0.432476
6			1.65			-0.494179
7			1.65			-0.499717

0			1.7			0.499646
1			1.7			0.493214
2			1.7			0.42644
3			1.7			0.164189
4			1.7			-0.164189
5			1.7			-0.42644
6			1.7			-0.493214
7			1.7			-0.499646

0			1.75			0.499562
1			1.75			0.492137
2			1.75			0.420227
3			1.75			0.159413
4			1.75			-0.159413
5			1.75			-0.420227
6			1.75			-0.492137
7			1.75			-0.499562

0			1.8			0.499461
1			1.8			0.490941
2			1.8			0.413865
3			1.8			0.155451
4			1.8			-0.155451
5			1.8			-0.413865
6			1.8			-0.490941
7			1.8			-0.499461

0			1.85			0.499341
1			1.85			0.48962
2			1.85			0.407382
3			1.85			0.152281
4			1.85			-0.152281
5			1.85			-0.407382
6			1.85			-0.48962
7			1.85			-0.499341

0			1.9			0.4992
1			1.9			0.488169
2			1.9			0.400809
3			1.9			0.149876
4			1.9			-0.149876
5			1.9			-0.400809
6			1.9			-0.488169
7			1.9			-0.4992

0			1.95			0.499035
1			1.95			0.486582
2			1.95			0.394179
3			1.95			0.1482
4			1.95			-0.1482
5			1.95			-0.394179
6			1.95			-0.486582
7			1.95			-0.499035

0			2			0.498841
1			2			0.484856
2			2			0.387524
3			2			0.147212
4			2			-0.147212
5			2			-0.387524
6			2			-0.484856
7			2			-0.498841

0			2.05			0.498617
1			2.05			0.482988
2			2.05			0.38088
3			2.05			0.146865
4			2.05			-0.146865
5			2.05			-0.38088
6			2.05			-0.482988
7			2.05			-0.498617

0			2.1			0.498359
1			2.1			0.480973
2			2.1			0.374281
3			2.1			0.147108
4			2.1			-0.147108
5			2.1			-0.374281
6			2.1			-0.480973
7			2.1			-0.498359

0			2.15			0.498061
1			2.15			0.478813
2			2.15			0.367761
3			2.15			0.147884
4			2.15			-0.147884
5			2.15			-0.367761
6			2.15			-0.478813
7			2.15			-0.498061

0			2.2			0.497721
1			2.2			0.476504
2			2.2			0.361355
3			2.2			0.149133
4			2.2			-0.149133
5			2.2			-0.361355
6			2.2			-0.476504
7			2.2			-0.497721

0			2.25			0.497334
1			2.25			0.474049
2			2.25			0.355097
3			2.25			0.150792
4			2.25			-0.150792
5			2.25			-0.355097
6			2.25			-0.474049
7			2.25			-0.497334

0			2.3			0.496895
1			2.3			0.47145
2			2.3			0.34902
3			2.3			0.152796
4			2.3			-0.152796
5			2.3			-0.34902
6			2.3			-0.47145
7			2.3			-0.496895

0			2.35			0.496399
1			2.35			0.468708
2			2.35			0.343155
3			2.35			0.155079
4			2.35			-0.155079
5			2.35			-0.343155
6			2.35			-0.468708
7			2.35			-0.496399

0			2.4			0.495842
1			2.4			0.46583
2			2.4			0.337532
3			2.4			0.157573
4			2.4			-0.157573
5			2.4			-0.337532
6			2.4			-0.46583
7			2.4			-0.495842

0			2.45			0.495218
1			2.45			0.46282
2			2.45			0.332179
3			2.45			0.16021
4			2.45			-0.16021
5			2.45			-0.332179
6			2.45			-0.46282
7			2.45			-0.495218

0			2.5			0.494521
1			2.5			0.459686
2			2.5			0.327121
3			2.5			0.162925
4			2.5			-0.162925
5			2.5			-0.327121
6			2.5			-0.459686
7			2.5			-0.494521

0			2.55			0.493746
1			2.55			0.456436
2			2.55			0.322383
3			2.55			0.16565
4			2.55			-0.16565
5			2.55			-0.322383
6			2.55			-0.456436
7			2.55			-0.493746

0			2.6			0.492887
1			2.6			0.453081
2			2.6			0.317983
3			2.6			0.168323
4			2.6			-0.168323
5			2.6			-0.317983
6			2.6			-0.453081
7			2.6			-0.492887

0			2.65			0.491939
1			2.65			0.449631
2			2.65			0.31394
3			2.65			0.170883
4			2.65			-0.170883
5			2.65			-0.31394
6			2.65			-0.449631
7			2.65			-0.491939

0			2.7			0.490895
1			2.7			0.446099
2			2.7			0.310267
3			2.7			0.173272
4			2.7			-0.173272
5			2.7			-0.310267
6			2.7			-0.446099
7			2.7			-0.490895

0			2.75			0.489751
1			2.75			0.442499
2			2.75			0.306974
3			2.75			0.175436
4			2.75			-0.175436
5			2.75			-0.306974
6			2.75			-0.442499
7			2.75			-0.489751

0			2.8			0.488499
1			2.8			0.438847
2			2.8			0.304069
3			2.8			0.177326
4			2.8			-0.177326
5			2.8			-0.304069
6			2.8			-0.438847
7			2.8			-0.488499

0			2.85			0.487135
1			2.85			0.435158
2			2.85			0.301556
3			2.85			0.178895
4			2.85			-0.178895
5			2.85			-0.301556
6			2.85			-0.435158
7			2.85			-0.487135

0			2.9			0.485652
1			2.9			0.431449
2			2.9			0.299433
3			2.9			0.180105
4			2.9			-0.180105
5			2.9			-0.299433
6			2.9			-0.431449
7			2.9			-0.485652

0			2.95			0.484045
1			2.95			0.42774
2			2.95			0.297697
3			2.95			0.180919
4			2.95			-0.180919
5			2.95			-0.297697
6			2.95			-0.42774
7			2.95			-0.484045

0			3			0.48231
1			3			0.424048
2			3			0.296339
3			3			0.18131
4			3			-0.18131
5			3			-0.296339
6			3			-0.424048
7			3			-0.48231

0			3.05			0.48044
1			3.05			0.420395
2			3.05			0.29535
3			3.05			0.181253
4			3.05			-0.181253
5			3.05			-0.29535
6			3.05			-0.420395
7			3.05			-0.48044

0			3.1			0.478432
1			3.1			0.416799
2			3.1			0.294713
3			3.1			0.180731
4			3.1			-0.180731
5			3.1			-0.294713
6			3.1			-0.416799
7			3.1			-0.478432

0			3.15			0.47628
1			3.15			0.413281
2			3.15			0.294411
3			3.15			0.179732
4			3.15			-0.179732
5			3.15			-0.294411
6			3.15			-0.413281
7			3.15			-0.47628

0			3.2			0.473982
1			3.2			0.409863
2			3.2			0.294422
3			3.2			0.178251
4			3.2			-0.178251
5			3.2			-0.294422
6			3.2			-0.409863
7			3.2			-0.473982

0			3.25			0.471533
1			3.25			0.406565
2			3.25			0.294722
3			3.25			0.176288
4			3.25			-0.176288
5			3.25			-0.294722
6			3.25			-0.406565
7			3.25			-0.471533

0			3.3			0.46893
1			3.3			0.403408
2			3.3			0.295283
3			3.3			0.173849
4			3.3			-0.173849
5			3.3			-0.295283
6			3.3			-0.403408
7			3.3			-0.46893

0			3.35			0.466172
1			3.35			0.400412
2			3.35			0.296076
3			3.35			0.170945
4			3.35			-0.170945
5			3.35			-0.296076
6			3.35			-0.400412
7			3.35			-0.466172

0			3.4			0.463255
1			3.4			0.397598
2			3.4			0.297068
3			3.4			0.167594
4			3.4			-0.167594
5			3.4			-0.297068
6			3.4			-0.397598
7			3.4			-0.463255

0			3.45			0.46018
1			3.45			0.394984
2			3.45			0.298226
3			3.45			0.163817
4			3.45			-0.163817
5			3.45			-0.298226
6			3.45			-0.394984
7			3.45			-0.46018

0			3.5			0.456946
1			3.5			0.392588
2			3.5			0.299514
3			3.5			0.159642
4			3.5			-0.159642
5			3.5			-0.299514
6			3.5			-0.392588
7			3.5			-0.456946

0			3.55			0.453552
1			3.55			0.390429
2			3.55			0.300896
3			3.55			0.155099
4			3.55			-0.155099
5			3.55			-0.300896
6			3.55			-0.390429
7			3.55			-0.453552

0			3.6			0.45
1			3.6			0.388521
2			3.6			0.302335
3			3.6			0.150223
4			3.6			-0.150223
5			3.6			-0.302335
6			3.6			-0.388521
7			3.6			-0.45

0			3.65			0.446292
1			3.65			0.386879
2			3.65			0.303791
3			3.65			0.145053
4			3.65			-0.145053
5			3.65			-0.303791
6			3.65			-0.386879
7			3.65			-0.446292

0			3.7			0.44243
1			3.7			0.385517
2			3.7			0.305228
3			3.7			0.13963
4			3.7			-0.13963
5			3.7			-0.305228
6			3.7			-0.385517
7			3.7			-0.44243

0			3.75			0.438417
1			3.75			0.384445
2			3.75			0.306608
3			3.75			0.133998
4			3.75			-0.133998
5			3.75			-0.306608
6			3.75			-0.384445
7			3.75			-0.438417

0			3.8			0.434257
1			3.8			0.383673
2			3.8			0.307894
3			3.8			0.128202
4			3.8			-0.128202
5			3.8			-0.307894
6			3.8			-0.383673
7			3.8			-0.434257

0			3.85			0.429957
1			3.85			0.383207
2			3.85			0.309049
3			3.85			0.12229
4			3.85			-0.12229
5			3.85			-0.309049
6			3.85			-0.383207
7			3.85			-0.429957

0			3.9			0.42552
1			3.9			0.383052
2			3.9			0.31004
3			3.9			0.11631
4			3.9			-0.11631
5			3.9			-0.31004
6			3.9			-0.383052
7			3.9			-0.42552

0			3.95			0.420956
1			3.95			0.383212
2			3.95			0.310833
3			3.95			0.110309
4			3.95			-0.110309
5			3.95			-0.310833
6			3.95			-0.383212
7			3.95			-0.420956

0			4			0.416269
1			4			0.383686
2			4			0.311399
3			4			0.104336
4			4			-0.104336
5			4			-0.311399
6			4			-0.383686
7			4			-0.416269

0			4.05			0.411471
1			4.05			0.384473
2			4.05			0.31171
3			4.05			0.0984383
4			4.05			-0.0984383
5			4.05			-0.31171
6			4.05			-0.384473
7			4.05			-0.411471

0			4.1			0.406568
1			4.1			0.385568
2			4.1			0.31174
3			4.1			0.0926611
4			4.1			-0.0926611
5			4.1			-0.31174
6			4.1			-0.385568
7			4.1			-0.406568

0			4.15			0.401571
1			4.15			0.386963
2			4.15			0.311467
3			4.15			0.0870486
4			4.15			-0.0870486
5			4.15			-0.311467
6			4.15			-0.386963
7			4.15			-0.401571

0			4.2			0.396492
1			4.2			0.38865
2			4.2			0.310873
3			4.2			0.0816426
4			4.2			-0.0816426
5			4.2			-0.310873
6			4.2			-0.38865
7			4.2			-0.396492

0			4.25			0.39134
1			4.25			0.390616
2			4.25			0.309942
3			4.25			0.0764822
4			4.25			-0.0764822
5			4.25			-0.309942
6			4.25			-0.390616
7			4.25			-0.39134

0			4.3			0.386128
1			4.3			0.392847
2			4.3			0.308662
3			4.3			0.0716033
4			4.3			-0.0716033
5			4.3			-0.308662
6			4.3			-0.392847
7			4.3			-0.386128

0			4.35			0.380869
1			4.35			0.395326
2			4.35			0.307026
3			4.35			0.0670383
4			4.35			-0.0670383
5			4.35			-0.307026
6			4.35			-0.395326
7			4.35			-0.380869

0			4.4			0.375575
1			4.4			0.398034
2			4.4			0.305029
3			4.4			0.0628159
4			4.4			-0.0628159
5			4.4			-0.305029
6			4.4			-0.398034
7			4.4			-0.375575

0			4.45			0.37026
1			4.45			0.400949
2			4.45			0.302672
3			4.45			0.0589606
4			4.45			-0.0589606
5			4.45			-0.302672
6			4.45			-0.400949
7			4.45			-0.37026

0			4.5			0.364938
1			4.5			0.404048
2			4.5			0.299959
3			4.5			0.0554929
4			4.5			-0.0554929
5			4.5			-0.299959
6			4.5			-0.404048
7			4.5			-0.364938

0			4.55			0.359622
1			4.55			0.407305
2			4.55			0.296898
3			4.55			0.0524284
4			4.55			-0.0524284
5			4.55			-0.296898
6			4.55			-0.407305
7			4.55			-0.359622

0			4.6			0.354327
1			4.6			0.410694
2			4.6			0.293501
3			4.6			0.0497785
4			4.6			-0.0497785
5			4.6			-0.293501
6			4.6			-0.410694
7			4.6			-0.354327

0			4.65			0.349067
1			4.65			0.414186
2			4.65			0.289784
3			4.65			0.0475497
4			4.65			-0.0475497
5			4.65			-0.289784
6			4.65			-0.414186
7			4.65			-0.349067

0			4.7			0.343857
1			4.7			0.417751
2			4.7			0.285766
3			4.7			0.045744
4			4.7			-0.045744
5			4.7			-0.285766
6			4.7			-0.417751
7			4.7			-0.343857

0			4.75			0.338711
1			4.75			0.421357
2			4.75			0.28147
3			4.75			0.0443587
4			4.75			-0.0443587
5			4.75			-0.28147
6			4.75			-0.421357
7			4.75			-0.338711

0			4.8			0.333643
1			4.8			0.424972
2			4.8			0.276924
3			4.8			0.0433866
4			4.8			-0.0433866
5			4.8			-0.276924
6			4.8			-0.424972
7			4.8			-0.333643

0			4.85			0.328667
1			4.85			0.428563
2			4.85			0.272155
3			4.85			0.0428161
4			4.85			-0.0428161
5			4.85			-0.272155
6			4.85			-0.428563
7			4.85			-0.328667

0			4.9			0.323796
1			4.9			0.432098
2			4.9			0.267198
3			4.9			0.0426313
4			4.9			-0.0426313
5			4.9			-0.267198
6			4.9			-0.432098
7			4.9			-0.323796

0			4.95			0.319044
1			4.95			0.435541
2			4.95			0.262086
3			4.95			0.0428123
4			4.95			-0.0428123
5			4.95			-0.262086
6			4.95			-0.435541
7			4.95			-0.319044

0			5			0.314424
1			5			0.438861
2			5			0.256858
3			5			0.0433358
4			5			-0.0433358
5			5			-0.256858
6			5			-0.438861
7			5			-0.314424

0			5.05			0.309947
1			5.05			0.442023
2			5.05			0.251551
3			5.05			0.0441748
4			5.05			-0.0441748
5			5.05			-0.251551
6			5.05			-0.442023
7			5.05			-0.309947

0			5.1			0.305624
1			5.1			0.444994
2			5.1			0.246206
3			5.1			0.0452994
4			5.1			-0.0452994
5			5.1			-0.246206
6			5.1			-0.444994
7			5.1			-0.305624

0			5.15			0.301467
1			5.15			0.447744
2			5.15			0.240866
3			5.15			0.0466772
4			5.15			-0.0466772
5			5.15			-0.240866
6			5.15			-0.447744
7			5.15			-0.301467

0			5.2			0.297484
1			5.2			0.45024
2			5.2			0.235572
3			5.2			0.0482733
4			5.2			-0.0482733
5			5.2			-0.235572
6			5.2			-0.45024
7			5.2			-0.297484

0			5.25			0.293684
1			5.25			0.452455
2			5.25			0.230368
3			5.25			0.0500513
4			5.25			-0.0500513
5			5.25			-0.230368
6			5.25			-0.452455
7			5.25			-0.293684

0			5.3			0.290075
1			5.3			0.454358
2			5.3			0.225295
3			5.3			0.0519732
4			5.3			-0.0519732
5			5.3			-0.225295
6			5.3			-0.454358
7			5.3			-0.290075

0			5.35			0.286664
1			5.35			0.455926
2			5.35			0.220396
3			5.35			0.0540005
4			5.35			-0.0540005
5			5.35			-0.220396
6			5.35			-0.455926
7			5.35			-0.286664

0			5.4			0.283455
1			5.4			0.457132
2			5.4			0.215712
3			5.4			0.056094
4			5.4			-0.056094
5			5.4			-0.215712
6			5.4			-0.457132
7			5.4			-0.283455

0			5.45			0.280453
1			5.45			0.457956
2			5.45			0.211283
3			5.45			0.0582149
4			5.45			-0.0582149
5			5.45			-0.211283
6			5.45			-0.457956
7			5.45			-0.280453

0			5.5			0.277661
1			5.5			0.458377
2			5.5			0.207147
3			5.5			0.0603246
4			5.5			-0.0603246
5			5.5			-0.207147
6			5.5			-0.458377
7			5.5			-0.277661

0			5.55			0.27508
1			5.55			0.45838
2			5.55			0.203341
3			5.55			0.062386
4			5.55			-0.062386
5			5.55			-0.203341
6			5.55			-0.45838
7			5.55			-0.27508

0			5.6			0.272711
1			5.6			0.457949
2			5.6			0.199899
3			5.6			0.0643631
4			5.6			-0.0643631
5			5.6			-0.199899
6			5.6			-0.457949
7			5.6			-0.272711

0			5.65			0.270553
1			5.65			0.457072
2			5.65			0.196851
3			5.65			0.0662222
4			5.65			-0.0662222
5			5.65			-0.196851
6			5.65			-0.457072
7			5.65			-0.270553

0			5.7			0.268603
1			5.7			0.455742
2			5.7			0.194227
3			5.7			0.0679316
4			5.7			-0.0679316
5			5.7			-0.194227
6			5.7			-0.455742
7			5.7			-0.268603

0			5.75			0.266858
1			5.75			0.453953
2			5.75			0.19205
3			5.75			0.0694628
4			5.75			-0.0694628
5			5.75			-0.19205
6			5.75			-0.453953
7			5.75			-0.266858

0			5.8			0.265313
1			5.8			0.451703
2			5.8			0.190342
3			5.8			0.07079
4			5.8			-0.07079
5			5.8			-0.190342
6			5.8			-0.451703
7			5.8			-0.265313

0			5.85			0.263961
1			5.85			0.448991
2			5.85			0.189122
3			5.85			0.0718909
4			5.85			-0.0718909
5			5.85			-0.189122
6			5.85			-0.448991
7			5.85			-0.263961

0			5.9			0.262796
1			5.9			0.445822
2			5.9			0.188402
3			5.9			0.0727471
4			5.9			-0.0727471
5			5.9			-0.188402
6			5.9			-0.445822
7			5.9			-0.262796

0			5.95			0.261808
1			5.95			0.442203
2			5.95			0.188193
3			5.95			0.073344
4			5.95			-0.073344
5			5.95			-0.188193
6			5.95			-0.442203
7			5.95			-0.261808

0			6			0.260987
1			6			0.438143
2			6			0.188501
3			6			0.0736711
4			6			-0.0736711
5			6			-0.188501
6			6			-0.438143
7			6			-0.260987

0			6.05			0.260322
1			6.05			0.433656
2			6.05			0.189327
3			6.05			0.0737222
4			6.05			-0.0737222
5			6.05			-0.189327
6			6.05			-0.433656
7			6.05			-0.260322

0			6.1			0.259801
1			6.1			0.428756
2			6.1			0.190669
3			6.1			0.0734955
4			6.1			-0.0734955
5			6.1			-0.190669
6			6.1			-0.428756
7			6.1			-0.259801

0			6.15			0.259411
1			6.15			0.423464
2			6.15			0.19252
3			6.15			0.0729936
4			6.15			-0.0729936
5			6.15			-0.19252
6			6.15			-0.423464
7			6.15			-0.259411

0			6.2			0.259137
1			6.2			0.4178
2			6.2			0.194869
3			6.2			0.0722235
4			6.2			-0.0722235
5			6.2			-0.194869
6			6.2			-0.4178
7			6.2			-0.259137

0			6.25			0.258965
1			6.25			0.411788
2			6.25			0.197703
3			6.25			0.0711965
4			6.25			-0.0711965
5			6.25			-0.197703
6			6.25			-0.411788
7			6.25			-0.258965

0			6.3			0.25888
1			6.3			0.405453
2			6.3			0.201001
3			6.3			0.0699281
4			6.3			-0.0699281
5			6.3			-0.201001
6			6.3			-0.405453
7			6.3			-0.25888

0			6.35			0.258864
1			6.35			0.398825
2			6.35			0.204743
3			6.35			0.068438
4			6.35			-0.068438
5			6.35			-0.204743
6			6.35			-0.398825
7			6.35			-0.258864

0			6.4			0.258901
1			6.4			0.391933
2			6.4			0.208903
3			6.4			0.0667496
4			6.4			-0.0667496
5			6.4			-0.208903
6			6.4			-0.391933
7			6.4			-0.258901

0			6.45			0.258974
1			6.45			0.384809
2			6.45			0.213452
3			6.45			0.0648901
4			6.45			-0.0648901
5			6.45			-0.213452
6			6.45			-0.384809
7			6.45			-0.258974

0			6.5			0.259065
1			6.5			0.377487
2			6.5			0.218359
3			6.5			0.0628898
4			6.5			-0.0628898
5			6.5			-0.218359
6			6.5			-0.377487
7			6.5			-0.259065

0			6.55			0.259156
1			6.55			0.370001
2			6.55			0.22359
3			6.55			0.0607822
4			6.55			-0.0607822
5			6.55			-0.22359
6			6.55			-0.370001
7			6.55			-0.259156

0			6.6			0.259229
1			6.6			0.362385
2			6.6			0.229108
3			6.6			0.058603
4			6.6			-0.058603
5			6.6			-0.229108
6			6.6			-0.362385
7			6.6			-0.259229

0			6.65			0.259267
1			6.65			0.354678
2			6.65			0.234875
3			6.65			0.0563906
4			6.65			-0.0563906
5			6.65			-0.234875
6			6.65			-0.354678
7			6.65			-0.259267

0			6.7			0.259252
1			6.7			0.346914
2			6.7			0.240851
3			6.7			0.0541846
4			6.7			-0.0541846
5			6.7			-0.240851
6			6.7			-0.346914
7			6.7			-0.259252

0			6.75			0.259166
1			6.75			0.339131
2			6.75			0.246995
3			6.75			0.0520264
4			6.75			-0.0520264
5			6.75			-0.246995
6			6.75			-0.339131
7			6.75			-0.259166

0			6.8			0.258993
1			6.8			0.331366
2			6.8			0.253265
3			6.8			0.0499578
4			6.8			-0.0499578
5			6.8			-0.253265
6			6.8			-0.331366
7			6.8			-0.258993

0			6.85			0.258716
1			6.85			0.323654
2			6.85			0.259619
3			6.85			0.048021
4			6.85			-0.048021
5			6.85			-0.259619
6			6.85			-0.323654
7			6.85			-0.258716

0			6.9			0.258318
1			6.9			0.31603
2			6.9			0.266014
3			6.9			0.0462582
4			6.9			-0.0462582
5			6.9			-0.266014
6			6.9			-0.31603
7			6.9			-0.258318

0			6.95			0.257785
1			6.95			0.308531
2			6.95			0.272408
3			6.95			0.0447105
4			6.95			-0.0447105
5			6.95			-0.272408
6			6.95			-0.308531
7			6.95			-0.257785

0			7			0.257103
1			7			0.301188
2			7			0.27876
3			7			0.0434183
4			7			-0.0434183
5			7			-0.27876
6			7			-0.301188
7			7			-0.257103

0			7.05			0.256257
1			7.05			0.294034
2			7.05			0.285029
3			7.05			0.0424199
4			7.05			-0.0424199
5			7.05			-0.285029
6			7.05			-0.294034
7			7.05			-0.256257

0			7.1			0.255235
1			7.1			0.2871
2			7.1			0.291175
3			7.1			0.0417515
4			7.1			-0.0417515
5			7.1			-0.291175
6			7.1			-0.2871
7			7.1			-0.255235

0			7.15			0.254026
1			7.15			0.280413
2			7.15			0.297163
3			7.15			0.0414468
4			7.15			-0.0414468
5			7.15			-0.297163
6			7.15			-0.280413
7			7.15			-0.254026

0			7.2			0.252619
1			7.2			0.274001
2			7.2			0.302955
3			7.2			0.0415364
4			7.2			-0.0415364
5			7.2			-0.302955
6			7.2			-0.274001
7			7.2			-0.252619

0			7.25			0.251006
1			7.25			0.267887
2			7.25			0.30852
3			7.25			0.0420472
4			7.25			-0.0420472
5			7.25			-0.30852
6			7.25			-0.267887
7			7.25			-0.251006

0			7.3			0.249178
1			7.3			0.262094
2			7.3			0.313827
3			7.3			0.0430026
4			7.3			-0.0430026
5			7.3			-0.313827
6			7.3			-0.262094
7			7.3			-0.249178

0			7.35			0.24713
1			7.35			0.256641
2			7.35			0.318847
3			7.35			0.0444216
4			7.35			-0.0444216
5			7.35			-0.318847
6			7.35			-0.256641
7			7.35			-0.24713

0			7.4			0.244855
1			7.4			0.251545
2			7.4			0.323557
3			7.4			0.0463188
4			7.4			-0.0463188
5			7.4			-0.323557
6			7.4			-0.251545
7			7.4			-0.244855

0			7.45			0.242351
1			7.45			0.246819
2			7.45			0.327934
3			7.45			0.0487041
4			7.45			-0.0487041
5			7.45			-0.327934
6			7.45			-0.246819
7			7.45			-0.242351

0			7.5			0.239614
1			7.5			0.242475
2			7.5			0.331961
3			7.5			0.0515827
4			7.5			-0.0515827
5			7.5			-0.331961
6			7.5			-0.242475
7			7.5			-0.239614

0			7.55			0.236645
1			7.55			0.238522
2			7.55			0.335622
3			7.55			0.0549545
4			7.55			-0.0549545
5			7.55			-0.335622
6			7.55			-0.238522
7			7.55			-0.236645

0			7.6			0.233444
1			7.6			0.234965
2			7.6			0.338907
3			7.6			0.0588145
4			7.6			-0.0588145
5			7.6			-0.338907
6			7.6			-0.234965
7			7.6			-0.233444

0			7.65			0.230012
1			7.65			0.231806
2			7.65			0.341807
3			7.65			0.0631525
4			7.65			-0.0631525
5			7.65			-0.341807
6			7.65			-0.231806
7			7.65			-0.230012

0			7.7			0.226353
1			7.7			0.229047
2			7.7			0.344318
3			7.7			0.0679533
4			7.7			-0.0679533
5			7.7			-0.344318
6			7.7			-0.229047
7			7.7			-0.226353

0			7.75			0.222472
1			7.75			0.226683
2			7.75			0.346439
3			7.75			0.0731964
4			7.75			-0.0731964
5			7.75			-0.346439
6			7.75			-0.226683
7			7.75			-0.222472

0			7.8			0.218374
1			7.8			0.224709
2			7.8			0.348173
3			7.8			0.0788568
4			7.8			-0.0788568
5			7.8			-0.348173
6			7.8			-0.224709
7			7.8			-0.218374

0			7.85			0.214068
1			7.85			0.223117
2			7.85			0.349526
3			7.85			0.0849047
4			7.85			-0.0849047
5			7.85			-0.349526
6			7.85			-0.223117
7			7.85			-0.214068

0			7.9			0.209562
1			7.9			0.221896
2			7.9			0.350506
3			7.9			0.0913057
4			7.9			-0.0913057
5			7.9			-0.350506
6			7.9			-0.221896
7			7.9			-0.209562

0			7.95			0.204866
1			7.95			0.221033
2			7.95			0.351125
3			7.95			0.0980215
4			7.95			-0.0980215
5			7.95			-0.351125
6			7.95			-0.221033
7			7.95			-0.204866

0			8			0.19999
1			8			0.220512
2			8			0.3514
3			8			0.10501
4			8			-0.10501
5			8			-0.3514
6			8			-0.220512
7			8			-0.19999

0			8.05			0.194947
1			8.05			0.220316
2			8.05			0.351346
3			8.05			0.112225
4			8.05			-0.112225
5			8.05			-0.351346
6			8.05			-0.220316
7			8.05			-0.194947

0			8.1			0.18975
1			8.1			0.220425
2			8.1			0.350983
3			8.1			0.119618
4			8.1			-0.119618
5			8.1			-0.350983
6			8.1			-0.220425
7			8.1			-0.18975

0			8.15			0.184412
1			8.15			0.220818
2			8.15			0.350335
3			8.15			0.127139
4			8.15			-0.127139
5			8.15			-0.350335
6			8.15			-0.220818
7			8.15			-0.184412

0			8.2			0.178947
1			8.2			0.221472
2			8.2			0.349424
3			8.2			0.134733
4			8.2			-0.134733
5			8.2			-0.349424
6			8.2			-0.221472
7			8.2			-0.178947

0			8.25			0.173371
1			8.25			0.222363
2			8.25			0.348277
3			8.25			0.142347
4			8.25			-0.142347
5			8.25			-0.348277
6			8.25			-0.222363
7			8.25			-0.173371

0			8.3			0.167701
1			8.3			0.223465
2			8.3			0.346919
3			8.3			0.149923
4			8.3			-0.149923
5			8.3			-0.346919
6			8.3			-0.223465
7			8.3			-0.167701

0			8.35			0.161951
1			8.35			0.224753
2			8.35			0.345378
3			8.35			0.157407
4			8.35			-0.157407
5			8.35			-0.345378
6			8.35			-0.224753
7			8.35			-0.161951

0			8.4			0.156139
1			8.4			0.226199
2			8.4			0.343682
3			8.4			0.164741
4			8.4			-0.164741
5			8.4			-0.343682
6			8.4			-0.226199
7			8.4			-0.156139

0			8.45			0.150282
1			8.45			0.227776
2			8.45			0.34186
3			8.45			0.171871
4			8.45			-0.171871
5			8.45			-0.34186
6			8.45			-0.227776
7			8.45			-0.150282

0			8.5			0.144396
1			8.5			0.229456
2			8.5			0.339941
3			8.5			0.178741
4			8.5			-0.178741
5			8.5			-0.339941
6			8.5			-0.229456
7			8.5			-0.144396

0			8.55			0.138499
1			8.55			0.231212
2			8.55			0.337952
3			8.55			0.185299
4			8.55			-0.185299
5			8.55			-0.337952
6			8.55			-0.231212
7			8.55			-0.138499

0			8.6			0.132608
1			8.6			0.233016
2			8.6			0.335921
3			8.6			0.191494
4			8.6			-0.191494
5			8.6			-0.335921
6			8.6			-0.233016
7			8.6			-0.132608

0			8.65			0.12674
1			8.65			0.234841
2			8.65			0.333875
3			8.65			0.197278
4			8.65			-0.197278
5			8.65			-0.333875
6			8.65			-0.234841
7			8.65			-0.12674

0			8.7			0.120911
1			8.7			0.236661
2			8.7			0.331838
3			8.7			0.202608
4			8.7			-0.202608
5			8.7			-0.331838
6			8.7			-0.236661
7			8.7			-0.120911

0			8.75			0.115139
1			8.75			0.23845
2			8.75			0.329835
3			8.75			0.20744
4			8.75			-0.20744
5			8.75			-0.329835
6			8.75			-0.23845
7			8.75			-0.115139

0			8.8			0.109438
1			8.8			0.240182
2			8.8			0.327887
3			8.8			0.211739
4			8.8			-0.211739
5			8.8			-0.327887
6			8.8			-0.240182
7			8.8			-0.109438

0			8.85			0.103824
1			8.85			0.241835
2			8.85			0.326015
3			8.85			0.215472
4			8.85			-0.215472
5			8.85			-0.326015
6			8.85			-0.241835
7			8.85			-0.103824

0			8.9			0.0983132
1			8.9			0.243387
2			8.9			0.324237
3			8.9			0.21861
4			8.9			-0.21861
5			8.9			-0.324237
6			8.9			-0.243387
7			8.9			-0.0983132

0			8.95			0.0929185
1			8.95			0.244816
2			8.95			0.322568
3			8.95			0.221131
4			8.95			-0.221131
5			8.95			-0.322568
6			8.95			-0.244816
7			8.95			-0.0929185

0			9			0.0876538
1			9			0.246103
2			9			0.32102
3			9			0.223016
4			9			-0.223016
5			9			-0.32102
6			9			-0.246103
7			9			-0.0876538

0			9.05			0.0825319
1			9.05			0.24723
2			9.05			0.319605
3			9.05			0.224253
4			9.05			-0.224253
5			9.05			-0.319605
6			9.05			-0.24723
7			9.05			-0.0825319

0			9.1			0.0775647
1			9.1			0.248183
2			9.1			0.318329
3			9.1			0.224835
4			9.1			-0.224835
5			9.1			-0.318329
6			9.1			-0.248183
7			9.1			-0.0775647

0			9.15			0.0727632
1			9.15			0.248946
2			9.15			0.317197
3			9.15			0.22476
4			9.15			-0.22476
5			9.15			-0.317197
6			9.15			-0.248946
7			9.15			-0.0727632

0			9.2			0.0681375
1			9.2			0.249508
2			9.2			0.316211
3			9.2			0.224033
4			9.2			-0.224033
5			9.2			-0.316211
6			9.2			-0.249508
7			9.2			-0.0681375

0			9.25			0.0636968
1			9.25			0.249859
2			9.25			0.315371
3			9.25			0.222662
4			9.25			-0.222662
5			9.25			-0.315371
6			9.25			-0.249859
7			9.25			-0.0636968

0			9.3			0.0594495
1			9.3			0.249991
2			9.3			0.31467
3			9.3			0.220663
4			9.3			-0.220663
5			9.3			-0.31467
6			9.3			-0.249991
7			9.3			-0.0594495

0			9.35			0.0554026
1			9.35			0.249897
2			9.35			0.314104
3			9.35			0.218055
4			9.35			-0.218055
5			9.35			-0.314104
6			9.35			-0.249897
7			9.35			-0.0554026

0			9.4			0.0515626
1			9.4			0.249573
2			9.4			0.313661
3			9.4			0.214865
4			9.4			-0.214865
5			9.4			-0.313661
6			9.4			-0.249573
7			9.4			-0.0515626

0			9.45			0.0479347
1			9.45			0.249017
2			9.45			0.313331
3			9.45			0.211122
4			9.45			-0.211122
5			9.45			-0.313331
6			9.45			-0.249017
7			9.45			-0.0479347

0			9.5			0.0445232
1			9.5			0.248229
2			9.5			0.313097
3			9.5			0.20686
4			9.5			-0.20686
5			9.5			-0.313097
6			9.5			-0.248229
7			9.5			-0.0445232

0			9.55			0.0413316
1			9.55			0.247209
2			9.55			0.312944
3			9.55			0.202119
4			9.55			-0.202119
5			9.55			-0.312944
6			9.55			-0.247209
7			9.55			-0.0413316

0			9.6			0.0383622
1			9.6			0.245962
2			9.6			0.312851
3			9.6			0.196941
4			9.6			-0.196941
5			9.6			-0.312851
6			9.6			-0.245962
7			9.6			-0.0383622

0			9.65			0.0356165
1			9.65			0.244492
2			9.65			0.312797
3			9.65			0.191373
4			9.65			-0.191373
5			9.65			-0.312797
6			9.65			-0.244492
7			9.65			-0.0356165

0			9.7			0.0330953
1			9.7			0.242804
2			9.7			0.31276
3			9.7			0.185462
4			9.7			-0.185462
5			9.7			-0.31276
6			9.7			-0.242804
7			9.7			-0.0330953

0			9.75			0.0307983
1			9.75			0.240908
2			9.75			0.312714
3			9.75			0.179261
4			9.75			-0.179261
5			9.75			-0.312714
6			9.75			-0.240908
7			9.75			-0.0307983

0			9.8			0.0287246
1			9.8			0.238811
2			9.8			0.312635
3			9.8			0.172823
4			9.8			-0.172823
5			9.8			-0.312635
6			9.8			-0.238811
7			9.8			-0.0287246

0			9.85			0.0268724
1			9.85			0.236524
2			9.85			0.312496
3			9.85			0.166205
4			9.85			-0.166205
5			9.85			-0.312496
6			9.85			-0.236524
7			9.85			-0.0268724

0			9.9			0.0252393
1			9.9			0.234058
2			9.9			0.31227
3			9.9			0.159461
4			9.9			-0.159461
5			9.9			-0.31227
6			9.9			-0.234058
7			9.9			-0.0252393

0			9.95			0.0238223
1			9.95			0.231425
2			9.95			0.311929
3			9.95			0.152649
4			9.95			-0.152649
5			9.95			-0.311929
6			9.95			-0.231425
7			9.95			-0.0238223

0			10			0.0226178
1			10			0.228638
2			10			0.311445
3			10			0.145825
4			10			-0.145825
5			10			-0.311445
6			10			-0.228638
7			10			-0.0226178

0			10.05			0.0216215
1			10.05			0.225708
2			10.05			0.310792
3			10.05			0.139047
4			10.05			-0.139047
5			10.05			-0.310792
6			10.05			-0.225708
7			10.05			-0.0216215

0			10.1			0.0208289
1			10.1			0.222651
2			10.1			0.309942
3			10.1			0.13237
4			10.1			-0.13237
5			10.1			-0.309942
6			10.1			-0.222651
7			10.1			-0.0208289

0			10.15			0.0202349
1			10.15			0.219479
2			10.15			0.308871
3			10.15			0.125847
4			10.15			-0.125847
5			10.15			-0.308871
6			10.15			-0.219479
7			10.15			-0.0202349

0			10.2			0.0198342
1			10.2			0.216206
2			10.2			0.307552
3			10.2			0.119531
4			10.2			-0.119531
5			10.2			-0.307552
6			10.2			-0.216206
7			10.2			-0.0198342

0			10.25			0.0196211
1			10.25			0.212846
2			10.25			0.305963
3			10.25			0.113472
4			10.25			-0.113472
5			10.25			-0.305963
6			10.25			-0.212846
7			10.25			-0.0196211

0			10.3			0.0195897
1			10.3			0.20941
2			10.3			0.304082
3			10.3			0.107716
4			10.3			-0.107716
5			10.3			-0.304082
6			10.3			-0.20941
7			10.3			-0.0195897

0			10.35			0.019734
1			10.35			0.205914
2			10.35			0.301889
3			10.35			0.102308
4			10.35			-0.102308
5			10.35			-0.301889
6			10.35			-0.205914
7			10.35			-0.019734

0			10.4			0.0200477
1			10.4			0.202367
2			10.4			0.299368
3			10.4			0.0972873
4			10.4			-0.0972873
5			10.4			-0.299368
6			10.4			-0.202367
7			10.4			-0.0200477

0			10.45			0.0205248
1			10.45			0.198782
2			10.45			0.296501
3			10.45			0.0926909
4			10.45			-0.0926909
5			10.45			-0.296501
6			10.45			-0.198782
7			10.45			-0.0205248

0			10.5			0.0211588
1			10.5			0.195169
2			10.5			0.293278
3			10.5			0.0885509
4			10.5			-0.0885509
5			10.5			-0.293278
6			10.5			-0.195169
7			10.5			-0.0211588

0			10.55			0.0219436
1			10.55			0.191538
2			10.55			0.289687
3			10.55			0.0848952
4			10.55			-0.0848952
5			10.55			-0.289687
6			10.55			-0.191538
7			10.55			-0.0219436

0			10.6			0.022873
1			10.6			0.187897
2			10.6			0.285722
3			10.6			0.0817471
4			10.6			-0.0817471
5			10.6			-0.285722
6			10.6			-0.187897
7			10.6			-0.022873

0			10.65			0.0239408
1			10.65			0.184253
2			10.65			0.281379
3			10.65			0.0791251
4			10.65			-0.0791251
5			10.65			-0.281379
6			10.65			-0.184253
7			10.65			-0.0239408

0			10.7			0.0251411
1			10.7			0.180613
2			10.7			0.276656
3			10.7			0.077043
4			10.7			-0.077043
5			10.7			-0.276656
6			10.7			-0.180613
7			10.7			-0.0251411

0			10.75			0.0264682
1			10.75			0.176982
2			10.75			0.271554
3			10.75			0.0755093
4			10.75			-0.0755093
5			10.75			-0.271554
6			10.75			-0.176982
7			10.75			-0.0264682

0			10.8			0.0279162
1			10.8			0.173363
2			10.8			0.26608
3			10.8			0.0745279
4			10.8			-0.0745279
5			10.8			-0.26608
6			10.8			-0.173363
7			10.8			-0.0279162

0			10.85			0.0294798
1			10.85			0.169758
2			10.85			0.260242
3			10.85			0.0740975
4			10.85			-0.0740975
5			10.85			-0.260242
6			10.85			-0.169758
7			10.85			-0.0294798

0			10.9			0.0311537
1			10.9			0.16617
2			10.9			0.254049
3			10.9			0.0742118
4			10.9			-0.0742118
5			10.9			-0.254049
6			10.9			-0.16617
7			10.9			-0.0311537

0			10.95			0.0329327
1			10.95			0.162596
2			10.95			0.247517
3			10.95			0.07486
4			10.95			-0.07486
5			10.95			-0.247517
6			10.95			-0.162596
7			10.95			-0.0329327

0			11			0.0348118
1			11			0.159038
2			11			0.240662
3			11			0.0760262
4			11			-0.0760262
5			11			-0.240662
6			11			-0.159038
7			11			-0.0348118

0			11.05			0.0367865
1			11.05			0.15549
2			11.05			0.233504
3			11.05			0.0776904
4			11.05			-0.0776904
5			11.05			-0.233504
6			11.05			-0.15549
7			11.05			-0.0367865

0			11.1			0.0388519
1			11.1			0.151951
2			11.1			0.226066
3			11.1			0.079828
4			11.1			-0.079828
5			11.1			-0.226066
6			11.1			-0.151951
7			11.1			-0.0388519

0			11.15			0.0410038
1			11.15			0.148415
2			11.15			0.218373
3			11.15			0.0824104
4			11.15			-0.0824104
5			11.15			-0.218373
6			11.15			-0.148415
7			11.15			-0.0410038

0			11.2			0.0432377
1			11.2			0.144876
2			11.2			0.21045
3			11.2			0.0854055
4			11.2			-0.0854055
5			11.2			-0.21045
6			11.2			-0.144876
7			11.2			-0.0432377

0			11.25			0.0455495
1			11.25			0.141329
2			11.25			0.202329
3			11.25			0.0887774
4			11.25			-0.0887774
5			11.25			-0.202329
6			11.25			-0.141329
7			11.25			-0.0455495

0			11.3			0.0479349
1			11.3			0.137766
2			11.3			0.194039
3			11.3			0.0924872
4			11.3			-0.0924872
5			11.3			-0.194039
6			11.3			-0.137766
7			11.3			-0.0479349

0			11.35			0.0503898
1			11.35			0.134179
2			11.35			0.185613
3			11.35			0.0964933
4			11.35			-0.0964933
5			11.35			-0.185613
6			11.35			-0.134179
7			11.35			-0.0503898

0			11.4			0.0529101
1			11.4			0.130561
2			11.4			0.177085
3			11.4			0.100752
4			11.4			-0.100752
5			11.4			-0.177085
6			11.4			-0.130561
7			11.4			-0.0529101

0			11.45			0.0554916
1			11.45			0.126903
2			11.45			0.16849
3			11.45			0.105216
4			11.45			-0.105216
5			11.45			-0.16849
6			11.45			-0.126903
7			11.45			-0.0554916

0			11.5			0.05813
1			11.5			0.123196
2			11.5			0.159862
3			11.5			0.109839
4			11.5			-0.109839
5			11.5			-0.159862
6			11.5			-0.123196
7			11.5			-0.05813

0			11.55			0.060821
1			11.55			0.119433
2			11.55			0.151239
3			11.55			0.114572
4			11.55			-0.114572
5			11.55			-0.151239
6			11.55			-0.119433
7			11.55			-0.060821

0			11.6			0.0635601
1			11.6			0.115605
2			11.6			0.142656
3			11.6			0.119365
4			11.6			-0.119365
5			11.6			-0.142656
6			11.6			-0.115605
7			11.6			-0.0635601

0			11.65			0.0663424
1			11.65			0.111704
2			11.65			0.134148
3			11.65			0.124168
4			11.65			-0.124168
5			11.65			-0.134148
6			11.65			-0.111704
7			11.65			-0.0663424

0			11.7			0.0691632
1			11.7			0.107725
2			11.7			0.125751
3			11.7			0.128932
4			11.7			-0.128932
5			11.7			-0.125751
6			11.7			-0.107725
7			11.7			-0.0691632

0			11.75			0.0720171
1			11.75			0.103659
2			11.75			0.117499
3			11.75			0.133607
4			11.75			-0.133607
5			11.75			-0.117499
6			11.75			-0.103659
7			11.75			-0.0720171

0			11.8			0.0748987
1			11.8			0.0995016
2			11.8			0.109426
3			11.8			0.138145
4			11.8			-0.138145
5			11.8			-0.109426
6			11.8			-0.0995016
7			11.8			-0.0748987

0			11.85			0.077802
1			11.85			0.0952486
2			11.85			0.101563
3			11.85			0.142499
4			11.85			-0.142499
5			11.85			-0.101563
6			11.85			-0.0952486
7			11.85			-0.077802

0			11.9			0.080721
1			11.9			0.0908964
2			11.9			0.0939408
3			11.9			0.146624
4			11.9			-0.146624
5			11.9			-0.0939408
6			11.9			-0.0908964
7			11.9			-0.080721

0			11.95			0.0836489
1			11.95			0.0864431
2			11.95			0.086587
3			11.95			0.150475
4			11.95			-0.150475
5			11.95			-0.086587
6			11.95			-0.0864431
7			11.95			-0.0836489

0			12			0.0865789
1			12			0.0818881
2			12			0.0795279
3			12			0.154014
4			12			-0.154014
5			12			-0.0795279
6			12			-0.0818881
7			12			-0.0865789

0			12.05			0.0895034
1			12.05			0.0772323
2			12.05			0.072787
3			12.05			0.157201
4			12.05			-0.157201
5			12.05			-0.072787
6			12.05			-0.0772323
7			12.05			-0.0895034

0			12.1			0.0924148
1			12.1			0.0724783
2			12.1			0.0663851
3			12.1			0.160002
4			12.1			-0.160002
5			12.1			-0.0663851
6			12.1			-0.0724783
7			12.1			-0.0924148

0			12.15			0.0953047
1			12.15			0.0676303
2			12.15			0.0603403
3			12.15			0.162384
4			12.15			-0.162384
5			12.15			-0.0603403
6			12.15			-0.0676303
7			12.15			-0.0953047

0			12.2			0.0981645
1			12.2			0.0626943
2			12.2			0.0546678
3			12.2			0.164321
4			12.2			-0.164321
5			12.2			-0.0546678
6			12.2			-0.0626943
7			12.2			-0.0981645

0			12.25			0.100985
1			12.25			0.0576778
2			12.25			0.0493795
3			12.25			0.165786
4			12.25			-0.165786
5			12.25			-0.0493795
6			12.25			-0.0576778
7			12.25			-0.100985

0			12.3			0.103757
1			12.3			0.0525904
2			12.3			0.0444841
3			12.3			0.166762
4			12.3			-0.166762
5			12.3			-0.0444841
6			12.3			-0.0525904
7			12.3			-0.103757

0			12.35			0.10647
1			12.35			0.0474432
2			12.35			0.0399871
3			12.35			0.167229
4			12.35			-0.167229
5			12.35			-0.0399871
6			12.35			-0.0474432
7			12.35			-0.10647

0			12.4			0.109115
1			12.4			0.0422491
2			12.4			0.0358906
3			12.4			0.167178
4			12.4			-0.167178
5			12.4			-0.0358906
6			12.4			-0.0422491
7			12.4			-0.109115

0			12.45			0.111681
1			12.45			0.0370227
2			12.45			0.0321935
3			12.45			0.1666
4			12.45			-0.1666
5			12.45			-0.0321935
6			12.45			-0.0370227
7			12.45			-0.111681

0			12.5			0.114156
1			12.5			0.0317801
2			12.5			0.0288911
3			12.5			0.165491
4			12.5			-0.165491
5			12.5			-0.0288911
6			12.5			-0.0317801
7			12.5			-0.114156

0			12.55			0.116531
1			12.55			0.026539
2			12.55			0.0259756
3			12.55			0.163852
4			12.55			-0.163852
5			12.55			-0.0259756
6			12.55			-0.026539
7			12.55			-0.116531

0			12.6			0.118793
1			12.6			0.0213184
2			12.6			0.023436
3			12.6			0.161688
4			12.6			-0.161688
5			12.6			-0.023436
6			12.6			-0.0213184
7			12.6			-0.118793

0			12.65			0.120932
1			12.65			0.0161386
2			12.65			0.0212581
3			12.65			0.159009
4			12.65			-0.159009
5			12.65			-0.0212581
6			12.65			-0.0161386
7			12.65			-0.120932

0			12.7			0.122936
1			12.7			0.011021
2			12.7			0.0194248
3			12.7			0.155827
4			12.7			-0.155827
5			12.7			-0.0194248
6			12.7			-0.011021
7			12.7			-0.122936

0			12.75			0.124795
1			12.75			0.00598801
2			12.75			0.0179161
3			12.75			0.15216
4			12.75			-0.15216
5			12.75			-0.0179161
6			12.75			-0.00598801
7			12.75			-0.124795

0			12.8			0.126496
1			12.8			0.00106266
2			12.8			0.0167096
3			12.8			0.148028
4			12.8			-0.148028
5			12.8			-0.0167096
6			12.8			-0.00106266
7			12.8			-0.126496

0			12.85			0.128029
1			12.85			-0.00373132
2			12.85			0.0157804
3			12.85			0.143455
4			12.85			-0.143455
5			12.85			-0.0157804
6			12.85			0.00373132
7			12.85			-0.128029

0			12.9			0.129383
1			12.9			-0.00836988
2			12.9			0.0151015
3			12.9			0.13847
4			12.9			-0.13847
5			12.9			-0.0151015
6			12.9			0.00836988
7			12.9			-0.129383

0			12.95			0.130547
1			12.95			-0.0128288
2			12.95			0.014644
3			12.95			0.133102
4			12.95			-0.133102
5			12.95			-0.014644
6			12.95			0.0128288
7			12.95			-0.130547

0			13			0.131512
1			13			-0.017084
2			13			0.0143772
3			13			0.127385
4			13			-0.127385
5			13			-0.0143772
6			13			0.017084
7			13			-0.131512

0			13.05			0.132267
1			13.05			-0.0211116
2			13.05			0.0142696
3			13.05			0.121355
4			13.05			-0.121355
5			13.05			-0.0142696
6			13.05			0.0211116
7			13.05			-0.132267

0			13.1			0.132805
1			13.1			-0.0248882
2			13.1			0.0142882
3			13.1			0.115048
4			13.1			-0.115048
5			13.1			-0.0142882
6			13.1			0.0248882
7			13.1			-0.132805

0			13.15			0.133116
1			13.15			-0.0283914
2			13.15			0.0143995
3			13.15			0.108504
4			13.15			-0.108504
5			13.15			-0.0143995
6			13.15			0.0283914
7			13.15			-0.133116

0			13.2			0.133193
1			13.2			-0.0315996
2			13.2			0.0145699
3			13.2			0.101763
4			13.2			-0.101763
5			13.2			-0.0145699
6			13.2			0.0315996
7			13.2			-0.133193

0			13.25			0.13303
1			13.25			-0.0344923
2			13.25			0.0147654
3			13.25			0.0948671
4			13.25			-0.0948671
5			13.25			-0.0147654
6			13.25			0.0344923
7			13.25			-0.13303

0			13.3			0.13262
1			13.3			-0.0370508
2			13.3			0.0149525
3			13.3			0.0878575
4			13.3			-0.0878575
5			13.3			-0.0149525
6			13.3			0.0370508
7			13.3			-0.13262

0			13.35			0.131958
1			13.35			-0.0392578
2			13.35			0.0150984
3			13.35			0.0807764
4			13.35			-0.0807764
5			13.35			-0.0150984
6			13.35			0.0392578
7			13.35			-0.131958

0			13.4			0.131041
1			13.4			-0.0410978
2			13.4			0.0151712
3			13.4			0.0736655
4			13.4			-0.0736655
5			13.4			-0.0151712
6			13.4			0.0410978
7			13.4			-0.131041

0			13.45			0.129866
1			13.45			-0.0425575
2			13.45			0.0151403
3			13.45			0.066566
4			13.45			-0.066566
5			13.45			-0.0151403
6			13.45			0.0425575
7			13.45			-0.129866

0			13.5			0.128431
1			13.5			-0.0436259
2			13.5			0.0149767
3			13.5			0.059518
4			13.5			-0.059518
5			13.5			-0.0149767
6			13.5			0.0436259
7			13.5			-0.128431

0			13.55			0.126736
1			13.55			-0.0442941
2			13.55			0.0146531
3			13.55			0.0525605
4			13.55			-0.0525605
5			13.55			-0.0146531
6			13.55			0.0442941
7			13.55			-0.126736

0			13.6			0.12478
1			13.6			-0.0445559
2			13.6			0.0141447
3			13.6			0.0457306
4			13.6			-0.0457306
5			13.6			-0.0141447
6			13.6			0.0445559
7			13.6			-0.12478

0			13.65			0.122568
1			13.65			-0.0444079
2			13.65			0.0134288
3			13.65			0.0390635
4			13.65			-0.0390635
5			13.65			-0.0134288
6			13.65			0.0444079
7			13.65			-0.122568

0			13.7			0.120101
1			13.7			-0.0438492
2			13.7			0.0124854
3			13.7			0.0325924
4			13.7			-0.0325924
5			13.7			-0.0124854
6			13.7			0.0438492
7			13.7			-0.120101

0			13.75			0.117385
1			13.75			-0.0428818
2			13.75			0.0112973
3			13.75			0.0263476
4			13.75			-0.0263476
5			13.75			-0.0112973
6			13.75			0.0428818
7			13.75			-0.117385

0			13.8			0.114424
1			13.8			-0.0415106
2			13.8			0.00985034
3			13.8			0.0203571
4			13.8			-0.0203571
5			13.8			-0.00985034
6			13.8			0.0415106
7			13.8			-0.114424

0			13.85			0.111228
1			13.85			-0.0397436
2			13.85			0.00813342
3			13.85			0.0146455
4			13.85			-0.0146455
5			13.85			-0.00813342
6			13.85			0.0397436
7			13.85			-0.111228

0			13.9			0.107803
1			13.9			-0.0375914
2			13.9			0.00613873
3			13.9			0.00923483
4			13.9			-0.00923483
5			13.9			-0.00613873
6			13.9			0.0375914
7			13.9			-0.107803

0			13.95			0.104161
1			13.95			-0.0350678
2			13.95			0.00386175
3			13.95			0.00414346
4			13.95			-0.00414346
5			13.95			-0.00386175
6			13.95			0.0350678
7			13.95			-0.104161

0			14			0.100311
1			14			-0.0321893
2			14			0.00130133
3			14			-0.000613334
4			14			0.000613334
5			14			-0.00130133
6			14			0.0321893
7			14			-0.100311

0			14.05			0.0962668
1			14.05			-0.0289753
2			14.05			-0.00154027
3			14.05			-0.00502368
4			14.05			0.00502368
5			14.05			0.00154027
6			14.05			0.0289753
7			14.05			-0.0962668

0			14.1			0.092041
1			14.1			-0.0254479
2			14.1			-0.00465749
3			14.1			-0.00907912
4			14.1			0.00907912
5			14.1			0.00465749
6			14.1			0.0254479
7			14.1			-0.092041

0			14.15			0.0876482
1			14.15			-0.0216318
2			14.15			-0.0080414
3			14.15			-0.0127745
4			14.15			0.0127745
5			14.15			0.0080414
6			14.15			0.0216318
7			14.15			-0.0876482

0			14.2			0.0831041
1			14.2			-0.0175542
2			14.2			-0.0116799
3			14.2			-0.0161081
4			14.2			0.0161081
5			14.2			0.0116799
6			14.2			0.0175542
7			14.2			-0.0831041

0			14.25			0.0784249
1			14.25			-0.0132446
2			14.25			-0.0155578
3			14.25			-0.0190814
4			14.25			0.0190814
5			14.25			0.0155578
6			14.25			0.0132446
7			14.25			-0.0784249

0			14.3			0.0736281
1			14.3			-0.00873442
2			14.3			-0.0196568
3			14.3			-0.0216988
4			14.3			0.0216988
5			14.3			0.0196568
6			14.3			0.00873442
7			14.3			-0.0736281

0			14.35			0.0687317
1			14.35			-0.00405731
2			14.35			-0.0239561
3			14.35			-0.0239679
4			14.35			0.0239679
5			14.35			0.0239561
6			14.35			0.00405731
7			14.35			-0.0687317

0			14.4			0.0637543
1			14.4			0.000751546
2			14.4			-0.0284322
3			14.4			-0.025899
4			14.4			0.025899
5			14.4			0.0284322
6			14.4			-0.000751546
7			14.4			-0.0637543

0			14.45			0.0587154
1			14.45			0.00565545
2			14.45			-0.0330591
3			14.45			-0.0275049
4			14.45			0.0275049
5			14.45			0.0330591
6			14.45			-0.00565545
7			14.45			-0.0587154

0			14.5			0.0536346
1			14.5			0.0106165
2			14.5			-0.037809
3			14.5			-0.0288008
4			14.5			0.0288008
5			14.5			0.037809
6			14.5			-0.0106165
7			14.5			-0.0536346

0			14.55			0.0485319
1			14.55			0.0155958
2			14.55			-0.0426521
3			14.55			-0.0298039
4			14.55			0.0298039
5			14.55			0.0426521
6			14.55			-0.0155958
7			14.55			-0.0485319

0			14.6			0.0434276
1			14.6			0.0205539
2			14.6			-0.047557
3			14.6			-0.0305333
4			14.6			0.0305333
5			14.6			0.047557
6			14.6			-0.0205539
7			14.6			-0.0434276

0			14.65			0.0383421
1			14.65			0.0254507
2			14.65			-0.0524915
3			14.65			-0.0310095
4			14.65			0.0310095
5			14.65			0.0524915
6			14.65			-0.0254507
7			14.65			-0.0383421

0			14.7			0.0332955
1			14.7			0.0302463
2			14.7			-0.057422
3			14.7			-0.0312544
4			14.7			0.0312544
5			14.7			0.057422
6			14.7			-0.0302463
7			14.7			-0.0332955

0			14.75			0.028308
1			14.75			0.0349007
2			14.75			-0.0623147
3			14.75			-0.0312906
4			14.75			0.0312906
5			14.75			0.0623147
6			14.75			-0.0349007
7			14.75			-0.028308

0			14.8			0.0233993
1			14.8			0.0393745
2			14.8			-0.0671353
3			14.8			-0.0311414
4			14.8			0.0311414
5			14.8			0.0671353
6			14.8			-0.0393745
7			14.8			-0.0233993

0			14.85			0.0185889
1			14.85			0.043629
2			14.85			-0.0718498
3			14.85			-0.0308306
4			14.85			0.0308306
5			14.85			0.0718498
6			14.85			-0.043629
7			14.85			-0.0185889

0			14.9			0.0138954
1			14.9			0.0476266
2			14.9			-0.0764246
3			14.9			-0.0303817
4			14.9			0.0303817
5			14.9			0.0764246
6			14.9			-0.0476266
7			14.9			-0.0138954

0			14.95			0.00933702
1			14.95			0.0513309
2			14.95			-0.0808266
3			14.95			-0.0298181
4			14.95			0.0298181
5			14.95			0.0808266
6			14.95			-0.0513309
7			14.95			-0.00933702

0			15			0.00493102
1			15			0.0547074
2			15			-0.0850242
3			15			-0.0291625
4			15			0.0291625
5			15			0.0850242
6			15			-0.0547074
7			15			-0.00493102

0			15.05			0.000693761
1			15.05			0.0577232
2			15.05			-0.0889869
3			15.05			-0.0284369
4			15.05			0.0284369
5			15.05			0.0889869
6			15.05			-0.0577232
7			15.05			-0.000693761

0			15.1			-0.00335944
1			15.1			0.0603475
2			15.1			-0.0926858
3			15.1			-0.0276621
4			15.1			0.0276621
5			15.1			0.0926858
6			15.1			-0.0603475
7			15.1			0.00335944

0			15.15			-0.00721439
1			15.15			0.062552
2			15.15			-0.0960944
3			15.15			-0.0268577
4			15.15			0.0268577
5			15.15			0.0960944
6			15.15			-0.062552
7			15.15			0.00721439

0			15.2			-0.0108581
1			15.2			0.0643108
2			15.2			-0.0991878
3			15.2			-0.0260418
4			15.2			0.0260418
5			15.2			0.0991878
6			15.2			-0.0643108
7			15.2			0.0108581

0			15.25			-0.0142791
1			15.25			0.0656009
2			15.25			-0.101944
3			15.25			-0.0252306
4			15.25			0.0252306
5			15.25			0.101944
6			15.25			-0.0656009
7			15.25			0.0142791

0			15.3			-0.0174671
1			15.3			0.0664023
2			15.3			-0.104344
3			15.3			-0.0244386
4			15.3			0.0244386
5			15.3			0.104344
6			15.3			-0.0664023
7			15.3			0.0174671

0			15.35			-0.0204133
1			15.35			0.0666979
2			15.35			-0.10637
3			15.35			-0.0236783
4			15.35			0.0236783
5			15.35			0.10637
6			15.35			-0.0666979
7			15.35			0.0204133

0			15.4			-0.0231107
1			15.4			0.0664741
2			15.4			-0.108009
3			15.4			-0.02296
4			15.4			0.02296
5			15.4			0.108009
6			15.4			-0.0664741
7			15.4			0.0231107

0			15.45			-0.0255536
1			15.45			0.0657205
2			15.45			-0.109251
3			15.45			-0.0222922
4			15.45			0.0222922
5			15.45			0.109251
6			15.45			-0.0657205
7			15.45			0.0255536

0			15.5			-0.0277382
1			15.5			0.0644303
2			15.5			-0.110089
3			15.5			-0.0216808
4			15.5			0.0216808
5			15.5			0.110089
6			15.5			-0.0644303
7			15.5			0.0277382

0			15.55			-0.0296622
1			15.55			0.0625999
2			15.55			-0.110518
3			15.55			-0.0211297
4			15.55			0.0211297
5			15.55			0.110518
6			15.55			-0.0625999
7			15.55			0.0296622

0			15.6			-0.0313252
1			15.6			0.0602298
2			15.6			-0.110537
3			15.6			-0.0206407
4			15.6			0.0206407
5			15.6			0.110537
6			15.6			-0.0602298
7			15.6			0.0313252

0			15.65			-0.0327282
1			15.65			0.0573236
2			15.65			-0.110151
3			15.65			-0.0202133
4			15.65			0.0202133
5			15.65			0.110151
6			15.65			-0.0573236
7			15.65			0.0327282

0			15.7			-0.0338742
1			15.7			0.0538886
2			15.7			-0.109364
3			15.7			-0.0198452
4			15.7			0.0198452
5			15.7			0.109364
6			15.7			-0.0538886
7			15.7			0.0338742

0			15.75			-0.0347678
1			15.75			0.0499358
2			15.75			-0.108186
3			15.75			-0.019532
4			15.75			0.019532
5			15.75			0.108186
6			15.75			-0.0499358
7			15.75			0.0347678

0			15.8			-0.0354151
1			15.8			0.0454795
2			15.8			-0.106629
3			15.8			-0.0192675
4			15.8			0.0192675
5			15.8			0.106629
6			15.8			-0.0454795
7			15.8			0.0354151

0			15.85			-0.0358242
1			15.85			0.0405374
2			15.85			-0.10471
3			15.85			-0.019044
4			15.85			0.019044
5			15.85			0.10471
6			15.85			-0.0405374
7			15.85			0.0358242

0			15.9			-0.0360044
1			15.9			0.0351305
2			15.9			-0.102446
3			15.9			-0.0188522
4			15.9			0.0188522
5			15.9			0.102446
6			15.9			-0.0351305
7			15.9			0.0360044

0			15.95			-0.0359668
1			15.95			0.0292828
2			15.95			-0.0998596
3			15.95			-0.0186815
4			15.95			0.0186815
5			15.95			0.0998596
6			15.95			-0.0292828
7			15.95			0.0359668

