0			0			0.5
1			0			0.5
2			0			0.5
3			0			0.5
4			0			-0.5
5			0			-0.5
6			0			-0.5
7			0			-0.5

0			0.05			0.5
1			0.05			0.5
2			0.05			0.5
3			0.05			0.499376
4			0.05			-0.499376
5			0.05			-0.5
6			0.05			-0.5
7			0.05			-0.5

0			0.1			0.5
1			0.1			0.5
2			0.1			0.499998
3			0.1			0.497513
4			0.1			-0.497513
5			0.1			-0.499998
6			0.1			-0.5
7			0.1			-0.5

0			0.15			0.5
1			0.15			0.5
2			0.15			0.499992
3			0.15			0.494441
4			0.15			-0.494441
5			0.15			-0.499992
6			0.15			-0.5
7			0.15			-0.5

0			0.2			0.5
1			0.2			0.5
2			0.2			0.499975
3			0.2			0.490206
4			0.2			-0.490206
5			0.2			-0.499975
6			0.2			-0.5
7			0.2			-0.5

0			0.25			0.5
1			0.25			0.5
2			0.25			0.49994
3			0.25			0.484876
4			0.25			-0.484876
5			0.25			-0.49994
6			0.25			-0.5
7			0.25			-0.5

0			0.3			0.5
1			0.3			0.5
2			0.3			0.499877
3			0.3			0.478531
4			0.3			-0.478531
5			0.3			-0.499877
6			0.3			-0.5
7			0.3			-0.5

0			0.35			0.5
1			0.35			0.499999
2			0.35			0.499776
3			0.35			0.47127
4			0.35			-0.47127
5			0.35			-0.499776
6			0.35			-0.499999
7			0.35			-0.5

0			0.4			0.5
1			0.4			0.499998
2			0.4			0.499623
3			0.4			0.463202
4			0.4			-0.463202
5			0.4			-0.499623
6			0.4			-0.499998
7			0.4			-0.5

0			0.45			0.5
1			0.45			0.499997
2			0.45			0.499405
3			0.45			0.45445
4			0.45			-0.45445
5			0.45			-0.499405
6			0.45			-0.499997
7			0.45			-0.5

0			0.5			0.5
1			0.5			0.499994
2			0.5			0.499108
3			0.5			0.445145
4			0.5			-0.445145
5			0.5			-0.499108
6			0.5			-0.499994
7			0.5			-0.5

0			0.55			0.5
1			0.55			0.499989
2			0.55			0.498719
3			0.55			0.435423
4			0.55			-0.435423
5			0.55			-0.498719
6			0.55			-0.499989
7			0.55			-0.5

0			0.6			0.5
1			0.6			0.499982
2			0.6			0.498223
3			0.6			0.425426
4			0.6			-0.425426
5			0.6			-0.498223
6			0.6			-0.499982
7			0.6			-0.5

0			0.65			0.5
1			0.65			0.499971
2			0.65			0.497608
3			0.65			0.415298
4			0.65			-0.415298
5			0.65			-0.497608
6			0.65			-0.499971
7			0.65			-0.5

0			0.7			0.5
1			0.7			0.499955
2			0.7			0.496861
3			0.7			0.40518
4			0.7			-0.40518
5			0.7			-0.496861
6			0.7			-0.499955
7			0.7			-0.5

0			0.75			0.499999
1			0.75			0.499933
2			0.75			0.495973
3			0.75			0.395212
4			0.75			-0.395212
5			0.75			-0.495973
6			0.75			-0.499933
7			0.75			-0.499999

0			0.8			0.499999
1			0.8			0.499904
2			0.8			0.494933
3			0.8			0.385527
4			0.8			-0.385527
5			0.8			-0.494933
6			0.8			-0.499904
7			0.8			-0.499999

0			0.85			0.499998
1			0.85			0.499864
2			0.85			0.493737
3			0.85			0.376249
4			0.85			-0.376249
5			0.85			-0.493737
6			0.85			-0.499864
7			0.85			-0.499998

0			0.9			0.499997
1			0.9			0.499813
2			0.9			0.492379
3			0.9			0.367494
4			0.9			-0.367494
5			0.9			-0.492379
6			0.9			-0.499813
7			0.9			-0.499997

0			0.95			0.499996
1			0.95			0.499748
2			0.95			0.490859
3			0.95			0.359366
4			0.95			-0.359366
5			0.95			-0.490859
6			0.95			-0.499748
7			0.95			-0.499996

0			1			0.499994
1			1			0.499666
2			1			0.489178
3			1			0.351955
4			1			-0.351955
5			1			-0.489178
6			1			-0.499666
7			1			-0.499994

0			1.05			0.499992
1			1.05			0.499565
2			1.05			0.487341
3			1.05			0.345336
4			1.05			-0.345336
5			1.05			-0.487341
6			1.05			-0.499565
7			1.05			-0.499992

0			1.1			0.499988
1			1.1			0.499441
2			1.1			0.485356
3			1.1			0.339569
4			1.1			-0.339569
5			1.1			-0.485356
6			1.1			-0.499441
7			1.1			-0.499988

0			1.15			0.499984
1			1.15			0.499291
2			1.15			0.483233
3			1.15			0.334698
4			1.15			-0.334698
5			1.15			-0.483233
6			1.15			-0.499291
7			1.15			-0.499984

0			1.2			0.499978
1			1.2			0.499113
2			1.2			0.480987
3			1.2			0.33075
4			1.2			-0.33075
5			1.2			-0.480987
6			1.2			-0.499113
7			1.2			-0.499978

0			1.25			0.49997
1			1.25			0.498904
2			1.25			0.478633
3			1.25			0.327735
4			1.25			-0.327735
5			1.25			-0.478633
6			1.25			-0.498904
7			1.25			-0.49997

0			1.3			0.499959
1			1.3			0.49866
2			1.3			0.476192
3			1.3			0.325649
4			1.3			-0.325649
5			1.3			-0.476192
6			1.3			-0.49866
7			1.3			-0.499959

0			1.35			0.499946
1			1.35			0.498378
2			1.35			0.473685
3			1.35			0.324468
4			1.35			-0.324468
5			1.35			-0.473685
6			1.35			-0.498378
7			1.35			-0.499946

0			1.4			0.49993
1			1.4			0.498057
2			1.4			0.471137
3			1.4			0.324157
4			1.4			-0.324157
5			1.4			-0.471137
6			1.4			-0.498057
7			1.4			-0.49993

0			1.45			0.49991
1			1.45			0.497693
2			1.45			0.468572
3			1.45			0.324666
4			1.45			-0.324666
5			1.45			-0.468572
6			1.45			-0.497693
7			1.45			-0.49991

0			1.5			0.499885
1			1.5			0.497284
2			1.5			0.466017
3			1.5			0.325931
4			1.5			-0.325931
5			1.5			-0.466017
6			1.5			-0.497284
7			1.5			-0.499885

0			1.55			0.499854
1			1.55			0.496828
2			1.55			0.463501
3			1.55			0.327879
4			1.55			-0.327879
5			1.55			-0.463501
6			1.55			-0.496828
7			1.55			-0.499854

0			1.6			0.499817
1			1.6			0.496325
2			1.6			0.461052
3			1.6			0.330426
4			1.6			-0.330426
5			1.6			-0.461052
6			1.6			-0.496325
7			1.6			-0.499817

0			1.65			0.499773
1			1.65			0.495774
2			1.65			0.458697
3			1.65			0.333484
4			1.65			-0.333484
5			1.65			-0.458697
6			1.65			-0.495774
7			1.65			-0.499773

0			1.7			0.499721
1			1.7			0.495174
2			1.7			0.456464
3			1.7			0.336955
4			1.7			-0.336955
5			1.7			-0.456464
6			1.7			-0.495174
7			1.7			-0.499721

0			1.75			0.499659
1			1.75			0.494526
2			1.75			0.45438
3			1.75			0.340741
4			1.75			-0.340741
5			1.75			-0.45438
6			1.75			-0.494526
7			1.75			-0.499659

0			1.8			0.499587
1			1.8			0.493832
2			1.8			0.452469
3			1.8			0.344741
4			1.8			-0.344741
5			1.8			-0.452469
6			1.8			-0.493832
7			1.8			-0.499587

0			1.85			0.499502
1			1.85			0.493093
2			1.85			0.450754
3			1.85			0.348856
4			1.85			-0.348856
5			1.85			-0.450754
6			1.85			-0.493093
7			1.85			-0.499502

0			1.9			0.499405
1			1.9			0.492312
2			1.9			0.449256
3			1.9			0.352988
4			1.9			-0.352988
5			1.9			-0.449256
6			1.9			-0.492312
7			1.9			-0.499405

0			1.95			0.499294
1			1.95			0.491493
2			1.95			0.447992
3			1.95			0.357044
4			1.95			-0.357044
5			1.95			-0.447992
6			1.95			-0.491493
7			1.95			-0.499294

0			2			0.499166
1			2			0.490639
2			2			0.446976
3			2			0.360938
4			2			-0.360938
5			2			-0.446976
6			2			-0.490639
7			2			-0.499166

0			2.05			0.499022
1			2.05			0.489756
2			2.05			0.44622
3			2.05			0.364591
4			2.05			-0.364591
5			2.05			-0.44622
6			2.05			-0.489756
7			2.05			-0.499022

0			2.1			0.498859
1			2.1			0.488849
2			2.1			0.445732
3			2.1			0.367932
4			2.1			-0.367932
5			2.1			-0.445732
6			2.1			-0.488849
7			2.1			-0.498859

0			2.15			0.498677
1			2.15			0.487925
2			2.15			0.445514
3			2.15			0.370901
4			2.15			-0.370901
5			2.15			-0.445514
6			2.15			-0.487925
7			2.15			-0.498677

0			2.2			0.498474
1			2.2			0.48699
2			2.2			0.445567
3			2.2			0.37345
4			2.2			-0.37345
5			2.2			-0.445567
6			2.2			-0.48699
7			2.2			-0.498474

0			2.25			0.498248
1			2.25			0.486051
2			2.25			0.445887
3			2.25			0.375542
4			2.25			-0.375542
5			2.25			-0.445887
6			2.25			-0.486051
7			2.25			-0.498248

0			2.3			0.497999
1			2.3			0.485118
2			2.3			0.446466
3			2.3			0.377153
4			2.3			-0.377153
5			2.3			-0.446466
6			2.3			-0.485118
7			2.3			-0.497999

0			2.35			0.497726
1			2.35			0.484197
2			2.35			0.447292
3			2.35			0.37827
4			2.35			-0.37827
5			2.35			-0.447292
6			2.35			-0.484197
7			2.35			-0.497726

0			2.4			0.497428
1			2.4			0.483297
2			2.4			0.448352
3			2.4			0.378893
4			2.4			-0.378893
5			2.4			-0.448352
6			2.4			-0.483297
7			2.4			-0.497428

0			2.45			0.497103
1			2.45			0.482427
2			2.45			0.449627
3			2.45			0.379035
4			2.45			-0.379035
5			2.45			-0.449627
6			2.45			-0.482427
7			2.45			-0.497103

0			2.5			0.496752
1			2.5			0.481596
2			2.5			0.451096
3			2.5			0.378719
4			2.5			-0.378719
5			2.5			-0.451096
6			2.5			-0.481596
7			2.5			-0.496752

0			2.55			0.496374
1			2.55			0.480811
2			2.55			0.452736
3			2.55			0.37798
4			2.55			-0.37798
5			2.55			-0.452736
6			2.55			-0.480811
7			2.55			-0.496374

0			2.6			0.495969
1			2.6			0.48008
2			2.6			0.454522
3			2.6			0.376862
4			2.6			-0.376862
5			2.6			-0.454522
6			2.6			-0.48008
7			2.6			-0.495969

0			2.65			0.495537
1			2.65			0.479413
2			2.65			0.456427
3			2.65			0.375416
4			2.65			-0.375416
5			2.65			-0.456427
6			2.65			-0.479413
7			2.65			-0.495537

0			2.7			0.495077
1			2.7			0.478815
2			2.7			0.458422
3			2.7			0.373704
4			2.7			-0.373704
5			2.7			-0.458422
6			2.7			-0.478815
7			2.7			-0.495077

0			2.75			0.494592
1			2.75			0.478293
2			2.75			0.46048
3			2.75			0.371789
4			2.75			-0.371789
5			2.75			-0.46048
6			2.75			-0.478293
7			2.75			-0.494592

0			2.8			0.494081
1			2.8			0.477854
2			2.8			0.462571
3			2.8			0.369742
4			2.8			-0.369742
5			2.8			-0.462571
6			2.8			-0.477854
7			2.8			-0.494081

0			2.85			0.493545
1			2.85			0.477502
2			2.85			0.464667
3			2.85			0.367633
4			2.85			-0.367633
5			2.85			-0.464667
6			2.85			-0.477502
7			2.85			-0.493545

0			2.9			0.492986
1			2.9			0.477242
2			2.9			0.466742
3			2.9			0.365536
4			2.9			-0.365536
5			2.9			-0.466742
6			2.9			-0.477242
7			2.9			-0.492986

0			2.95			0.492405
1			2.95			0.477076
2			2.95			0.468767
3			2.95			0.363522
4			2.95			-0.363522
5			2.95			-0.468767
6			2.95			-0.477076
7			2.95			-0.492405

0			3			0.491805
1			3			0.477006
2			3			0.470721
3			3			0.36166
4			3			-0.36166
5			3			-0.470721
6			3			-0.477006
7			3			-0.491805

0			3.05			0.491188
1			3.05			0.477034
2			3.05			0.472579
3			3.05			0.360015
4			3.05			-0.360015
5			3.05			-0.472579
6			3.05			-0.477034
7			3.05			-0.491188

0			3.1			0.490555
1			3.1			0.47716
2			3.1			0.474323
3			3.1			0.358648
4			3.1			-0.358648
5			3.1			-0.474323
6			3.1			-0.47716
7			3.1			-0.490555

0			3.15			0.48991
1			3.15			0.47738
2			3.15			0.475937
3			3.15			0.357612
4			3.15			-0.357612
5			3.15			-0.475937
6			3.15			-0.47738
7			3.15			-0.48991

0			3.2			0.489255
1			3.2			0.477694
2			3.2			0.477406
3			3.2			0.356952
4			3.2			-0.356952
5			3.2			-0.477406
6			3.2			-0.477694
7			3.2			-0.489255

0			3.25			0.488595
1			3.25			0.478096
2			3.25			0.47872
3			3.25			0.356706
4			3.25			-0.356706
5			3.25			-0.47872
6			3.25			-0.478096
7			3.25			-0.488595

0			3.3			0.487931
1			3.3			0.478582
2			3.3			0.479873
3			3.3			0.356902
4			3.3			-0.356902
5			3.3			-0.479873
6			3.3			-0.478582
7			3.3			-0.487931

0			3.35			0.487268
1			3.35			0.479145
2			3.35			0.480861
3			3.35			0.357557
4			3.35			-0.357557
5			3.35			-0.480861
6			3.35			-0.479145
7			3.35			-0.487268

0			3.4			0.486609
1			3.4			0.47978
2			3.4			0.481683
3			3.4			0.35868
4			3.4			-0.35868
5			3.4			-0.481683
6			3.4			-0.47978
7			3.4			-0.486609

0			3.45			0.485958
1			3.45			0.480476
2			3.45			0.482344
3			3.45			0.360267
4			3.45			-0.360267
5			3.45			-0.482344
6			3.45			-0.480476
7			3.45			-0.485958

0			3.5			0.485319
1			3.5			0.481227
2			3.5			0.482849
3			3.5			0.362308
4			3.5			-0.362308
5			3.5			-0.482849
6			3.5			-0.481227
7			3.5			-0.485319

0			3.55			0.484696
1			3.55			0.482021
2			3.55			0.483207
3			3.55			0.364781
4			3.55			-0.364781
5			3.55			-0.483207
6			3.55			-0.482021
7			3.55			-0.484696

0			3.6			0.484093
1			3.6			0.48285
2			3.6			0.483431
3			3.6			0.367655
4			3.6			-0.367655
5			3.6			-0.483431
6			3.6			-0.48285
7			3.6			-0.484093

0			3.65			0.483512
1			3.65			0.483702
2			3.65			0.483535
3			3.65			0.370891
4			3.65			-0.370891
5			3.65			-0.483535
6			3.65			-0.483702
7			3.65			-0.483512

0			3.7			0.48296
1			3.7			0.484566
2			3.7			0.483534
3			3.7			0.374446
4			3.7			-0.374446
5			3.7			-0.483534
6			3.7			-0.484566
7			3.7			-0.48296

0			3.75			0.482438
1			3.75			0.485433
2			3.75			0.483446
3			3.75			0.378265
4			3.75			-0.378265
5			3.75			-0.483446
6			3.75			-0.485433
7			3.75			-0.482438

0			3.8			0.48195
1			3.8			0.486291
2			3.8			0.483289
3			3.8			0.382295
4			3.8			-0.382295
5			3.8			-0.483289
6			3.8			-0.486291
7			3.8			-0.48195

0			3.85			0.4815
1			3.85			0.487129
2			3.85			0.483084
3			3.85			0.386475
4			3.85			-0.386475
5			3.85			-0.483084
6			3.85			-0.487129
7			3.85			-0.4815

0			3.9			0.48109
1			3.9			0.487938
2			3.9			0.482848
3			3.9			0.390743
4			3.9			-0.390743
5			3.9			-0.482848
6			3.9			-0.487938
7			3.9			-0.48109

0			3.95			0.480725
1			3.95			0.488707
2			3.95			0.482602
3			3.95			0.395037
4			3.95			-0.395037
5			3.95			-0.482602
6			3.95			-0.488707
7			3.95			-0.480725

0			4			0.480405
1			4			0.489428
2			4			0.482362
3			4			0.399297
4			4			-0.399297
5			4			-0.482362
6			4			-0.489428
7			4			-0.480405

0			4.05			0.480133
1			4.05			0.490093
2			4.05			0.482147
3			4.05			0.403463
4			4.05			-0.403463
5			4.05			-0.482147
6			4.05			-0.490093
7			4.05			-0.480133

0			4.1			0.479911
1			4.1			0.490694
2			4.1			0.481971
3			4.1			0.40748
4			4.1			-0.40748
5			4.1			-0.481971
6			4.1			-0.490694
7			4.1			-0.479911

0			4.15			0.479741
1			4.15			0.491225
2			4.15			0.481848
3			4.15			0.411297
4			4.15			-0.411297
5			4.15			-0.481848
6			4.15			-0.491225
7			4.15			-0.479741

0			4.2			0.479623
1			4.2			0.49168
2			4.2			0.481789
3			4.2			0.414869
4			4.2			-0.414869
5			4.2			-0.481789
6			4.2			-0.49168
7			4.2			-0.479623

0			4.25			0.479558
1			4.25			0.492056
2			4.25			0.481802
3			4.25			0.418157
4			4.25			-0.418157
5			4.25			-0.481802
6			4.25			-0.492056
7			4.25			-0.479558

0			4.3			0.479547
1			4.3			0.49235
2			4.3			0.481894
3			4.3			0.421131
4			4.3			-0.421131
5			4.3			-0.481894
6			4.3			-0.49235
7			4.3			-0.479547

0			4.35			0.479588
1			4.35			0.492561
2			4.35			0.482067
3			4.35			0.423768
4			4.35			-0.423768
5			4.35			-0.482067
6			4.35			-0.492561
7			4.35			-0.479588

0			4.4			0.479682
1			4.4			0.492688
2			4.4			0.482322
3			4.4			0.426053
4			4.4			-0.426053
5			4.4			-0.482322
6			4.4			-0.492688
7			4.4			-0.479682

0			4.45			0.479828
1			4.45			0.492733
2			4.45			0.482655
3			4.45			0.42798
4			4.45			-0.42798
5			4.45			-0.482655
6			4.45			-0.492733
7			4.45			-0.479828

0			4.5			0.480023
1			4.5			0.492697
2			4.5			0.483061
3			4.5			0.42955
4			4.5			-0.42955
5			4.5			-0.483061
6			4.5			-0.492697
7			4.5			-0.480023

0			4.55			0.480267
1			4.55			0.492584
2			4.55			0.483532
3			4.55			0.430774
4			4.55			-0.430774
5			4.55			-0.483532
6			4.55			-0.492584
7			4.55			-0.480267

0			4.6			0.480556
1			4.6			0.4924
2			4.6			0.484056
3			4.6			0.431668
4			4.6			-0.431668
5			4.6			-0.484056
6			4.6			-0.4924
7			4.6			-0.480556

0			4.65			0.480889
1			4.65			0.492149
2			4.65			0.484621
3			4.65			0.432256
4			4.65			-0.432256
5			4.65			-0.484621
6			4.65			-0.492149
7			4.65			-0.480889

0			4.7			0.481263
1			4.7			0.491837
2			4.7			0.485211
3			4.7			0.432569
4			4.7			-0.432569
5			4.7			-0.485211
6			4.7			-0.491837
7			4.7			-0.481263

0			4.75			0.481674
1			4.75			0.491474
2			4.75			0.485809
3			4.75			0.432642
4			4.75			-0.432642
5			4.75			-0.485809
6			4.75			-0.491474
7			4.75			-0.481674

0			4.8			0.482118
1			4.8			0.491066
2			4.8			0.486399
3			4.8			0.432511
4			4.8			-0.432511
5			4.8			-0.486399
6			4.8			-0.491066
7			4.8			-0.482118

0			4.85			0.482593
1			4.85			0.490622
2			4.85			0.486959
3			4.85			0.432219
4			4.85			-0.432219
5			4.85			-0.486959
6			4.85			-0.490622
7			4.85			-0.482593

0			4.9			0.483094
1			4.9			0.490152
2			4.9			0.487473
3			4.9			0.431808
4			4.9			-0.431808
5			4.9			-0.487473
6			4.9			-0.490152
7			4.9			-0.483094

0			4.95			0.483618
1			4.95			0.489665
2			4.95			0.48792
3			4.95			0.431319
4			4.95			-0.431319
5			4.95			-0.48792
6			4.95			-0.489665
7			4.95			-0.483618

0			5			0.48416
1			5			0.489171
2			5			0.488282
3			5			0.430794
4			5			-0.430794
5			5			-0.488282
6			5			-0.489171
7			5			-0.48416

0			5.05			0.484716
1			5.05			0.488678
2			5.05			0.488541
3			5.05			0.430269
4			5.05			-0.430269
5			5.05			-0.488541
6			5.05			-0.488678
7			5.05			-0.484716

0			5.1			0.485282
1			5.1			0.488196
2			5.1			0.488682
3			5.1			0.42978
4			5.1			-0.42978
5			5.1			-0.488682
6			5.1			-0.488196
7			5.1			-0.485282

0			5.15			0.485854
1			5.15			0.487734
2			5.15			0.48869
3			5.15			0.429355
4			5.15			-0.429355
5			5.15			-0.48869
6			5.15			-0.487734
7			5.15			-0.485854

0			5.2			0.486427
1			5.2			0.4873
2			5.2			0.488552
3			5.2			0.429017
4			5.2			-0.429017
5			5.2			-0.488552
6			5.2			-0.4873
7			5.2			-0.486427

0			5.25			0.486998
1			5.25			0.486903
2			5.25			0.48826
3			5.25			0.428784
4			5.25			-0.428784
5			5.25			-0.48826
6			5.25			-0.486903
7			5.25			-0.486998

0			5.3			0.487563
1			5.3			0.48655
2			5.3			0.487806
3			5.3			0.428664
4			5.3			-0.428664
5			5.3			-0.487806
6			5.3			-0.48655
7			5.3			-0.487563

0			5.35			0.488118
1			5.35			0.486245
2			5.35			0.487186
3			5.35			0.42866
4			5.35			-0.42866
5			5.35			-0.487186
6			5.35			-0.486245
7			5.35			-0.488118

0			5.4			0.48866
1			5.4			0.485996
2			5.4			0.4864
3			5.4			0.428766
4			5.4			-0.428766
5			5.4			-0.4864
6			5.4			-0.485996
7			5.4			-0.48866

0			5.45			0.489185
1			5.45			0.485807
2			5.45			0.485449
3			5.45			0.428966
4			5.45			-0.428966
5			5.45			-0.485449
6			5.45			-0.485807
7			5.45			-0.489185

0			5.5			0.489691
1			5.5			0.48568
2			5.5			0.48434
3			5.5			0.42924
4			5.5			-0.42924
5			5.5			-0.48434
6			5.5			-0.48568
7			5.5			-0.489691

0			5.55			0.490174
1			5.55			0.485619
2			5.55			0.483081
3			5.55			0.429558
4			5.55			-0.429558
5			5.55			-0.483081
6			5.55			-0.485619
7			5.55			-0.490174

0			5.6			0.490633
1			5.6			0.485624
2			5.6			0.481685
3			5.6			0.429884
4			5.6			-0.429884
5			5.6			-0.481685
6			5.6			-0.485624
7			5.6			-0.490633

0			5.65			0.491065
1			5.65			0.485696
2			5.65			0.480165
3			5.65			0.430177
4			5.65			-0.430177
5			5.65			-0.480165
6			5.65			-0.485696
7			5.65			-0.491065

0			5.7			0.491468
1			5.7			0.485833
2			5.7			0.478539
3			5.7			0.43039
4			5.7			-0.43039
5			5.7			-0.478539
6			5.7			-0.485833
7			5.7			-0.491468

0			5.75			0.491841
1			5.75			0.486034
2			5.75			0.476827
3			5.75			0.430472
4			5.75			-0.430472
5			5.75			-0.476827
6			5.75			-0.486034
7			5.75			-0.491841

0			5.8			0.492183
1			5.8			0.486296
2			5.8			0.47505
3			5.8			0.430371
4			5.8			-0.430371
5			5.8			-0.47505
6			5.8			-0.486296
7			5.8			-0.492183

0			5.85			0.492493
1			5.85			0.486615
2			5.85			0.473232
3			5.85			0.430032
4			5.85			-0.430032
5			5.85			-0.473232
6			5.85			-0.486615
7			5.85			-0.492493

0			5.9			0.492771
1			5.9			0.486986
2			5.9			0.471397
3			5.9			0.4294
4			5.9			-0.4294
5			5.9			-0.471397
6			5.9			-0.486986
7			5.9			-0.492771

0			5.95			0.493016
1			5.95			0.487404
2			5.95			0.46957
3			5.95			0.428424
4			5.95			-0.428424
5			5.95			-0.46957
6			5.95			-0.487404
7			5.95			-0.493016

0			6			0.493229
1			6			0.487864
2			6			0.467776
3			6			0.427053
4			6			-0.427053
5			6			-0.467776
6			6			-0.487864
7			6			-0.493229

0			6.05			0.493409
1			6.05			0.488357
2			6.05			0.466042
3			6.05			0.425241
4			6.05			-0.425241
5			6.05			-0.466042
6			6.05			-0.488357
7			6.05			-0.493409

0			6.1			0.493559
1			6.1			0.488879
2			6.1			0.464391
3			6.1			0.422949
4			6.1			-0.422949
5			6.1			-0.464391
6			6.1			-0.488879
7			6.1			-0.493559

0			6.15			0.493678
1			6.15			0.489421
2			6.15			0.462846
3			6.15			0.420145
4			6.15			-0.420145
5			6.15			-0.462846
6			6.15			-0.489421
7			6.15			-0.493678

0			6.2			0.493768
1			6.2			0.489977
2			6.2			0.461429
3			6.2			0.416804
4			6.2			-0.416804
5			6.2			-0.461429
6			6.2			-0.489977
7			6.2			-0.493768

0			6.25			0.493829
1			6.25			0.490538
2			6.25			0.46016
3			6.25			0.41291
4			6.25			-0.41291
5			6.25			-0.46016
6			6.25			-0.490538
7			6.25			-0.493829

0			6.3			0.493865
1			6.3			0.491099
2			6.3			0.459056
3			6.3			0.408458
4			6.3			-0.408458
5			6.3			-0.459056
6			6.3			-0.491099
7			6.3			-0.493865

0			6.35			0.493876
1			6.35			0.491651
2			6.35			0.458131
3			6.35			0.403454
4			6.35			-0.403454
5			6.35			-0.458131
6			6.35			-0.491651
7			6.35			-0.493876

0			6.4			0.493864
1			6.4			0.492189
2			6.4			0.457398
3			6.4			0.397914
4			6.4			-0.397914
5			6.4			-0.457398
6			6.4			-0.492189
7			6.4			-0.493864

0			6.45			0.493831
1			6.45			0.492706
2			6.45			0.456864
3			6.45			0.391866
4			6.45			-0.391866
5			6.45			-0.456864
6			6.45			-0.492706
7			6.45			-0.493831

0			6.5			0.493779
1			6.5			0.493196
2			6.5			0.456534
3			6.5			0.38535
4			6.5			-0.38535
5			6.5			-0.456534
6			6.5			-0.493196
7			6.5			-0.493779

0			6.55			0.49371
1			6.55			0.493655
2			6.55			0.45641
3			6.55			0.378415
4			6.55			-0.378415
5			6.55			-0.45641
6			6.55			-0.493655
7			6.55			-0.49371

0			6.6			0.493626
1			6.6			0.494078
2			6.6			0.456491
3			6.6			0.371125
4			6.6			-0.371125
5			6.6			-0.456491
6			6.6			-0.494078
7			6.6			-0.493626

0			6.65			0.493529
1			6.65			0.494462
2			6.65			0.45677
3			6.65			0.363549
4			6.65			-0.363549
5			6.65			-0.45677
6			6.65			-0.494462
7			6.65			-0.493529

0			6.7			0.493421
1			6.7			0.494802
2			6.7			0.457239
3			6.7			0.35577
4			6.7			-0.35577
5			6.7			-0.457239
6			6.7			-0.494802
7			6.7			-0.493421

0			6.75			0.493304
1			6.75			0.495098
2			6.75			0.457887
3			6.75			0.347876
4			6.75			-0.347876
5			6.75			-0.457887
6			6.75			-0.495098
7			6.75			-0.493304

0			6.8			0.49318
1			6.8			0.495348
2			6.8			0.458699
3			6.8			0.339962
4			6.8			-0.339962
5			6.8			-0.458699
6			6.8			-0.495348
7			6.8			-0.49318

0			6.85			0.493051
1			6.85			0.495551
2			6.85			0.459657
3			6.85			0.332131
4			6.85			-0.332131
5			6.85			-0.459657
6			6.85			-0.495551
7			6.85			-0.493051

0			6.9			0.492918
1			6.9			0.495707
2			6.9			0.460743
3			6.9			0.324487
4			6.9			-0.324487
5			6.9			-0.460743
6			6.9			-0.495707
7			6.9			-0.492918

0			6.95			0.492783
1			6.95			0.495817
2			6.95			0.461936
3			6.95			0.317137
4			6.95			-0.317137
5			6.95			-0.461936
6			6.95			-0.495817
7			6.95			-0.492783

0			7			0.492647
1			7			0.495882
2			7			0.463212
3			7			0.310188
4			7			-0.310188
5			7			-0.463212
6			7			-0.495882
7			7			-0.492647

0			7.05			0.492513
1			7.05			0.495905
2			7.05			0.464548
3			7.05			0.303746
4			7.05			-0.303746
5			7.05			-0.464548
6			7.05			-0.495905
7			7.05			-0.492513

0			7.1			0.49238
1			7.1			0.495888
2			7.1			0.465921
3			7.1			0.297912
4			7.1			-0.297912
5			7.1			-0.465921
6			7.1			-0.495888
7			7.1			-0.49238

0			7.15			0.492251
1			7.15			0.495835
2			7.15			0.467306
3			7.15			0.292783
4			7.15			-0.292783
5			7.15			-0.467306
6			7.15			-0.495835
7			7.15			-0.492251

0			7.2			0.492125
1			7.2			0.495748
2			7.2			0.46868
3			7.2			0.288447
4			7.2			-0.288447
5			7.2			-0.46868
6			7.2			-0.495748
7			7.2			-0.492125

0			7.25			0.492005
1			7.25			0.495632
2			7.25			0.470019
3			7.25			0.284983
4			7.25			-0.284983
5			7.25			-0.470019
6			7.25			-0.495632
7			7.25			-0.492005

0			7.3			0.491891
1			7.3			0.495491
2			7.3			0.471303
3			7.3			0.28246
4			7.3			-0.28246
5			7.3			-0.471303
6			7.3			-0.495491
7			7.3			-0.491891

0			7.35			0.491783
1			7.35			0.495328
2			7.35			0.472511
3			7.35			0.280935
4			7.35			-0.280935
5			7.35			-0.472511
6			7.35			-0.495328
7			7.35			-0.491783

0			7.4			0.491681
1			7.4			0.495149
2			7.4			0.473626
3			7.4			0.280449
4			7.4			-0.280449
5			7.4			-0.473626
6			7.4			-0.495149
7			7.4			-0.491681

0			7.45			0.491587
1			7.45			0.494958
2			7.45			0.474633
3			7.45			0.281031
4			7.45			-0.281031
5			7.45			-0.474633
6			7.45			-0.494958
7			7.45			-0.491587

0			7.5			0.491501
1			7.5			0.494758
2			7.5			0.475519
3			7.5			0.282692
4			7.5			-0.282692
5			7.5			-0.475519
6			7.5			-0.494758
7			7.5			-0.491501

0			7.55			0.491422
1			7.55			0.494554
2			7.55			0.476275
3			7.55			0.28543
4			7.55			-0.28543
5			7.55			-0.476275
6			7.55			-0.494554
7			7.55			-0.491422

0			7.6			0.491351
1			7.6			0.49435
2			7.6			0.476892
3			7.6			0.289223
4			7.6			-0.289223
5			7.6			-0.476892
6			7.6			-0.49435
7			7.6			-0.491351

0			7.65			0.491287
1			7.65			0.49415
2			7.65			0.477369
3			7.65			0.294035
4			7.65			-0.294035
5			7.65			-0.477369
6			7.65			-0.49415
7			7.65			-0.491287

0			7.7			0.491231
1			7.7			0.493955
2			7.7			0.477704
3			7.7			0.299814
4			7.7			-0.299814
5			7.7			-0.477704
6			7.7			-0.493955
7			7.7			-0.491231

0			7.75			0.491183
1			7.75			0.493771
2			7.75			0.4779
3			7.75			0.306491
4			7.75			-0.306491
5			7.75			-0.4779
6			7.75			-0.493771
7			7.75			-0.491183

0			7.8			0.491142
1			7.8			0.493598
2			7.8			0.477962
3			7.8			0.313986
4			7.8			-0.313986
5			7.8			-0.477962
6			7.8			-0.493598
7			7.8			-0.491142

0			7.85			0.491108
1			7.85			0.49344
2			7.85			0.477898
3			7.85			0.322203
4			7.85			-0.322203
5			7.85			-0.477898
6			7.85			-0.49344
7			7.85			-0.491108

0			7.9			0.49108
1			7.9			0.493298
2			7.9			0.47772
3			7.9			0.331036
4			7.9			-0.331036
5			7.9			-0.47772
6			7.9			-0.493298
7			7.9			-0.49108

0			7.95			0.491059
1			7.95			0.493173
2			7.95			0.47744
3			7.95			0.340367
4			7.95			-0.340367
5			7.95			-0.47744
6			7.95			-0.493173
7			7.95			-0.491059

0			8			0.491045
1			8			0.493065
2			8			0.477074
3			8			0.350073
4			8			-0.350073
5			8			-0.477074
6			8			-0.493065
7			8			-0.491045

0			8.05			0.491036
1			8.05			0.492977
2			8.05			0.476639
3			8.05			0.360024
4			8.05			-0.360024
5			8.05			-0.476639
6			8.05			-0.492977
7			8.05			-0.491036

0			8.1			0.491032
1			8.1			0.492907
2			8.1			0.476151
3			8.1			0.370086
4			8.1			-0.370086
5			8.1			-0.476151
6			8.1			-0.492907
7			8.1			-0.491032

0			8.15			0.491033
1			8.15			0.492855
2			8.15			0.47563
3			8.15			0.380124
4			8.15			-0.380124
5			8.15			-0.47563
6			8.15			-0.492855
7			8.15			-0.491033

0			8.2			0.491039
1			8.2			0.492822
2			8.2			0.475095
3			8.2			0.390004
4			8.2			-0.390004
5			8.2			-0.475095
6			8.2			-0.492822
7			8.2			-0.491039

0			8.25			0.49105
1			8.25			0.492805
2			8.25			0.474566
3			8.25			0.399596
4			8.25			-0.399596
5			8.25			-0.474566
6			8.25			-0.492805
7			8.25			-0.49105

0			8.3			0.491064
1			8.3			0.492804
2			8.3			0.474059
3			8.3			0.408776
4			8.3			-0.408776
5			8.3			-0.474059
6			8.3			-0.492804
7			8.3			-0.491064

0			8.35			0.491082
1			8.35			0.492818
2			8.35			0.473594
3			8.35			0.417427
4			8.35			-0.417427
5			8.35			-0.473594
6			8.35			-0.492818
7			8.35			-0.491082

0			8.4			0.491103
1			8.4			0.492845
2			8.4			0.473187
3			8.4			0.425442
4			8.4			-0.425442
5			8.4			-0.473187
6			8.4			-0.492845
7			8.4			-0.491103

0			8.45			0.491127
1			8.45			0.492884
2			8.45			0.472852
3			8.45			0.432727
4			8.45			-0.432727
5			8.45			-0.472852
6			8.45			-0.492884
7			8.45			-0.491127

0			8.5			0.491154
1			8.5			0.492933
2			8.5			0.472602
3			8.5			0.439201
4			8.5			-0.439201
5			8.5			-0.472602
6			8.5			-0.492933
7			8.5			-0.491154

0			8.55			0.491184
1			8.55			0.49299
2			8.55			0.472448
3			8.55			0.444797
4			8.55			-0.444797
5			8.55			-0.472448
6			8.55			-0.49299
7			8.55			-0.491184

0			8.6			0.491215
1			8.6			0.493054
2			8.6			0.472397
3			8.6			0.449465
4			8.6			-0.449465
5			8.6			-0.472397
6			8.6			-0.493054
7			8.6			-0.491215

0			8.65			0.491249
1			8.65			0.493123
2			8.65			0.472456
3			8.65			0.453172
4			8.65			-0.453172
5			8.65			-0.472456
6			8.65			-0.493123
7			8.65			-0.491249

0			8.7			0.491285
1			8.7			0.493195
2			8.7			0.472626
3			8.7			0.455901
4			8.7			-0.455901
5			8.7			-0.472626
6			8.7			-0.493195
7			8.7			-0.491285

0			8.75			0.491322
1			8.75			0.49327
2			8.75			0.472908
3			8.75			0.457653
4			8.75			-0.457653
5			8.75			-0.472908
6			8.75			-0.49327
7			8.75			-0.491322

0			8.8			0.491362
1			8.8			0.493344
2			8.8			0.473298
3			8.8			0.458447
4			8.8			-0.458447
5			8.8			-0.473298
6			8.8			-0.493344
7			8.8			-0.491362

0			8.85			0.491403
1			8.85			0.493417
2			8.85			0.473792
3			8.85			0.458318
4			8.85			-0.458318
5			8.85			-0.473792
6			8.85			-0.493417
7			8.85			-0.491403

0			8.9			0.491446
1			8.9			0.493488
2			8.9			0.47438
3			8.9			0.457316
4			8.9			-0.457316
5			8.9			-0.47438
6			8.9			-0.493488
7			8.9			-0.491446

0			8.95			0.49149
1			8.95			0.493555
2			8.95			0.475053
3			8.95			0.455507
4			8.95			-0.455507
5			8.95			-0.475053
6			8.95			-0.493555
7			8.95			-0.49149

0			9			0.491537
1			9			0.493616
2			9			0.475798
3			9			0.452969
4			9			-0.452969
5			9			-0.475798
6			9			-0.493616
7			9			-0.491537

0			9.05			0.491585
1			9.05			0.493672
2			9.05			0.476601
3			9.05			0.449794
4			9.05			-0.449794
5			9.05			-0.476601
6			9.05			-0.493672
7			9.05			-0.491585

0			9.1			0.491636
1			9.1			0.493721
2			9.1			0.477444
3			9.1			0.446081
4			9.1			-0.446081
5			9.1			-0.477444
6			9.1			-0.493721
7			9.1			-0.491636

0			9.15			0.491689
1			9.15			0.493761
2			9.15			0.478312
3			9.15			0.441938
4			9.15			-0.441938
5			9.15			-0.478312
6			9.15			-0.493761
7			9.15			-0.491689

0			9.2			0.491745
1			9.2			0.493791
2			9.2			0.479186
3			9.2			0.437478
4			9.2			-0.437478
5			9.2			-0.479186
6			9.2			-0.493791
7			9.2			-0.491745

0			9.25			0.491803
1			9.25			0.493811
2			9.25			0.480049
3			9.25			0.432818
4			9.25			-0.432818
5			9.25			-0.480049
6			9.25			-0.493811
7			9.25			-0.491803

0			9.3			0.491865
1			9.3			0.49382
2			9.3			0.480881
3			9.3			0.428074
4			9.3			-0.428074
5			9.3			-0.480881
6			9.3			-0.49382
7			9.3			-0.491865

0			9.35			0.49193
1			9.35			0.493816
2			9.35			0.481666
3			9.35			0.423362
4			9.35			-0.423362
5			9.35			-0.481666
6			9.35			-0.493816
7			9.35			-0.49193

0			9.4			0.491998
1			9.4			0.493798
2			9.4			0.482387
3			9.4			0.418795
4			9.4			-0.418795
5			9.4			-0.482387
6			9.4			-0.493798
7			9.4			-0.491998

0			9.45			0.492071
1			9.45			0.493765
2			9.45			0.483028
3			9.45			0.414477
4			9.45			-0.414477
5			9.45			-0.483028
6			9.45			-0.493765
7			9.45			-0.492071

0			9.5			0.492149
1			9.5			0.493715
2			9.5			0.483575
3			9.5			0.410507
4			9.5			-0.410507
5			9.5			-0.483575
6			9.5			-0.493715
7			9.5			-0.492149

0			9.55			0.492231
1			9.55			0.493647
2			9.55			0.484016
3			9.55			0.406972
4			9.55			-0.406972
5			9.55			-0.484016
6			9.55			-0.493647
7			9.55			-0.492231

0			9.6			0.492318
1			9.6			0.49356
2			9.6			0.484342
3			9.6			0.403948
4			9.6			-0.403948
5			9.6			-0.484342
6			9.6			-0.49356
7			9.6			-0.492318

0			9.65			0.492412
1			9.65			0.493452
2			9.65			0.484545
3			9.65			0.401498
4			9.65			-0.401498
5			9.65			-0.484545
6			9.65			-0.493452
7			9.65			-0.492412

0			9.7			0.492511
1			9.7			0.493322
2			9.7			0.484621
3			9.7			0.399671
4			9.7			-0.399671
5			9.7			-0.484621
6			9.7			-0.493322
7			9.7			-0.492511

0			9.75			0.492616
1			9.75			0.493167
2			9.75			0.484567
3			9.75			0.3985
4			9.75			-0.3985
5			9.75			-0.484567
6			9.75			-0.493167
7			9.75			-0.492616

0			9.8			0.492727
1			9.8			0.492987
2			9.8			0.484384
3			9.8			0.398004
4			9.8			-0.398004
5			9.8			-0.484384
6			9.8			-0.492987
7			9.8			-0.492727

0			9.85			0.492846
1			9.85			0.492779
2			9.85			0.484075
3			9.85			0.398184
4			9.85			-0.398184
5			9.85			-0.484075
6			9.85			-0.492779
7			9.85			-0.492846

0			9.9			0.492971
1			9.9			0.492542
2			9.9			0.483646
3			9.9			0.399027
4			9.9			-0.399027
5			9.9			-0.483646
6			9.9			-0.492542
7			9.9			-0.492971

0			9.95			0.493104
1			9.95			0.492276
2			9.95			0.483107
3			9.95			0.400504
4			9.95			-0.400504
5			9.95			-0.483107
6			9.95			-0.492276
7			9.95			-0.493104

0			10			0.493243
1			10			0.491977
2			10			0.482467
3			10			0.402571
4			10			-0.402571
5			10			-0.482467
6			10			-0.491977
7			10			-0.493243

0			10.05			0.49339
1			10.05			0.491647
2			10.05			0.48174
3			10.05			0.40517
4			10.05			-0.40517
5			10.05			-0.48174
6			10.05			-0.491647
7			10.05			-0.49339

0			10.1			0.493543
1			10.1			0.491283
2			10.1			0.480941
3			10.1			0.408232
4			10.1			-0.408232
5			10.1			-0.480941
6			10.1			-0.491283
7			10.1			-0.493543

0			10.15			0.493703
1			10.15			0.490885
2			10.15			0.480086
3			10.15			0.411676
4			10.15			-0.411676
5			10.15			-0.480086
6			10.15			-0.490885
7			10.15			-0.493703

0			10.2			0.49387
1			10.2			0.490453
2			10.2			0.479192
3			10.2			0.415411
4			10.2			-0.415411
5			10.2			-0.479192
6			10.2			-0.490453
7			10.2			-0.49387

0			10.25			0.494042
1			10.25			0.489987
2			10.25			0.478277
3			10.25			0.419342
4			10.25			-0.419342
5			10.25			-0.478277
6			10.25			-0.489987
7			10.25			-0.494042

0			10.3			0.49422
1			10.3			0.489489
2			10.3			0.47736
3			10.3			0.423364
4			10.3			-0.423364
5			10.3			-0.47736
6			10.3			-0.489489
7			10.3			-0.49422

0			10.35			0.494403
1			10.35			0.488959
2			10.35			0.47646
3			10.35			0.427373
4			10.35			-0.427373
5			10.35			-0.47646
6			10.35			-0.488959
7			10.35			-0.494403

0			10.4			0.49459
1			10.4			0.488398
2			10.4			0.475593
3			10.4			0.431261
4			10.4			-0.431261
5			10.4			-0.475593
6			10.4			-0.488398
7			10.4			-0.49459

0			10.45			0.49478
1			10.45			0.48781
2			10.45			0.474777
3			10.45			0.434922
4			10.45			-0.434922
5			10.45			-0.474777
6			10.45			-0.48781
7			10.45			-0.49478

0			10.5			0.494972
1			10.5			0.487196
2			10.5			0.474027
3			10.5			0.438255
4			10.5			-0.438255
5			10.5			-0.474027
6			10.5			-0.487196
7			10.5			-0.494972

0			10.55			0.495166
1			10.55			0.486561
2			10.55			0.473358
3			10.55			0.441161
4			10.55			-0.441161
5			10.55			-0.473358
6			10.55			-0.486561
7			10.55			-0.495166

0			10.6			0.49536
1			10.6			0.485908
2			10.6			0.472781
3			10.6			0.443551
4			10.6			-0.443551
5			10.6			-0.472781
6			10.6			-0.485908
7			10.6			-0.49536

0			10.65			0.495552
1			10.65			0.485241
2			10.65			0.472305
3			10.65			0.445343
4			10.65			-0.445343
5			10.65			-0.472305
6			10.65			-0.485241
7			10.65			-0.495552

0			10.7			0.495743
1			10.7			0.484566
2			10.7			0.471939
3			10.7			0.446465
4			10.7			-0.446465
5			10.7			-0.471939
6			10.7			-0.484566
7			10.7			-0.495743

0			10.75			0.495929
1			10.75			0.483888
2			10.75			0.471686
3			10.75			0.44686
4			10.75			-0.44686
5			10.75			-0.471686
6			10.75			-0.483888
7			10.75			-0.495929

0			10.8			0.496111
1			10.8			0.483213
2			10.8			0.471547
3			10.8			0.446481
4			10.8			-0.446481
5			10.8			-0.471547
6			10.8			-0.483213
7			10.8			-0.496111

0			10.85			0.496285
1			10.85			0.482547
2			10.85			0.471523
3			10.85			0.445295
4			10.85			-0.445295
5			10.85			-0.471523
6			10.85			-0.482547
7			10.85			-0.496285

0			10.9			0.496452
1			10.9			0.481896
2			10.9			0.471607
3			10.9			0.443285
4			10.9			-0.443285
5			10.9			-0.471607
6			10.9			-0.481896
7			10.9			-0.496452

0			10.95			0.49661
1			10.95			0.481268
2			10.95			0.471794
3			10.95			0.440448
4			10.95			-0.440448
5			10.95			-0.471794
6			10.95			-0.481268
7			10.95			-0.49661

0			11			0.496757
1			11			0.48067
2			11			0.472073
3			11			0.436794
4			11			-0.436794
5			11			-0.472073
6			11			-0.48067
7			11			-0.496757

0			11.05			0.496891
1			11.05			0.480108
2			11.05			0.472432
3			11.05			0.432352
4			11.05			-0.432352
5			11.05			-0.472432
6			11.05			-0.480108
7			11.05			-0.496891

0			11.1			0.497012
1			11.1			0.47959
2			11.1			0.472857
3			11.1			0.42716
4			11.1			-0.42716
5			11.1			-0.472857
6			11.1			-0.47959
7			11.1			-0.497012

0			11.15			0.497119
1			11.15			0.479122
2			11.15			0.473331
3			11.15			0.421272
4			11.15			-0.421272
5			11.15			-0.473331
6			11.15			-0.479122
7			11.15			-0.497119

0			11.2			0.49721
1			11.2			0.478711
2			11.2			0.473835
3			11.2			0.414754
4			11.2			-0.414754
5			11.2			-0.473835
6			11.2			-0.478711
7			11.2			-0.49721

0			11.25			0.497284
1			11.25			0.478363
2			11.25			0.474351
3			11.25			0.407682
4			11.25			-0.407682
5			11.25			-0.474351
6			11.25			-0.478363
7			11.25			-0.497284

0			11.3			0.49734
1			11.3			0.478084
2			11.3			0.474857
3			11.3			0.400144
4			11.3			-0.400144
5			11.3			-0.474857
6			11.3			-0.478084
7			11.3			-0.49734

0			11.35			0.497378
1			11.35			0.477879
2			11.35			0.475333
3			11.35			0.392233
4			11.35			-0.392233
5			11.35			-0.475333
6			11.35			-0.477879
7			11.35			-0.497378

0			11.4			0.497397
1			11.4			0.477753
2			11.4			0.475758
3			11.4			0.384051
4			11.4			-0.384051
5			11.4			-0.475758
6			11.4			-0.477753
7			11.4			-0.497397

0			11.45			0.497398
1			11.45			0.477709
2			11.45			0.476113
3			11.45			0.375703
4			11.45			-0.375703
5			11.45			-0.476113
6			11.45			-0.477709
7			11.45			-0.497398

0			11.5			0.497379
1			11.5			0.47775
2			11.5			0.476376
3			11.5			0.367296
4			11.5			-0.367296
5			11.5			-0.476376
6			11.5			-0.47775
7			11.5			-0.497379

0			11.55			0.49734
1			11.55			0.477878
2			11.55			0.476531
3			11.55			0.358939
4			11.55			-0.358939
5			11.55			-0.476531
6			11.55			-0.477878
7			11.55			-0.49734

0			11.6			0.497283
1			11.6			0.478094
2			11.6			0.476561
3			11.6			0.350739
4			11.6			-0.350739
5			11.6			-0.476561
6			11.6			-0.478094
7			11.6			-0.497283

0			11.65			0.497208
1			11.65			0.478398
2			11.65			0.476451
3			11.65			0.342801
4			11.65			-0.342801
5			11.65			-0.476451
6			11.65			-0.478398
7			11.65			-0.497208

0			11.7			0.497114
1			11.7			0.478788
2			11.7			0.476191
3			11.7			0.335224
4			11.7			-0.335224
5			11.7			-0.476191
6			11.7			-0.478788
7			11.7			-0.497114

0			11.75			0.497005
1			11.75			0.479263
2			11.75			0.475771
3			11.75			0.3281
4			11.75			-0.3281
5			11.75			-0.475771
6			11.75			-0.479263
7			11.75			-0.497005

0			11.8			0.496879
1			11.8			0.479819
2			11.8			0.475185
3			11.8			0.321515
4			11.8			-0.321515
5			11.8			-0.475185
6			11.8			-0.479819
7			11.8			-0.496879

0			11.85			0.496739
1			11.85			0.480452
2			11.85			0.474431
3			11.85			0.315543
4			11.85			-0.315543
5			11.85			-0.474431
6			11.85			-0.480452
7			11.85			-0.496739

0			11.9			0.496586
1			11.9			0.481156
2			11.9			0.473509
3			11.9			0.31025
4			11.9			-0.31025
5			11.9			-0.473509
6			11.9			-0.481156
7			11.9			-0.496586

0			11.95			0.496422
1			11.95			0.481925
2			11.95			0.472423
3			11.95			0.305688
4			11.95			-0.305688
5			11.95			-0.472423
6			11.95			-0.481925
7			11.95			-0.496422

0			12			0.496249
1			12			0.482752
2			12			0.471181
3			12			0.301898
4			12			-0.301898
5			12			-0.471181
6			12			-0.482752
7			12			-0.496249

0			12.05			0.496068
1			12.05			0.483627
2			12.05			0.469794
3			12.05			0.29891
4			12.05			-0.29891
5			12.05			-0.469794
6			12.05			-0.483627
7			12.05			-0.496068

0			12.1			0.495882
1			12.1			0.484543
2			12.1			0.468275
3			12.1			0.296737
4			12.1			-0.296737
5			12.1			-0.468275
6			12.1			-0.484543
7			12.1			-0.495882

0			12.15			0.495693
1			12.15			0.485489
2			12.15			0.466641
3			12.15			0.295383
4			12.15			-0.295383
5			12.15			-0.466641
6			12.15			-0.485489
7			12.15			-0.495693

0			12.2			0.495503
1			12.2			0.486456
2			12.2			0.464912
3			12.2			0.294839
4			12.2			-0.294839
5			12.2			-0.464912
6			12.2			-0.486456
7			12.2			-0.495503

0			12.25			0.495314
1			12.25			0.487432
2			12.25			0.463109
3			12.25			0.295082
4			12.25			-0.295082
5			12.25			-0.463109
6			12.25			-0.487432
7			12.25			-0.495314

0			12.3			0.495128
1			12.3			0.488408
2			12.3			0.461258
3			12.3			0.296079
4			12.3			-0.296079
5			12.3			-0.461258
6			12.3			-0.488408
7			12.3			-0.495128

0			12.35			0.494949
1			12.35			0.489372
2			12.35			0.459382
3			12.35			0.297788
4			12.35			-0.297788
5			12.35			-0.459382
6			12.35			-0.489372
7			12.35			-0.494949

0			12.4			0.494776
1			12.4			0.490313
2			12.4			0.45751
3			12.4			0.300157
4			12.4			-0.300157
5			12.4			-0.45751
6			12.4			-0.490313
7			12.4			-0.494776

0			12.45			0.494614
1			12.45			0.491222
2			12.45			0.455667
3			12.45			0.303126
4			12.45			-0.303126
5			12.45			-0.455667
6			12.45			-0.491222
7			12.45			-0.494614

0			12.5			0.494463
1			12.5			0.492086
2			12.5			0.453882
3			12.5			0.30663
4			12.5			-0.30663
5			12.5			-0.453882
6			12.5			-0.492086
7			12.5			-0.494463

0			12.55			0.494326
1			12.55			0.492898
2			12.55			0.452182
3			12.55			0.310598
4			12.55			-0.310598
5			12.55			-0.452182
6			12.55			-0.492898
7			12.55			-0.494326

0			12.6			0.494204
1			12.6			0.493647
2			12.6			0.450594
3			12.6			0.314957
4			12.6			-0.314957
5			12.6			-0.450594
6			12.6			-0.493647
7			12.6			-0.494204

0			12.65			0.494098
1			12.65			0.494326
2			12.65			0.449142
3			12.65			0.319631
4			12.65			-0.319631
5			12.65			-0.449142
6			12.65			-0.494326
7			12.65			-0.494098

0			12.7			0.494009
1			12.7			0.494926
2			12.7			0.44785
3			12.7			0.324547
4			12.7			-0.324547
5			12.7			-0.44785
6			12.7			-0.494926
7			12.7			-0.494009

0			12.75			0.493939
1			12.75			0.495441
2			12.75			0.44674
3			12.75			0.329631
4			12.75			-0.329631
5			12.75			-0.44674
6			12.75			-0.495441
7			12.75			-0.493939

0			12.8			0.493888
1			12.8			0.495866
2			12.8			0.445831
3			12.8			0.334813
4			12.8			-0.334813
5			12.8			-0.445831
6			12.8			-0.495866
7			12.8			-0.493888

0			12.85			0.493857
1			12.85			0.496197
2			12.85			0.445137
3			12.85			0.340027
4			12.85			-0.340027
5			12.85			-0.445137
6			12.85			-0.496197
7			12.85			-0.493857

0			12.9			0.493845
1			12.9			0.49643
2			12.9			0.444673
3			12.9			0.345212
4			12.9			-0.345212
5			12.9			-0.444673
6			12.9			-0.49643
7			12.9			-0.493845

0			12.95			0.493853
1			12.95			0.496563
2			12.95			0.444447
3			12.95			0.350317
4			12.95			-0.350317
5			12.95			-0.444447
6			12.95			-0.496563
7			12.95			-0.493853

0			13			0.493879
1			13			0.496597
2			13			0.444466
3			13			0.355293
4			13			-0.355293
5			13			-0.444466
6			13			-0.496597
7			13			-0.493879

0			13.05			0.493924
1			13.05			0.496531
2			13.05			0.444732
3			13.05			0.360102
4			13.05			-0.360102
5			13.05			-0.444732
6			13.05			-0.496531
7			13.05			-0.493924

0			13.1			0.493986
1			13.1			0.496368
2			13.1			0.445243
3			13.1			0.364715
4			13.1			-0.364715
5			13.1			-0.445243
6			13.1			-0.496368
7			13.1			-0.493986

0			13.15			0.494064
1			13.15			0.496112
2			13.15			0.445995
3			13.15			0.36911
4			13.15			-0.36911
5			13.15			-0.445995
6			13.15			-0.496112
7			13.15			-0.494064

0			13.2			0.494156
1			13.2			0.495766
2			13.2			0.446978
3			13.2			0.373273
4			13.2			-0.373273
5			13.2			-0.446978
6			13.2			-0.495766
7			13.2			-0.494156

0			13.25			0.494261
1			13.25			0.495336
2			13.25			0.448181
3			13.25			0.3772
4			13.25			-0.3772
5			13.25			-0.448181
6			13.25			-0.495336
7			13.25			-0.494261

0			13.3			0.494376
1			13.3			0.494829
2			13.3			0.449588
3			13.3			0.380893
4			13.3			-0.380893
5			13.3			-0.449588
6			13.3			-0.494829
7			13.3			-0.494376

0			13.35			0.494499
1			13.35			0.494253
2			13.35			0.451183
3			13.35			0.384361
4			13.35			-0.384361
5			13.35			-0.451183
6			13.35			-0.494253
7			13.35			-0.494499

0			13.4			0.494629
1			13.4			0.493614
2			13.4			0.452944
3			13.4			0.38762
4			13.4			-0.38762
5			13.4			-0.452944
6			13.4			-0.493614
7			13.4			-0.494629

0			13.45			0.494762
1			13.45			0.492924
2			13.45			0.454848
3			13.45			0.390692
4			13.45			-0.390692
5			13.45			-0.454848
6			13.45			-0.492924
7			13.45			-0.494762

0			13.5			0.494897
1			13.5			0.49219
2			13.5			0.456872
3			13.5			0.393601
4			13.5			-0.393601
5			13.5			-0.456872
6			13.5			-0.49219
7			13.5			-0.494897

0			13.55			0.495029
1			13.55			0.491424
2			13.55			0.45899
3			13.55			0.396377
4			13.55			-0.396377
5			13.55			-0.45899
6			13.55			-0.491424
7			13.55			-0.495029

0			13.6			0.495157
1			13.6			0.490635
2			13.6			0.461175
3			13.6			0.399049
4			13.6			-0.399049
5			13.6			-0.461175
6			13.6			-0.490635
7			13.6			-0.495157

0			13.65			0.495278
1			13.65			0.489833
2			13.65			0.463401
3			13.65			0.401648
4			13.65			-0.401648
5			13.65			-0.463401
6			13.65			-0.489833
7			13.65			-0.495278

0			13.7			0.495389
1			13.7			0.489029
2			13.7			0.465642
3			13.7			0.404204
4			13.7			-0.404204
5			13.7			-0.465642
6			13.7			-0.489029
7			13.7			-0.495389

0			13.75			0.495488
1			13.75			0.488232
2			13.75			0.467871
3			13.75			0.406747
4			13.75			-0.406747
5			13.75			-0.467871
6			13.75			-0.488232
7			13.75			-0.495488

0			13.8			0.495572
1			13.8			0.487453
2			13.8			0.470063
3			13.8			0.409301
4			13.8			-0.409301
5			13.8			-0.470063
6			13.8			-0.487453
7			13.8			-0.495572

0			13.85			0.495638
1			13.85			0.486701
2			13.85			0.472196
3			13.85			0.411889
4			13.85			-0.411889
5			13.85			-0.472196
6			13.85			-0.486701
7			13.85			-0.495638

0			13.9			0.495685
1			13.9			0.485984
2			13.9			0.474247
3			13.9			0.414528
4			13.9			-0.414528
5			13.9			-0.474247
6			13.9			-0.485984
7			13.9			-0.495685

0			13.95			0.495711
1			13.95			0.48531
2			13.95			0.476197
3			13.95			0.417229
4			13.95			-0.417229
5			13.95			-0.476197
6			13.95			-0.48531
7			13.95			-0.495711

0			14			0.495713
1			14			0.484687
2			14			0.47803
3			14			0.419998
4			14			-0.419998
5			14			-0.47803
6			14			-0.484687
7			14			-0.495713

0			14.05			0.49569
1			14.05			0.484119
2			14.05			0.479731
3			14.05			0.422834
4			14.05			-0.422834
5			14.05			-0.479731
6			14.05			-0.484119
7			14.05			-0.49569

0			14.1			0.49564
1			14.1			0.483614
2			14.1			0.481289
3			14.1			0.425729
4			14.1			-0.425729
5			14.1			-0.481289
6			14.1			-0.483614
7			14.1			-0.49564

0			14.15			0.495563
1			14.15			0.483175
2			14.15			0.482695
3			14.15			0.428667
4			14.15			-0.428667
5			14.15			-0.482695
6			14.15			-0.483175
7			14.15			-0.495563

0			14.2			0.495458
1			14.2			0.482805
2			14.2			0.483945
3			14.2			0.431629
4			14.2			-0.431629
5			14.2			-0.483945
6			14.2			-0.482805
7			14.2			-0.495458

0			14.25			0.495325
1			14.25			0.482506
2			14.25			0.485036
3			14.25			0.434586
4			14.25			-0.434586
5			14.25			-0.485036
6			14.25			-0.482506
7			14.25			-0.495325

0			14.3			0.495162
1			14.3			0.48228
2			14.3			0.485969
3			14.3			0.437505
4			14.3			-0.437505
5			14.3			-0.485969
6			14.3			-0.48228
7			14.3			-0.495162

0			14.35			0.49497
1			14.35			0.482126
2			14.35			0.486748
3			14.35			0.440346
4			14.35			-0.440346
5			14.35			-0.486748
6			14.35			-0.482126
7			14.35			-0.49497

0			14.4			0.49475
1			14.4			0.482044
2			14.4			0.487378
3			14.4			0.443068
4			14.4			-0.443068
5			14.4			-0.487378
6			14.4			-0.482044
7			14.4			-0.49475

0			14.45			0.494502
1			14.45			0.482031
2			14.45			0.487869
3			14.45			0.445623
4			14.45			-0.445623
5			14.45			-0.487869
6			14.45			-0.482031
7			14.45			-0.494502

0			14.5			0.494227
1			14.5			0.482085
2			14.5			0.48823
3			14.5			0.447963
4			14.5			-0.447963
5			14.5			-0.48823
6			14.5			-0.482085
7			14.5			-0.494227

0			14.55			0.493927
1			14.55			0.482202
2			14.55			0.488476
3			14.55			0.450039
4			14.55			-0.450039
5			14.55			-0.488476
6			14.55			-0.482202
7			14.55			-0.493927

0			14.6			0.493602
1			14.6			0.482377
2			14.6			0.488618
3			14.6			0.451802
4			14.6			-0.451802
5			14.6			-0.488618
6			14.6			-0.482377
7			14.6			-0.493602

0			14.65			0.493255
1			14.65			0.482606
2			14.65			0.488673
3			14.65			0.453202
4			14.65			-0.453202
5			14.65			-0.488673
6			14.65			-0.482606
7			14.65			-0.493255

0			14.7			0.492887
1			14.7			0.482883
2			14.7			0.488655
3			14.7			0.454196
4			14.7			-0.454196
5			14.7			-0.488655
6			14.7			-0.482883
7			14.7			-0.492887

0			14.75			0.492501
1			14.75			0.483201
2			14.75			0.488581
3			14.75			0.454741
4			14.75			-0.454741
5			14.75			-0.488581
6			14.75			-0.483201
7			14.75			-0.492501

0			14.8			0.492099
1			14.8			0.483554
2			14.8			0.488466
3			14.8			0.454802
4			14.8			-0.454802
5			14.8			-0.488466
6			14.8			-0.483554
7			14.8			-0.492099

0			14.85			0.491683
1			14.85			0.483937
2			14.85			0.488325
3			14.85			0.45435
4			14.85			-0.45435
5			14.85			-0.488325
6			14.85			-0.483937
7			14.85			-0.491683

0			14.9			0.491255
1			14.9			0.484341
2			14.9			0.488172
3			14.9			0.453361
4			14.9			-0.453361
5			14.9			-0.488172
6			14.9			-0.484341
7			14.9			-0.491255

0			14.95			0.490819
1			14.95			0.484761
2			14.95			0.48802
3			14.95			0.451823
4			14.95			-0.451823
5			14.95			-0.48802
6			14.95			-0.484761
7			14.95			-0.490819

0			15			0.490377
1			15			0.48519
2			15			0.487879
3			15			0.449729
4			15			-0.449729
5			15			-0.487879
6			15			-0.48519
7			15			-0.490377

0			15.05			0.489931
1			15.05			0.485621
2			15.05			0.487761
3			15.05			0.447083
4			15.05			-0.447083
5			15.05			-0.487761
6			15.05			-0.485621
7			15.05			-0.489931

0			15.1			0.489484
1			15.1			0.48605
2			15.1			0.48767
3			15.1			0.443901
4			15.1			-0.443901
5			15.1			-0.48767
6			15.1			-0.48605
7			15.1			-0.489484

0			15.15			0.489039
1			15.15			0.48647
2			15.15			0.487614
3			15.15			0.440205
4			15.15			-0.440205
5			15.15			-0.487614
6			15.15			-0.48647
7			15.15			-0.489039

0			15.2			0.488599
1			15.2			0.486876
2			15.2			0.487594
3			15.2			0.436029
4			15.2			-0.436029
5			15.2			-0.487594
6			15.2			-0.486876
7			15.2			-0.488599

0			15.25			0.488166
1			15.25			0.487264
2			15.25			0.487611
3			15.25			0.431416
4			15.25			-0.431416
5			15.25			-0.487611
6			15.25			-0.487264
7			15.25			-0.488166

0			15.3			0.487741
1			15.3			0.487631
2			15.3			0.487663
3			15.3			0.426419
4			15.3			-0.426419
5			15.3			-0.487663
6			15.3			-0.487631
7			15.3			-0.487741

0			15.35			0.487329
1			15.35			0.487972
2			15.35			0.487745
3			15.35			0.421097
4			15.35			-0.421097
5			15.35			-0.487745
6			15.35			-0.487972
7			15.35			-0.487329

0			15.4			0.486929
1			15.4			0.488287
2			15.4			0.487852
3			15.4			0.415518
4			15.4			-0.415518
5			15.4			-0.487852
6			15.4			-0.488287
7			15.4			-0.486929

0			15.45			0.486546
1			15.45			0.488572
2			15.45			0.487974
3			15.45			0.409757
4			15.45			-0.409757
5			15.45			-0.487974
6			15.45			-0.488572
7			15.45			-0.486546

0			15.5			0.486179
1			15.5			0.488827
2			15.5			0.488101
3			15.5			0.403891
4			15.5			-0.403891
5			15.5			-0.488101
6			15.5			-0.488827
7			15.5			-0.486179

0			15.55			0.485832
1			15.55			0.489051
2			15.55			0.488222
3			15.55			0.398004
4			15.55			-0.398004
5			15.55			-0.488222
6			15.55			-0.489051
7			15.55			-0.485832

0			15.6			0.485504
1			15.6			0.489245
2			15.6			0.488324
3			15.6			0.392181
4			15.6			-0.392181
5			15.6			-0.488324
6			15.6			-0.489245
7			15.6			-0.485504

0			15.65			0.485199
1			15.65			0.48941
2			15.65			0.488392
3			15.65			0.386506
4			15.65			-0.386506
5			15.65			-0.488392
6			15.65			-0.48941
7			15.65			-0.485199

0			15.7			0.484915
1			15.7			0.489547
2			15.7			0.488413
3			15.7			0.381063
4			15.7			-0.381063
5			15.7			-0.488413
6			15.7			-0.489547
7			15.7			-0.484915

0			15.75			0.484655
1			15.75			0.489657
2			15.75			0.488372
3			15.75			0.375935
4			15.75			-0.375935
5			15.75			-0.488372
6			15.75			-0.489657
7			15.75			-0.484655

0			15.8			0.484418
1			15.8			0.489745
2			15.8			0.488255
3			15.8			0.371198
4			15.8			-0.371198
5			15.8			-0.488255
6			15.8			-0.489745
7			15.8			-0.484418

0			15.85			0.484205
1			15.85			0.489811
2			15.85			0.488049
3			15.85			0.366924
4			15.85			-0.366924
5			15.85			-0.488049
6			15.85			-0.489811
7			15.85			-0.484205

0			15.9			0.484017
1			15.9			0.48986
2			15.9			0.487741
3			15.9			0.363176
4			15.9			-0.363176
5			15.9			-0.487741
6			15.9			-0.48986
7			15.9			-0.484017

0			15.95			0.483853
1			15.95			0.489894
2			15.95			0.48732
3			15.95			0.36001
4			15.95			-0.36001
5			15.95			-0.48732
6			15.95			-0.489894
7			15.95			-0.483853

