0.05			-0.576248
0.0833333			-0.575097
0.116667			-0.573306
0.15			-0.57144
0.183333			-0.56956
0.216667			-0.567498
0.25			-0.565048
0.283333			-0.562034
0.316667			-0.558328
0.35			-0.553856
0.383333			-0.548595
0.416667			-0.54256
0.45			-0.535801
0.483333			-0.528393
0.516667			-0.520423
0.55			-0.511988
0.583333			-0.503184
0.616667			-0.494105
0.65			-0.484841
0.683333			-0.47547
0.716667			-0.466064
0.75			-0.456682
0.783333			-0.447378
0.816667			-0.438193
0.85			-0.429162
0.883333			-0.420314
0.916667			-0.411668
0.95			-0.403242
0.983333			-0.395045
1.01667			-0.387085
1.05			-0.379366
1.08333			-0.37189
1.11667			-0.364654
1.15			-0.357658
1.18333			-0.350897
1.21667			-0.344366
1.25			-0.338059
1.28333			-0.33197
1.31667			-0.326092
1.35			-0.320419
1.38333			-0.314942
1.41667			-0.309656
1.45			-0.304552
1.48333			-0.299625
1.51667			-0.294866
1.55			-0.290269
1.58333			-0.285828
1.61667			-0.281536
1.65			-0.277387
1.68333			-0.273376
1.71667			-0.269496
1.75			-0.265741
1.78333			-0.262108
1.81667			-0.25859
1.85			-0.255183
1.88333			-0.251883
1.91667			-0.248684
1.95			-0.245583
1.98333			-0.242576
2.01667			-0.239659
2.05			-0.236829
2.08333			-0.234081
2.11667			-0.231413
2.15			-0.228821
2.18333			-0.226303
2.21667			-0.223855
2.25			-0.221476
2.28333			-0.219161
2.31667			-0.21691
2.35			-0.214718
2.38333			-0.212585
2.41667			-0.210508
2.45			-0.208485
2.48333			-0.206514
2.51667			-0.204593
2.55			-0.20272
2.58333			-0.200894
2.61667			-0.199113
2.65			-0.197375
2.68333			-0.195679
2.71667			-0.194024
2.75			-0.192408
2.78333			-0.190829
2.81667			-0.189287
2.85			-0.187781
2.88333			-0.186308
2.91667			-0.184869
2.95			-0.183462
2.98333			-0.182085
3.01667			-0.180739
3.05			-0.179422
3.08333			-0.178133
3.11667			-0.176871
3.15			-0.175635
3.18333			-0.174426
3.21667			-0.173241
3.25			-0.17208
3.28333			-0.170943
3.31667			-0.169828
3.35			-0.168736
3.38333			-0.167665
3.41667			-0.166615
3.45			-0.165586
3.48333			-0.164576
3.51667			-0.163585
3.55			-0.162612
3.58333			-0.161658
3.61667			-0.160722
3.65			-0.159802
3.68333			-0.1589
3.71667			-0.158013
3.75			-0.157143
3.78333			-0.156288
3.81667			-0.155448
3.85			-0.154622
3.88333			-0.153811
3.91667			-0.153014
3.95			-0.15223
3.98333			-0.151459
4.01667			-0.150702
4.05			-0.149957
4.08333			-0.149224
4.11667			-0.148503
4.15			-0.147794
4.18333			-0.147096
4.21667			-0.14641
4.25			-0.145734
4.28333			-0.145069
4.31667			-0.144415
4.35			-0.14377
4.38333			-0.143136
4.41667			-0.142511
4.45			-0.141895
4.48333			-0.141289
4.51667			-0.140692
4.55			-0.140104
4.58333			-0.139524
4.61667			-0.138953
4.65			-0.138391
4.68333			-0.137836
4.71667			-0.137289
4.75			-0.13675
4.78333			-0.136219
4.81667			-0.135695
4.85			-0.135179
4.88333			-0.134669
4.91667			-0.134167
4.95			-0.133671
4.98333			-0.133183
5.01667			-0.132701
5.05			-0.132225
5.08333			-0.131755
5.11667			-0.131292
5.15			-0.130835
5.18333			-0.130384
5.21667			-0.129939
5.25			-0.129499
5.28333			-0.129066
5.31667			-0.128637
5.35			-0.128214
5.38333			-0.127797
5.41667			-0.127384
5.45			-0.126977
5.48333			-0.126575
5.51667			-0.126178
5.55			-0.125785
5.58333			-0.125398
5.61667			-0.125015
5.65			-0.124636
5.68333			-0.124263
5.71667			-0.123893
5.75			-0.123528
5.78333			-0.123167
5.81667			-0.122811
5.85			-0.122458
5.88333			-0.12211
5.91667			-0.121766
5.95			-0.121425
5.98333			-0.121089
6.01667			-0.120756
6.05			-0.120427
6.08333			-0.120101
6.11667			-0.119779
6.15			-0.119461
6.18333			-0.119147
6.21667			-0.118835
6.25			-0.118527
6.28333			-0.118223
6.31667			-0.117921
6.35			-0.117623
6.38333			-0.117328
6.41667			-0.117036
6.45			-0.116748
6.48333			-0.116462
6.51667			-0.116179
6.55			-0.115899
6.58333			-0.115622
6.61667			-0.115348
6.65			-0.115077
6.68333			-0.114808
6.71667			-0.114543
6.75			-0.114279
6.78333			-0.114019
6.81667			-0.113761
6.85			-0.113506
6.88333			-0.113253
6.91667			-0.113002
6.95			-0.112754
6.98333			-0.112509
7.01667			-0.112266
7.05			-0.112025
7.08333			-0.111786
7.11667			-0.11155
7.15			-0.111316
7.18333			-0.111084
7.21667			-0.110855
7.25			-0.110627
7.28333			-0.110402
7.31667			-0.110179
7.35			-0.109958
7.38333			-0.109738
7.41667			-0.109521
7.45			-0.109306
7.48333			-0.109093
7.51667			-0.108882
7.55			-0.108672
7.58333			-0.108465
7.61667			-0.108259
7.65			-0.108055
7.68333			-0.107853
7.71667			-0.107653
7.75			-0.107454
7.78333			-0.107257
7.81667			-0.107062
7.85			-0.106869
7.88333			-0.106677
7.91667			-0.106487
7.95			-0.106299
7.98333			-0.106112
8.01667			-0.105927
8.05			-0.105743
8.08333			-0.105561
8.11667			-0.10538
8.15			-0.105201
8.18333			-0.105023
8.21667			-0.104847
8.25			-0.104672
8.28333			-0.104499
8.31667			-0.104327
8.35			-0.104156
8.38333			-0.103987
8.41667			-0.10382
8.45			-0.103653
8.48333			-0.103488
8.51667			-0.103324
8.55			-0.103162
8.58333			-0.103001
8.61667			-0.102841
8.65			-0.102682
8.68333			-0.102524
8.71667			-0.102368
8.75			-0.102213
8.78333			-0.102059
8.81667			-0.101907
8.85			-0.101755
8.88333			-0.101605
8.91667			-0.101456
8.95			-0.101308
8.98333			-0.101161
9.01667			-0.101015
9.05			-0.10087
9.08333			-0.100727
9.11667			-0.100584
9.15			-0.100443
9.18333			-0.100302
9.21667			-0.100163
9.25			-0.100024
9.28333			-0.099887
9.31667			-0.0997506
9.35			-0.0996152
9.38333			-0.0994808
9.41667			-0.0993473
9.45			-0.0992148
9.48333			-0.0990832
9.51667			-0.0989526
9.55			-0.0988229
9.58333			-0.0986941
9.61667			-0.0985662
9.65			-0.0984393
9.68333			-0.0983132
9.71667			-0.098188
9.75			-0.0980636
9.78333			-0.0979401
9.81667			-0.0978175
9.85			-0.0976957
9.88333			-0.0975748
9.91667			-0.0974547
9.95			-0.0973354
9.98333			-0.0972169
10.0167			-0.0970992
10.05			-0.0969823
10.0833			-0.0968661
10.1167			-0.0967508
10.15			-0.0966362
10.1833			-0.0965224
10.2167			-0.0964094
10.25			-0.0962971
10.2833			-0.0961855
10.3167			-0.0960747
10.35			-0.0959646
10.3833			-0.0958552
10.4167			-0.0957465
10.45			-0.0956385
10.4833			-0.0955312
10.5167			-0.0954247
10.55			-0.0953188
10.5833			-0.0952135
10.6167			-0.095109
10.65			-0.0950051
10.6833			-0.0949019
10.7167			-0.0947993
10.75			-0.0946973
10.7833			-0.094596
10.8167			-0.0944954
10.85			-0.0943954
10.8833			-0.0942959
10.9167			-0.0941971
10.95			-0.094099
10.9833			-0.0940014
11.0167			-0.0939044
11.05			-0.093808
11.0833			-0.0937122
11.1167			-0.093617
11.15			-0.0935224
11.1833			-0.0934283
11.2167			-0.0933348
11.25			-0.0932419
11.2833			-0.0931495
11.3167			-0.0930577
11.35			-0.0929664
11.3833			-0.0928757
11.4167			-0.0927855
11.45			-0.0926958
11.4833			-0.0926067
11.5167			-0.0925181
11.55			-0.09243
11.5833			-0.0923424
11.6167			-0.0922554
11.65			-0.0921688
11.6833			-0.0920827
11.7167			-0.0919972
11.75			-0.0919121
11.7833			-0.0918275
11.8167			-0.0917434
11.85			-0.0916598
11.8833			-0.0915767
11.9167			-0.091494
11.95			-0.0914118
11.9833			-0.0913301
12.0167			-0.0912488
12.05			-0.091168
12.0833			-0.0910876
12.1167			-0.0910077
12.15			-0.0909282
12.1833			-0.0908492
12.2167			-0.0907706
12.25			-0.0906924
12.2833			-0.0906147
12.3167			-0.0905373
12.35			-0.0904605
12.3833			-0.090384
12.4167			-0.090308
12.45			-0.0902323
12.4833			-0.0901571
12.5167			-0.0900823
12.55			-0.0900079
12.5833			-0.0899338
12.6167			-0.0898602
12.65			-0.089787
12.6833			-0.0897142
12.7167			-0.0896417
12.75			-0.0895697
12.7833			-0.089498
12.8167			-0.0894267
12.85			-0.0893557
12.8833			-0.0892852
12.9167			-0.089215
12.95			-0.0891452
12.9833			-0.0890757
13.0167			-0.0890066
13.05			-0.0889379
13.0833			-0.0888695
13.1167			-0.0888014
13.15			-0.0887338
13.1833			-0.0886664
13.2167			-0.0885994
13.25			-0.0885328
13.2833			-0.0884665
13.3167			-0.0884005
13.35			-0.0883349
13.3833			-0.0882695
13.4167			-0.0882046
13.45			-0.0881399
13.4833			-0.0880756
13.5167			-0.0880116
13.55			-0.0879479
13.5833			-0.0878845
13.6167			-0.0878214
13.65			-0.0877587
13.6833			-0.0876963
13.7167			-0.0876341
13.75			-0.0875723
13.7833			-0.0875108
13.8167			-0.0874496
13.85			-0.0873886
13.8833			-0.087328
13.9167			-0.0872677
13.95			-0.0872077
13.9833			-0.0871479
14.0167			-0.0870884
14.05			-0.0870293
14.0833			-0.0869704
14.1167			-0.0869118
14.15			-0.0868534
14.1833			-0.0867954
14.2167			-0.0867376
14.25			-0.0866801
14.2833			-0.0866229
14.3167			-0.0865659
14.35			-0.0865092
14.3833			-0.0864528
14.4167			-0.0863966
14.45			-0.0863407
14.4833			-0.0862851
14.5167			-0.0862297
14.55			-0.0861746
14.5833			-0.0861197
14.6167			-0.0860651
14.65			-0.0860107
14.6833			-0.0859566
14.7167			-0.0859028
14.75			-0.0858491
14.7833			-0.0857958
14.8167			-0.0857426
14.85			-0.0856897
14.8833			-0.0856371
14.9167			-0.0855847
14.95			-0.0855325
14.9833			-0.0854806
15.0167			-0.0854289
15.05			-0.0853774
15.0833			-0.0853261
15.1167			-0.0852751
15.15			-0.0852243
15.1833			-0.0851738
15.2167			-0.0851234
15.25			-0.0850733
15.2833			-0.0850234
15.3167			-0.0849737
15.35			-0.0849243
15.3833			-0.0848751
15.4167			-0.084826
15.45			-0.0847772
15.4833			-0.0847286
15.5167			-0.0846802
15.55			-0.0846321
15.5833			-0.0845841
15.6167			-0.0845363
15.65			-0.0844888
15.6833			-0.0844414
15.7167			-0.0843943
15.75			-0.0843473
15.7833			-0.0843006
15.8167			-0.0842541
15.85			-0.0842077
15.8833			-0.0841616
15.9167			-0.0841156
15.95			-0.0840699
15.9833			-0.0840243
16.0167			-0.0839789
16.05			-0.0839337
16.0833			-0.0838887
16.1167			-0.0838439
16.15			-0.0837993
16.1833			-0.0837549
16.2167			-0.0837106
16.25			-0.0836666
16.2833			-0.0836227
16.3167			-0.083579
16.35			-0.0835355
16.3833			-0.0834921
16.4167			-0.083449
16.45			-0.083406
16.4833			-0.0833632
16.5167			-0.0833205
16.55			-0.0832781
16.5833			-0.0832358
16.6167			-0.0831937
16.65			-0.0831517
16.6833			-0.08311
16.7167			-0.0830683
16.75			-0.0830269
16.7833			-0.0829856
16.8167			-0.0829445
16.85			-0.0829036
16.8833			-0.0828628
16.9167			-0.0828222
16.95			-0.0827817
16.9833			-0.0827414
17.0167			-0.0827013
17.05			-0.0826613
17.0833			-0.0826215
17.1167			-0.0825818
17.15			-0.0825423
17.1833			-0.082503
17.2167			-0.0824638
17.25			-0.0824247
17.2833			-0.0823858
17.3167			-0.0823471
17.35			-0.0823085
17.3833			-0.0822701
17.4167			-0.0822318
17.45			-0.0821936
17.4833			-0.0821556
17.5167			-0.0821178
17.55			-0.0820801
17.5833			-0.0820425
17.6167			-0.0820051
17.65			-0.0819678
17.6833			-0.0819307
17.7167			-0.0818937
17.75			-0.0818568
17.7833			-0.0818201
17.8167			-0.0817836
17.85			-0.0817471
17.8833			-0.0817108
17.9167			-0.0816747
17.95			-0.0816387
17.9833			-0.0816028
18.0167			-0.081567
18.05			-0.0815314
18.0833			-0.0814959
18.1167			-0.0814605
18.15			-0.0814253
18.1833			-0.0813902
18.2167			-0.0813553
18.25			-0.0813204
18.2833			-0.0812857
18.3167			-0.0812511
18.35			-0.0812167
18.3833			-0.0811824
18.4167			-0.0811481
18.45			-0.0811141
18.4833			-0.0810801
18.5167			-0.0810463
18.55			-0.0810126
18.5833			-0.080979
18.6167			-0.0809455
18.65			-0.0809122
18.6833			-0.080879
18.7167			-0.0808459
18.75			-0.0808129
18.7833			-0.08078
18.8167			-0.0807473
18.85			-0.0807147
18.8833			-0.0806821
18.9167			-0.0806497
18.95			-0.0806175
18.9833			-0.0805853
19.0167			-0.0805532
19.05			-0.0805213
19.0833			-0.0804895
19.1167			-0.0804578
19.15			-0.0804262
19.1833			-0.0803947
19.2167			-0.0803633
19.25			-0.080332
19.2833			-0.0803008
19.3167			-0.0802698
19.35			-0.0802388
19.3833			-0.080208
19.4167			-0.0801773
19.45			-0.0801466
19.4833			-0.0801161
19.5167			-0.0800857
19.55			-0.0800554
19.5833			-0.0800252
19.6167			-0.0799951
19.65			-0.0799651
19.6833			-0.0799352
19.7167			-0.0799054
19.75			-0.0798757
19.7833			-0.0798461
19.8167			-0.0798166
19.85			-0.0797872
19.8833			-0.0797579
19.9167			-0.0797288
19.95			-0.0796997
19.9833			-0.0796707
20.0167			-0.0796418
20.05			-0.079613
20.0833			-0.0795843
20.1167			-0.0795557
20.15			-0.0795271
20.1833			-0.0794987
20.2167			-0.0794704
20.25			-0.0794422
20.2833			-0.079414
20.3167			-0.079386
20.35			-0.079358
20.3833			-0.0793302
20.4167			-0.0793024
20.45			-0.0792748
20.4833			-0.0792472
20.5167			-0.0792197
20.55			-0.0791923
20.5833			-0.079165
20.6167			-0.0791377
20.65			-0.0791106
20.6833			-0.0790836
20.7167			-0.0790566
20.75			-0.0790297
20.7833			-0.0790029
20.8167			-0.0789762
20.85			-0.0789496
20.8833			-0.0789231
20.9167			-0.0788967
20.95			-0.0788703
20.9833			-0.078844
21.0167			-0.0788179
21.05			-0.0787918
21.0833			-0.0787657
21.1167			-0.0787398
21.15			-0.0787139
21.1833			-0.0786882
21.2167			-0.0786625
21.25			-0.0786369
21.2833			-0.0786113
21.3167			-0.0785859
21.35			-0.0785605
21.3833			-0.0785352
21.4167			-0.07851
21.45			-0.0784849
21.4833			-0.0784599
21.5167			-0.0784349
21.55			-0.07841
21.5833			-0.0783852
21.6167			-0.0783604
21.65			-0.0783358
21.6833			-0.0783112
21.7167			-0.0782867
21.75			-0.0782623
21.7833			-0.0782379
21.8167			-0.0782136
21.85			-0.0781894
21.8833			-0.0781653
21.9167			-0.0781412
21.95			-0.0781172
21.9833			-0.0780933
22.0167			-0.0780695
22.05			-0.0780457
22.0833			-0.078022
22.1167			-0.0779984
22.15			-0.0779748
22.1833			-0.0779514
22.2167			-0.077928
22.25			-0.0779046
22.2833			-0.0778814
22.3167			-0.0778582
22.35			-0.077835
22.3833			-0.077812
22.4167			-0.077789
22.45			-0.0777661
22.4833			-0.0777432
22.5167			-0.0777204
22.55			-0.0776977
22.5833			-0.0776751
22.6167			-0.0776525
22.65			-0.07763
22.6833			-0.0776075
22.7167			-0.0775852
22.75			-0.0775628
22.7833			-0.0775406
22.8167			-0.0775184
22.85			-0.0774963
22.8833			-0.0774743
22.9167			-0.0774523
22.95			-0.0774303
22.9833			-0.0774085
23.0167			-0.0773867
23.05			-0.077365
23.0833			-0.0773433
23.1167			-0.0773217
23.15			-0.0773002
23.1833			-0.0772787
23.2167			-0.0772573
23.25			-0.0772359
23.2833			-0.0772146
23.3167			-0.0771934
23.35			-0.0771722
23.3833			-0.0771511
23.4167			-0.0771301
23.45			-0.0771091
23.4833			-0.0770881
23.5167			-0.0770673
23.55			-0.0770465
23.5833			-0.0770257
23.6167			-0.077005
23.65			-0.0769844
23.6833			-0.0769638
23.7167			-0.0769433
23.75			-0.0769228
23.7833			-0.0769024
23.8167			-0.0768821
23.85			-0.0768618
23.8833			-0.0768416
23.9167			-0.0768214
23.95			-0.0768013
23.9833			-0.0767813
24.0167			-0.0767613
24.05			-0.0767413
24.0833			-0.0767214
24.1167			-0.0767016
24.15			-0.0766818
24.1833			-0.0766621
24.2167			-0.0766424
24.25			-0.0766228
24.2833			-0.0766032
24.3167			-0.0765837
24.35			-0.0765643
24.3833			-0.0765449
24.4167			-0.0765255
24.45			-0.0765063
24.4833			-0.076487
24.5167			-0.0764678
24.55			-0.0764487
24.5833			-0.0764296
24.6167			-0.0764106
24.65			-0.0763916
24.6833			-0.0763727
24.7167			-0.0763538
24.75			-0.076335
24.7833			-0.0763162
24.8167			-0.0762975
24.85			-0.0762788
24.8833			-0.0762602
24.9167			-0.0762416
24.95			-0.0762231
24.9833			-0.0762047
25.0167			-0.0761862
25.05			-0.0761679
25.0833			-0.0761495
25.1167			-0.0761313
25.15			-0.076113
25.1833			-0.0760949
25.2167			-0.0760767
25.25			-0.0760587
25.2833			-0.0760406
25.3167			-0.0760227
25.35			-0.0760047
25.3833			-0.0759868
25.4167			-0.075969
25.45			-0.0759512
25.4833			-0.0759335
25.5167			-0.0759158
25.55			-0.0758981
25.5833			-0.0758805
25.6167			-0.0758629
25.65			-0.0758454
25.6833			-0.075828
25.7167			-0.0758105
25.75			-0.0757932
25.7833			-0.0757758
25.8167			-0.0757585
25.85			-0.0757413
25.8833			-0.0757241
25.9167			-0.075707
25.95			-0.0756898
25.9833			-0.0756728
26.0167			-0.0756558
26.05			-0.0756388
26.0833			-0.0756219
26.1167			-0.075605
26.15			-0.0755881
26.1833			-0.0755713
26.2167			-0.0755546
26.25			-0.0755379
26.2833			-0.0755212
26.3167			-0.0755046
26.35			-0.075488
26.3833			-0.0754714
26.4167			-0.0754549
26.45			-0.0754385
26.4833			-0.075422
26.5167			-0.0754057
26.55			-0.0753893
26.5833			-0.075373
26.6167			-0.0753568
26.65			-0.0753406
26.6833			-0.0753244
26.7167			-0.0753083
26.75			-0.0752922
26.7833			-0.0752761
26.8167			-0.0752601
26.85			-0.0752441
26.8833			-0.0752282
26.9167			-0.0752123
26.95			-0.0751965
26.9833			-0.0751806
27.0167			-0.0751649
27.05			-0.0751491
27.0833			-0.0751334
27.1167			-0.0751178
27.15			-0.0751022
27.1833			-0.0750866
27.2167			-0.0750711
27.25			-0.0750556
27.2833			-0.0750401
27.3167			-0.0750247
27.35			-0.0750093
27.3833			-0.0749939
27.4167			-0.0749786
27.45			-0.0749633
27.4833			-0.0749481
27.5167			-0.0749329
27.55			-0.0749177
27.5833			-0.0749026
27.6167			-0.0748875
27.65			-0.0748725
27.6833			-0.0748575
27.7167			-0.0748425
27.75			-0.0748275
27.7833			-0.0748126
27.8167			-0.0747978
27.85			-0.0747829
27.8833			-0.0747681
27.9167			-0.0747534
27.95			-0.0747386
27.9833			-0.0747239
28.0167			-0.0747093
28.05			-0.0746947
28.0833			-0.0746801
28.1167			-0.0746655
28.15			-0.074651
28.1833			-0.0746365
28.2167			-0.0746221
28.25			-0.0746077
28.2833			-0.0745933
28.3167			-0.0745789
28.35			-0.0745646
28.3833			-0.0745503
28.4167			-0.0745361
28.45			-0.0745219
28.4833			-0.0745077
28.5167			-0.0744936
28.55			-0.0744794
28.5833			-0.0744654
28.6167			-0.0744513
28.65			-0.0744373
28.6833			-0.0744233
28.7167			-0.0744094
28.75			-0.0743955
28.7833			-0.0743816
28.8167			-0.0743677
28.85			-0.0743539
28.8833			-0.0743401
28.9167			-0.0743264
28.95			-0.0743127
28.9833			-0.074299
29.0167			-0.0742853
29.05			-0.0742717
29.0833			-0.0742581
29.1167			-0.0742445
29.15			-0.074231
29.1833			-0.0742175
29.2167			-0.074204
29.25			-0.0741906
29.2833			-0.0741772
29.3167			-0.0741638
29.35			-0.0741505
29.3833			-0.0741372
29.4167			-0.0741239
29.45			-0.0741106
29.4833			-0.0740974
29.5167			-0.0740842
29.55			-0.074071
29.5833			-0.0740579
29.6167			-0.0740448
29.65			-0.0740317
29.6833			-0.0740187
29.7167			-0.0740056
29.75			-0.0739927
29.7833			-0.0739797
29.8167			-0.0739668
29.85			-0.0739539
29.8833			-0.073941
29.9167			-0.0739282
29.95			-0.0739153
29.9833			-0.0739026
30.0167			-0.0738898
30.05			-0.0738771
30.0833			-0.0738644
30.1167			-0.0738517
30.15			-0.0738391
30.1833			-0.0738265
30.2167			-0.0738139
30.25			-0.0738013
30.2833			-0.0737888
30.3167			-0.0737763
30.35			-0.0737638
30.3833			-0.0737514
30.4167			-0.0737389
30.45			-0.0737265
30.4833			-0.0737142
30.5167			-0.0737018
30.55			-0.0736895
30.5833			-0.0736772
30.6167			-0.073665
30.65			-0.0736528
30.6833			-0.0736406
30.7167			-0.0736284
30.75			-0.0736162
30.7833			-0.0736041
30.8167			-0.073592
30.85			-0.0735799
30.8833			-0.0735679
30.9167			-0.0735559
30.95			-0.0735439
30.9833			-0.0735319
31.0167			-0.07352
31.05			-0.0735081
31.0833			-0.0734962
31.1167			-0.0734843
31.15			-0.0734725
31.1833			-0.0734607
31.2167			-0.0734489
31.25			-0.0734371
31.2833			-0.0734254
31.3167			-0.0734137
31.35			-0.073402
31.3833			-0.0733903
31.4167			-0.0733787
31.45			-0.0733671
31.4833			-0.0733555
31.5167			-0.0733439
31.55			-0.0733324
31.5833			-0.0733209
31.6167			-0.0733094
31.65			-0.0732979
31.6833			-0.0732865
31.7167			-0.0732751
31.75			-0.0732637
31.7833			-0.0732523
31.8167			-0.073241
31.85			-0.0732296
31.8833			-0.0732183
31.9167			-0.0732071
31.95			-0.0731958
31.9833			-0.0731846
32.0167			-0.0731734
32.05			-0.0731622
32.0833			-0.0731511
32.1167			-0.0731399
32.15			-0.0731288
32.1833			-0.0731177
32.2167			-0.0731067
32.25			-0.0730956
32.2833			-0.0730846
32.3167			-0.0730736
32.35			-0.0730627
32.3833			-0.0730517
32.4167			-0.0730408
32.45			-0.0730299
32.4833			-0.073019
32.5167			-0.0730081
32.55			-0.0729973
32.5833			-0.0729865
32.6167			-0.0729757
32.65			-0.0729649
32.6833			-0.0729542
32.7167			-0.0729435
32.75			-0.0729328
32.7833			-0.0729221
32.8167			-0.0729114
32.85			-0.0729008
32.8833			-0.0728902
32.9167			-0.0728796
32.95			-0.072869
32.9833			-0.0728585
33.0167			-0.0728479
33.05			-0.0728374
33.0833			-0.072827
33.1167			-0.0728165
33.15			-0.072806
33.1833			-0.0727956
33.2167			-0.0727852
33.25			-0.0727748
33.2833			-0.0727645
33.3167			-0.0727541
33.35			-0.0727438
33.3833			-0.0727335
33.4167			-0.0727233
33.45			-0.072713
33.4833			-0.0727028
33.5167			-0.0726925
33.55			-0.0726824
33.5833			-0.0726722
33.6167			-0.072662
33.65			-0.0726519
33.6833			-0.0726418
33.7167			-0.0726317
33.75			-0.0726216
33.7833			-0.0726116
33.8167			-0.0726015
33.85			-0.0725915
33.8833			-0.0725815
33.9167			-0.0725716
33.95			-0.0725616
33.9833			-0.0725517
34.0167			-0.0725418
34.05			-0.0725319
34.0833			-0.072522
34.1167			-0.0725121
34.15			-0.0725023
34.1833			-0.0724925
34.2167			-0.0724827
34.25			-0.0724729
34.2833			-0.0724631
34.3167			-0.0724534
34.35			-0.0724437
34.3833			-0.072434
34.4167			-0.0724243
34.45			-0.0724146
34.4833			-0.072405
34.5167			-0.0723953
34.55			-0.0723857
34.5833			-0.0723761
34.6167			-0.0723666
34.65			-0.072357
34.6833			-0.0723475
34.7167			-0.072338
34.75			-0.0723285
34.7833			-0.072319
34.8167			-0.0723095
34.85			-0.0723001
34.8833			-0.0722907
34.9167			-0.0722813
34.95			-0.0722719
34.9833			-0.0722625
35.0167			-0.0722532
35.05			-0.0722438
35.0833			-0.0722345
35.1167			-0.0722252
35.15			-0.0722159
35.1833			-0.0722067
35.2167			-0.0721974
35.25			-0.0721882
35.2833			-0.072179
35.3167			-0.0721698
35.35			-0.0721606
35.3833			-0.0721514
35.4167			-0.0721423
35.45			-0.0721332
35.4833			-0.0721241
35.5167			-0.072115
35.55			-0.0721059
35.5833			-0.0720969
35.6167			-0.0720878
35.65			-0.0720788
35.6833			-0.0720698
35.7167			-0.0720608
35.75			-0.0720518
35.7833			-0.0720429
35.8167			-0.0720339
35.85			-0.072025
35.8833			-0.0720161
35.9167			-0.0720072
35.95			-0.0719984
35.9833			-0.0719895
36.0167			-0.0719807
36.05			-0.0719719
36.0833			-0.0719631
36.1167			-0.0719543
36.15			-0.0719455
36.1833			-0.0719367
36.2167			-0.071928
36.25			-0.0719193
36.2833			-0.0719106
36.3167			-0.0719019
36.35			-0.0718932
36.3833			-0.0718845
36.4167			-0.0718759
36.45			-0.0718673
36.4833			-0.0718587
36.5167			-0.0718501
36.55			-0.0718415
36.5833			-0.0718329
36.6167			-0.0718244
36.65			-0.0718158
36.6833			-0.0718073
36.7167			-0.0717988
36.75			-0.0717903
36.7833			-0.0717819
36.8167			-0.0717734
36.85			-0.071765
36.8833			-0.0717566
36.9167			-0.0717481
36.95			-0.0717397
36.9833			-0.0717314
37.0167			-0.071723
37.05			-0.0717147
37.0833			-0.0717063
37.1167			-0.071698
37.15			-0.0716897
37.1833			-0.0716814
37.2167			-0.0716731
37.25			-0.0716649
37.2833			-0.0716566
37.3167			-0.0716484
37.35			-0.0716402
37.3833			-0.071632
37.4167			-0.0716238
37.45			-0.0716157
37.4833			-0.0716075
37.5167			-0.0715994
37.55			-0.0715912
37.5833			-0.0715831
37.6167			-0.071575
37.65			-0.0715669
37.6833			-0.0715589
37.7167			-0.0715508
37.75			-0.0715428
37.7833			-0.0715348
37.8167			-0.0715267
37.85			-0.0715187
37.8833			-0.0715108
37.9167			-0.0715028
37.95			-0.0714948
37.9833			-0.0714869
38.0167			-0.071479
38.05			-0.0714711
38.0833			-0.0714632
38.1167			-0.0714553
38.15			-0.0714474
38.1833			-0.0714395
38.2167			-0.0714317
38.25			-0.0714239
38.2833			-0.0714161
38.3167			-0.0714083
38.35			-0.0714005
38.3833			-0.0713927
38.4167			-0.0713849
38.45			-0.0713772
38.4833			-0.0713695
38.5167			-0.0713617
38.55			-0.071354
38.5833			-0.0713463
38.6167			-0.0713387
38.65			-0.071331
38.6833			-0.0713233
38.7167			-0.0713157
38.75			-0.0713081
38.7833			-0.0713004
38.8167			-0.0712928
38.85			-0.0712853
38.8833			-0.0712777
38.9167			-0.0712701
38.95			-0.0712626
38.9833			-0.071255
39.0167			-0.0712475
39.05			-0.07124
39.0833			-0.0712325
39.1167			-0.071225
39.15			-0.0712176
39.1833			-0.0712101
39.2167			-0.0712026
39.25			-0.0711952
39.2833			-0.0711878
39.3167			-0.0711804
39.35			-0.071173
39.3833			-0.0711656
39.4167			-0.0711582
39.45			-0.0711509
39.4833			-0.0711435
39.5167			-0.0711362
39.55			-0.0711289
39.5833			-0.0711216
39.6167			-0.0711143
39.65			-0.071107
39.6833			-0.0710997
39.7167			-0.0710925
39.75			-0.0710852
39.7833			-0.071078
39.8167			-0.0710708
39.85			-0.0710636
39.8833			-0.0710564
39.9167			-0.0710492
39.95			-0.071042
39.9833			-0.0710348
40.0167			-0.0710277
40.05			-0.0710206
40.0833			-0.0710134
40.1167			-0.0710063
40.15			-0.0709992
40.1833			-0.0709921
40.2167			-0.070985
40.25			-0.070978
40.2833			-0.0709709
40.3167			-0.0709639
40.35			-0.0709569
40.3833			-0.0709498
40.4167			-0.0709428
40.45			-0.0709358
40.4833			-0.0709288
40.5167			-0.0709219
40.55			-0.0709149
40.5833			-0.070908
40.6167			-0.070901
40.65			-0.0708941
40.6833			-0.0708872
40.7167			-0.0708803
40.75			-0.0708734
40.7833			-0.0708665
40.8167			-0.0708596
40.85			-0.0708528
40.8833			-0.0708459
40.9167			-0.0708391
40.95			-0.0708323
40.9833			-0.0708254
41.0167			-0.0708186
41.05			-0.0708118
41.0833			-0.0708051
41.1167			-0.0707983
41.15			-0.0707915
41.1833			-0.0707848
41.2167			-0.0707781
41.25			-0.0707713
41.2833			-0.0707646
41.3167			-0.0707579
41.35			-0.0707512
41.3833			-0.0707445
41.4167			-0.0707379
41.45			-0.0707312
41.4833			-0.0707246
41.5167			-0.0707179
41.55			-0.0707113
41.5833			-0.0707047
41.6167			-0.0706981
41.65			-0.0706915
41.6833			-0.0706849
41.7167			-0.0706783
41.75			-0.0706717
41.7833			-0.0706652
41.8167			-0.0706586
41.85			-0.0706521
41.8833			-0.0706456
41.9167			-0.0706391
41.95			-0.0706326
41.9833			-0.0706261
42.0167			-0.0706196
42.05			-0.0706131
42.0833			-0.0706067
42.1167			-0.0706002
42.15			-0.0705938
42.1833			-0.0705873
42.2167			-0.0705809
42.25			-0.0705745
42.2833			-0.0705681
42.3167			-0.0705617
42.35			-0.0705553
42.3833			-0.070549
42.4167			-0.0705426
42.45			-0.0705363
42.4833			-0.0705299
42.5167			-0.0705236
42.55			-0.0705173
42.5833			-0.070511
42.6167			-0.0705047
42.65			-0.0704984
42.6833			-0.0704921
42.7167			-0.0704858
42.75			-0.0704796
42.7833			-0.0704733
42.8167			-0.0704671
42.85			-0.0704609
42.8833			-0.0704546
42.9167			-0.0704484
42.95			-0.0704422
42.9833			-0.070436
43.0167			-0.0704298
43.05			-0.0704237
43.0833			-0.0704175
43.1167			-0.0704114
43.15			-0.0704052
43.1833			-0.0703991
43.2167			-0.070393
43.25			-0.0703868
43.2833			-0.0703807
43.3167			-0.0703746
43.35			-0.0703686
43.3833			-0.0703625
43.4167			-0.0703564
43.45			-0.0703504
43.4833			-0.0703443
43.5167			-0.0703383
43.55			-0.0703322
43.5833			-0.0703262
43.6167			-0.0703202
43.65			-0.0703142
43.6833			-0.0703082
43.7167			-0.0703022
43.75			-0.0702962
43.7833			-0.0702903
43.8167			-0.0702843
43.85			-0.0702784
43.8833			-0.0702724
43.9167			-0.0702665
43.95			-0.0702606
43.9833			-0.0702547
44.0167			-0.0702488
44.05			-0.0702429
44.0833			-0.070237
44.1167			-0.0702311
44.15			-0.0702252
44.1833			-0.0702194
44.2167			-0.0702135
44.25			-0.0702077
44.2833			-0.0702019
44.3167			-0.070196
44.35			-0.0701902
44.3833			-0.0701844
44.4167			-0.0701786
44.45			-0.0701728
44.4833			-0.0701671
44.5167			-0.0701613
44.55			-0.0701555
44.5833			-0.0701498
44.6167			-0.070144
44.65			-0.0701383
44.6833			-0.0701326
44.7167			-0.0701269
44.75			-0.0701211
44.7833			-0.0701154
44.8167			-0.0701098
44.85			-0.0701041
44.8833			-0.0700984
44.9167			-0.0700927
44.95			-0.0700871
44.9833			-0.0700814
45.0167			-0.0700758
45.05			-0.0700701
45.0833			-0.0700645
45.1167			-0.0700589
45.15			-0.0700533
45.1833			-0.0700477
45.2167			-0.0700421
45.25			-0.0700365
45.2833			-0.0700309
45.3167			-0.0700254
45.35			-0.0700198
45.3833			-0.0700143
45.4167			-0.0700087
45.45			-0.0700032
45.4833			-0.0699977
45.5167			-0.0699921
45.55			-0.0699866
45.5833			-0.0699811
45.6167			-0.0699756
45.65			-0.0699701
45.6833			-0.0699647
45.7167			-0.0699592
45.75			-0.0699537
45.7833			-0.0699483
45.8167			-0.0699428
45.85			-0.0699374
45.8833			-0.069932
45.9167			-0.0699265
45.95			-0.0699211
45.9833			-0.0699157
46.0167			-0.0699103
46.05			-0.0699049
46.0833			-0.0698996
46.1167			-0.0698942
46.15			-0.0698888
46.1833			-0.0698835
46.2167			-0.0698781
46.25			-0.0698728
46.2833			-0.0698674
46.3167			-0.0698621
46.35			-0.0698568
46.3833			-0.0698515
46.4167			-0.0698462
46.45			-0.0698409
46.4833			-0.0698356
46.5167			-0.0698303
46.55			-0.069825
46.5833			-0.0698197
46.6167			-0.0698145
46.65			-0.0698092
46.6833			-0.069804
46.7167			-0.0697988
46.75			-0.0697935
46.7833			-0.0697883
46.8167			-0.0697831
46.85			-0.0697779
46.8833			-0.0697727
46.9167			-0.0697675
46.95			-0.0697623
46.9833			-0.0697571
47.0167			-0.069752
47.05			-0.0697468
47.0833			-0.0697416
47.1167			-0.0697365
47.15			-0.0697314
47.1833			-0.0697262
47.2167			-0.0697211
47.25			-0.069716
47.2833			-0.0697109
47.3167			-0.0697058
47.35			-0.0697007
47.3833			-0.0696956
47.4167			-0.0696905
47.45			-0.0696854
47.4833			-0.0696803
47.5167			-0.0696753
47.55			-0.0696702
47.5833			-0.0696652
47.6167			-0.0696601
47.65			-0.0696551
47.6833			-0.0696501
47.7167			-0.0696451
47.75			-0.0696401
47.7833			-0.0696351
47.8167			-0.0696301
47.85			-0.0696251
47.8833			-0.0696201
47.9167			-0.0696151
47.95			-0.0696101
47.9833			-0.0696052
48.0167			-0.0696002
48.05			-0.0695953
48.0833			-0.0695903
48.1167			-0.0695854
48.15			-0.0695805
48.1833			-0.0695755
48.2167			-0.0695706
48.25			-0.0695657
48.2833			-0.0695608
48.3167			-0.0695559
48.35			-0.069551
48.3833			-0.0695462
48.4167			-0.0695413
48.45			-0.0695364
48.4833			-0.0695316
48.5167			-0.0695267
48.55			-0.0695219
48.5833			-0.069517
48.6167			-0.0695122
48.65			-0.0695074
48.6833			-0.0695025
48.7167			-0.0694977
48.75			-0.0694929
48.7833			-0.0694881
48.8167			-0.0694833
48.85			-0.0694785
48.8833			-0.0694738
48.9167			-0.069469
48.95			-0.0694642
48.9833			-0.0694594
49.0167			-0.0694547
49.05			-0.0694499
49.0833			-0.0694452
49.1167			-0.0694405
49.15			-0.0694357
49.1833			-0.069431
49.2167			-0.0694263
49.25			-0.0694216
49.2833			-0.0694169
49.3167			-0.0694122
49.35			-0.0694075
49.3833			-0.0694028
49.4167			-0.0693981
49.45			-0.0693935
49.4833			-0.0693888
49.5167			-0.0693841
49.55			-0.0693795
49.5833			-0.0693748
49.6167			-0.0693702
49.65			-0.0693656
49.6833			-0.0693609
49.7167			-0.0693563
49.75			-0.0693517
49.7833			-0.0693471
49.8167			-0.0693425
49.85			-0.0693379
49.8833			-0.0693333
49.9167			-0.0693287
49.95			-0.0693242
49.9833			-0.0693196
50.0167			-0.069315
50.05			-0.0693105
50.0833			-0.0693059
50.1167			-0.0693014
50.15			-0.0692968
50.1833			-0.0692923
50.2167			-0.0692877
50.25			-0.0692832
50.2833			-0.0692787
50.3167			-0.0692742
50.35			-0.0692697
50.3833			-0.0692652
50.4167			-0.0692607
50.45			-0.0692562
50.4833			-0.0692517
50.5167			-0.0692473
50.55			-0.0692428
50.5833			-0.0692383
50.6167			-0.0692339
50.65			-0.0692294
50.6833			-0.069225
50.7167			-0.0692205
50.75			-0.0692161
50.7833			-0.0692117
50.8167			-0.0692072
50.85			-0.0692028
50.8833			-0.0691984
50.9167			-0.069194
50.95			-0.0691896
50.9833			-0.0691852
51.0167			-0.0691808
51.05			-0.0691765
51.0833			-0.0691721
51.1167			-0.0691677
51.15			-0.0691633
51.1833			-0.069159
51.2167			-0.0691546
51.25			-0.0691503
51.2833			-0.0691459
51.3167			-0.0691416
51.35			-0.0691373
51.3833			-0.0691329
51.4167			-0.0691286
51.45			-0.0691243
51.4833			-0.06912
51.5167			-0.0691157
51.55			-0.0691114
51.5833			-0.0691071
51.6167			-0.0691028
51.65			-0.0690986
51.6833			-0.0690943
51.7167			-0.06909
51.75			-0.0690857
51.7833			-0.0690815
51.8167			-0.0690772
51.85			-0.069073
51.8833			-0.0690687
51.9167			-0.0690645
51.95			-0.0690603
51.9833			-0.0690561
52.0167			-0.0690518
52.05			-0.0690476
52.0833			-0.0690434
52.1167			-0.0690392
52.15			-0.069035
52.1833			-0.0690308
52.2167			-0.0690266
52.25			-0.0690224
52.2833			-0.0690183
52.3167			-0.0690141
52.35			-0.0690099
52.3833			-0.0690058
52.4167			-0.0690016
52.45			-0.0689975
52.4833			-0.0689933
52.5167			-0.0689892
52.55			-0.0689851
52.5833			-0.0689809
52.6167			-0.0689768
52.65			-0.0689727
52.6833			-0.0689686
52.7167			-0.0689645
52.75			-0.0689604
52.7833			-0.0689563
52.8167			-0.0689522
52.85			-0.0689481
52.8833			-0.068944
52.9167			-0.0689399
52.95			-0.0689359
52.9833			-0.0689318
53.0167			-0.0689277
53.05			-0.0689237
53.0833			-0.0689196
53.1167			-0.0689156
53.15			-0.0689115
53.1833			-0.0689075
53.2167			-0.0689035
53.25			-0.0688994
53.2833			-0.0688954
53.3167			-0.0688914
53.35			-0.0688874
53.3833			-0.0688834
53.4167			-0.0688794
53.45			-0.0688754
53.4833			-0.0688714
53.5167			-0.0688674
53.55			-0.0688634
53.5833			-0.0688595
53.6167			-0.0688555
53.65			-0.0688515
53.6833			-0.0688476
53.7167			-0.0688436
53.75			-0.0688397
53.7833			-0.0688357
53.8167			-0.0688318
53.85			-0.0688278
53.8833			-0.0688239
53.9167			-0.06882
53.95			-0.0688161
53.9833			-0.0688121
54.0167			-0.0688082
54.05			-0.0688043
54.0833			-0.0688004
54.1167			-0.0687965
54.15			-0.0687926
54.1833			-0.0687887
54.2167			-0.0687849
54.25			-0.068781
54.2833			-0.0687771
54.3167			-0.0687732
54.35			-0.0687694
54.3833			-0.0687655
54.4167			-0.0687617
54.45			-0.0687578
54.4833			-0.068754
54.5167			-0.0687501
54.55			-0.0687463
54.5833			-0.0687425
54.6167			-0.0687386
54.65			-0.0687348
54.6833			-0.068731
54.7167			-0.0687272
54.75			-0.0687234
54.7833			-0.0687196
54.8167			-0.0687158
54.85			-0.068712
54.8833			-0.0687082
54.9167			-0.0687044
54.95			-0.0687006
54.9833			-0.0686969
55.0167			-0.0686931
55.05			-0.0686893
55.0833			-0.0686856
55.1167			-0.0686818
55.15			-0.0686781
55.1833			-0.0686743
55.2167			-0.0686706
55.25			-0.0686668
55.2833			-0.0686631
55.3167			-0.0686594
55.35			-0.0686556
55.3833			-0.0686519
55.4167			-0.0686482
55.45			-0.0686445
55.4833			-0.0686408
55.5167			-0.0686371
55.55			-0.0686334
55.5833			-0.0686297
55.6167			-0.068626
55.65			-0.0686223
55.6833			-0.0686186
55.7167			-0.068615
55.75			-0.0686113
55.7833			-0.0686076
55.8167			-0.068604
55.85			-0.0686003
55.8833			-0.0685967
55.9167			-0.068593
55.95			-0.0685894
55.9833			-0.0685857
56.0167			-0.0685821
56.05			-0.0685784
56.0833			-0.0685748
56.1167			-0.0685712
56.15			-0.0685676
56.1833			-0.068564
56.2167			-0.0685604
56.25			-0.0685567
56.2833			-0.0685531
56.3167			-0.0685495
56.35			-0.068546
56.3833			-0.0685424
56.4167			-0.0685388
56.45			-0.0685352
56.4833			-0.0685316
56.5167			-0.0685281
56.55			-0.0685245
56.5833			-0.0685209
56.6167			-0.0685174
56.65			-0.0685138
56.6833			-0.0685103
56.7167			-0.0685067
56.75			-0.0685032
56.7833			-0.0684996
56.8167			-0.0684961
56.85			-0.0684926
56.8833			-0.068489
56.9167			-0.0684855
56.95			-0.068482
56.9833			-0.0684785
57.0167			-0.068475
57.05			-0.0684715
57.0833			-0.068468
57.1167			-0.0684645
57.15			-0.068461
57.1833			-0.0684575
57.2167			-0.068454
57.25			-0.0684505
57.2833			-0.0684471
57.3167			-0.0684436
57.35			-0.0684401
57.3833			-0.0684367
57.4167			-0.0684332
57.45			-0.0684297
57.4833			-0.0684263
57.5167			-0.0684228
57.55			-0.0684194
57.5833			-0.0684159
57.6167			-0.0684125
57.65			-0.0684091
57.6833			-0.0684057
57.7167			-0.0684022
57.75			-0.0683988
57.7833			-0.0683954
57.8167			-0.068392
57.85			-0.0683886
57.8833			-0.0683852
57.9167			-0.0683818
57.95			-0.0683784
57.9833			-0.068375
58.0167			-0.0683716
58.05			-0.0683682
58.0833			-0.0683648
58.1167			-0.0683614
58.15			-0.0683581
58.1833			-0.0683547
58.2167			-0.0683513
58.25			-0.068348
58.2833			-0.0683446
58.3167			-0.0683413
58.35			-0.0683379
58.3833			-0.0683346
58.4167			-0.0683312
58.45			-0.0683279
58.4833			-0.0683246
58.5167			-0.0683212
58.55			-0.0683179
58.5833			-0.0683146
58.6167			-0.0683113
58.65			-0.0683079
58.6833			-0.0683046
58.7167			-0.0683013
58.75			-0.068298
58.7833			-0.0682947
58.8167			-0.0682914
58.85			-0.0682881
58.8833			-0.0682848
58.9167			-0.0682815
58.95			-0.0682783
58.9833			-0.068275
59.0167			-0.0682717
59.05			-0.0682684
59.0833			-0.0682652
59.1167			-0.0682619
59.15			-0.0682587
59.1833			-0.0682554
59.2167			-0.0682521
59.25			-0.0682489
59.2833			-0.0682456
59.3167			-0.0682424
59.35			-0.0682392
59.3833			-0.0682359
59.4167			-0.0682327
59.45			-0.0682295
59.4833			-0.0682263
59.5167			-0.068223
59.55			-0.0682198
59.5833			-0.0682166
59.6167			-0.0682134
59.65			-0.0682102
59.6833			-0.068207
59.7167			-0.0682038
59.75			-0.0682006
59.7833			-0.0681974
59.8167			-0.0681942
59.85			-0.068191
59.8833			-0.0681879
59.9167			-0.0681847
59.95			-0.0681815
59.9833			-0.0681783
60.0167			-0.0681752
60.05			-0.068172
60.0833			-0.0681689
60.1167			-0.0681657
60.15			-0.0681625
60.1833			-0.0681594
60.2167			-0.0681563
60.25			-0.0681531
60.2833			-0.06815
60.3167			-0.0681468
60.35			-0.0681437
60.3833			-0.0681406
60.4167			-0.0681375
60.45			-0.0681343
60.4833			-0.0681312
60.5167			-0.0681281
60.55			-0.068125
60.5833			-0.0681219
60.6167			-0.0681188
60.65			-0.0681157
60.6833			-0.0681126
60.7167			-0.0681095
60.75			-0.0681064
60.7833			-0.0681033
60.8167			-0.0681002
60.85			-0.0680972
60.8833			-0.0680941
60.9167			-0.068091
60.95			-0.0680879
60.9833			-0.0680849
61.0167			-0.0680818
61.05			-0.0680788
61.0833			-0.0680757
61.1167			-0.0680726
61.15			-0.0680696
61.1833			-0.0680666
61.2167			-0.0680635
61.25			-0.0680605
61.2833			-0.0680574
61.3167			-0.0680544
61.35			-0.0680514
61.3833			-0.0680484
61.4167			-0.0680453
61.45			-0.0680423
61.4833			-0.0680393
61.5167			-0.0680363
61.55			-0.0680333
61.5833			-0.0680303
61.6167			-0.0680273
61.65			-0.0680243
61.6833			-0.0680213
61.7167			-0.0680183
61.75			-0.0680153
61.7833			-0.0680123
61.8167			-0.0680093
61.85			-0.0680063
61.8833			-0.0680034
61.9167			-0.0680004
61.95			-0.0679974
61.9833			-0.0679944
62.0167			-0.0679915
62.05			-0.0679885
62.0833			-0.0679856
62.1167			-0.0679826
62.15			-0.0679797
62.1833			-0.0679767
62.2167			-0.0679738
62.25			-0.0679708
62.2833			-0.0679679
62.3167			-0.0679649
62.35			-0.067962
62.3833			-0.0679591
62.4167			-0.0679562
62.45			-0.0679532
62.4833			-0.0679503
62.5167			-0.0679474
62.55			-0.0679445
62.5833			-0.0679416
62.6167			-0.0679387
62.65			-0.0679358
62.6833			-0.0679329
62.7167			-0.06793
62.75			-0.0679271
62.7833			-0.0679242
62.8167			-0.0679213
62.85			-0.0679184
62.8833			-0.0679155
62.9167			-0.0679126
62.95			-0.0679098
62.9833			-0.0679069
63.0167			-0.067904
63.05			-0.0679012
63.0833			-0.0678983
63.1167			-0.0678954
63.15			-0.0678926
63.1833			-0.0678897
63.2167			-0.0678869
63.25			-0.067884
63.2833			-0.0678812
63.3167			-0.0678783
63.35			-0.0678755
63.3833			-0.0678726
63.4167			-0.0678698
63.45			-0.067867
63.4833			-0.0678642
63.5167			-0.0678613
63.55			-0.0678585
63.5833			-0.0678557
63.6167			-0.0678529
63.65			-0.0678501
63.6833			-0.0678472
63.7167			-0.0678444
63.75			-0.0678416
63.7833			-0.0678388
63.8167			-0.067836
63.85			-0.0678332
63.8833			-0.0678304
63.9167			-0.0678277
63.95			-0.0678249
63.9833			-0.0678221
64.0167			-0.0678193
64.05			-0.0678165
64.0833			-0.0678137
64.1167			-0.067811
64.15			-0.0678082
64.1833			-0.0678054
64.2167			-0.0678027
64.25			-0.0677999
64.2833			-0.0677972
64.3167			-0.0677944
64.35			-0.0677916
64.3833			-0.0677889
64.4167			-0.0677862
64.45			-0.0677834
64.4833			-0.0677807
64.5167			-0.0677779
64.55			-0.0677752
64.5833			-0.0677725
64.6167			-0.0677697
64.65			-0.067767
64.6833			-0.0677643
64.7167			-0.0677616
64.75			-0.0677588
64.7833			-0.0677561
64.8167			-0.0677534
64.85			-0.0677507
64.8833			-0.067748
64.9167			-0.0677453
64.95			-0.0677426
64.9833			-0.0677399
65.0167			-0.0677372
65.05			-0.0677345
65.0833			-0.0677318
65.1167			-0.0677291
65.15			-0.0677264
65.1833			-0.0677238
65.2167			-0.0677211
65.25			-0.0677184
65.2833			-0.0677157
65.3167			-0.0677131
65.35			-0.0677104
65.3833			-0.0677077
65.4167			-0.0677051
65.45			-0.0677024
65.4833			-0.0676997
65.5167			-0.0676971
65.55			-0.0676944
65.5833			-0.0676918
65.6167			-0.0676891
65.65			-0.0676865
65.6833			-0.0676839
65.7167			-0.0676812
65.75			-0.0676786
65.7833			-0.0676759
65.8167			-0.0676733
65.85			-0.0676707
65.8833			-0.0676681
65.9167			-0.0676654
65.95			-0.0676628
65.9833			-0.0676602
66.0167			-0.0676576
66.05			-0.067655
66.0833			-0.0676524
66.1167			-0.0676498
66.15			-0.0676472
66.1833			-0.0676446
66.2167			-0.067642
66.25			-0.0676394
66.2833			-0.0676368
66.3167			-0.0676342
66.35			-0.0676316
66.3833			-0.067629
66.4167			-0.0676264
66.45			-0.0676238
66.4833			-0.0676213
66.5167			-0.0676187
66.55			-0.0676161
66.5833			-0.0676135
66.6167			-0.067611
66.65			-0.0676084
66.6833			-0.0676058
66.7167			-0.0676033
66.75			-0.0676007
66.7833			-0.0675982
66.8167			-0.0675956
66.85			-0.0675931
66.8833			-0.0675905
66.9167			-0.067588
66.95			-0.0675854
66.9833			-0.0675829
67.0167			-0.0675804
67.05			-0.0675778
67.0833			-0.0675753
67.1167			-0.0675728
67.15			-0.0675702
67.1833			-0.0675677
67.2167			-0.0675652
67.25			-0.0675627
67.2833			-0.0675602
67.3167			-0.0675576
67.35			-0.0675551
67.3833			-0.0675526
67.4167			-0.0675501
67.45			-0.0675476
67.4833			-0.0675451
67.5167			-0.0675426
67.55			-0.0675401
67.5833			-0.0675376
67.6167			-0.0675351
67.65			-0.0675326
67.6833			-0.0675302
67.7167			-0.0675277
67.75			-0.0675252
67.7833			-0.0675227
67.8167			-0.0675202
67.85			-0.0675178
67.8833			-0.0675153
67.9167			-0.0675128
67.95			-0.0675103
67.9833			-0.0675079
68.0167			-0.0675054
68.05			-0.067503
68.0833			-0.0675005
68.1167			-0.067498
68.15			-0.0674956
68.1833			-0.0674931
68.2167			-0.0674907
68.25			-0.0674883
68.2833			-0.0674858
68.3167			-0.0674834
68.35			-0.0674809
68.3833			-0.0674785
68.4167			-0.0674761
68.45			-0.0674736
68.4833			-0.0674712
68.5167			-0.0674688
68.55			-0.0674663
68.5833			-0.0674639
68.6167			-0.0674615
68.65			-0.0674591
68.6833			-0.0674567
68.7167			-0.0674543
68.75			-0.0674519
68.7833			-0.0674494
68.8167			-0.067447
68.85			-0.0674446
68.8833			-0.0674422
68.9167			-0.0674398
68.95			-0.0674374
68.9833			-0.067435
69.0167			-0.0674327
69.05			-0.0674303
69.0833			-0.0674279
69.1167			-0.0674255
69.15			-0.0674231
69.1833			-0.0674207
69.2167			-0.0674184
69.25			-0.067416
69.2833			-0.0674136
69.3167			-0.0674112
69.35			-0.0674089
69.3833			-0.0674065
69.4167			-0.0674041
69.45			-0.0674018
69.4833			-0.0673994
69.5167			-0.0673971
69.55			-0.0673947
69.5833			-0.0673924
69.6167			-0.06739
69.65			-0.0673877
69.6833			-0.0673853
69.7167			-0.067383
69.75			-0.0673806
69.7833			-0.0673783
69.8167			-0.0673759
69.85			-0.0673736
69.8833			-0.0673713
69.9167			-0.0673689
69.95			-0.0673666
69.9833			-0.0673643
70.0167			-0.067362
70.05			-0.0673597
70.0833			-0.0673573
70.1167			-0.067355
70.15			-0.0673527
70.1833			-0.0673504
70.2167			-0.0673481
70.25			-0.0673458
70.2833			-0.0673435
70.3167			-0.0673412
70.35			-0.0673389
70.3833			-0.0673366
70.4167			-0.0673343
70.45			-0.067332
70.4833			-0.0673297
70.5167			-0.0673274
70.55			-0.0673251
70.5833			-0.0673228
70.6167			-0.0673205
70.65			-0.0673182
70.6833			-0.067316
70.7167			-0.0673137
70.75			-0.0673114
70.7833			-0.0673091
70.8167			-0.0673069
70.85			-0.0673046
70.8833			-0.0673023
70.9167			-0.0673001
70.95			-0.0672978
70.9833			-0.0672955
71.0167			-0.0672933
71.05			-0.067291
71.0833			-0.0672888
71.1167			-0.0672865
71.15			-0.0672843
71.1833			-0.067282
71.2167			-0.0672798
71.25			-0.0672775
71.2833			-0.0672753
71.3167			-0.0672731
71.35			-0.0672708
71.3833			-0.0672686
71.4167			-0.0672664
71.45			-0.0672641
71.4833			-0.0672619
71.5167			-0.0672597
71.55			-0.0672574
71.5833			-0.0672552
71.6167			-0.067253
71.65			-0.0672508
71.6833			-0.0672486
71.7167			-0.0672464
71.75			-0.0672441
71.7833			-0.0672419
71.8167			-0.0672397
71.85			-0.0672375
71.8833			-0.0672353
71.9167			-0.0672331
71.95			-0.0672309
71.9833			-0.0672287
72.0167			-0.0672265
72.05			-0.0672243
72.0833			-0.0672221
72.1167			-0.0672199
72.15			-0.0672178
72.1833			-0.0672156
72.2167			-0.0672134
72.25			-0.0672112
72.2833			-0.067209
72.3167			-0.0672068
72.35			-0.0672047
72.3833			-0.0672025
72.4167			-0.0672003
72.45			-0.0671982
72.4833			-0.067196
72.5167			-0.0671938
72.55			-0.0671917
72.5833			-0.0671895
72.6167			-0.0671873
72.65			-0.0671852
72.6833			-0.067183
72.7167			-0.0671809
72.75			-0.0671787
72.7833			-0.0671766
72.8167			-0.0671744
72.85			-0.0671723
72.8833			-0.0671701
72.9167			-0.067168
72.95			-0.0671659
72.9833			-0.0671637
73.0167			-0.0671616
73.05			-0.0671594
73.0833			-0.0671573
73.1167			-0.0671552
73.15			-0.0671531
73.1833			-0.0671509
73.2167			-0.0671488
73.25			-0.0671467
73.2833			-0.0671446
73.3167			-0.0671424
73.35			-0.0671403
73.3833			-0.0671382
73.4167			-0.0671361
73.45			-0.067134
73.4833			-0.0671319
73.5167			-0.0671298
73.55			-0.0671277
73.5833			-0.0671256
73.6167			-0.0671235
73.65			-0.0671214
73.6833			-0.0671193
73.7167			-0.0671172
73.75			-0.0671151
73.7833			-0.067113
73.8167			-0.0671109
73.85			-0.0671088
73.8833			-0.0671067
73.9167			-0.0671046
73.95			-0.0671026
73.9833			-0.0671005
74.0167			-0.0670984
74.05			-0.0670963
74.0833			-0.0670943
74.1167			-0.0670922
74.15			-0.0670901
74.1833			-0.067088
74.2167			-0.067086
74.25			-0.0670839
74.2833			-0.0670818
74.3167			-0.0670798
74.35			-0.0670777
74.3833			-0.0670757
74.4167			-0.0670736
74.45			-0.0670716
74.4833			-0.0670695
74.5167			-0.0670675
74.55			-0.0670654
74.5833			-0.0670634
74.6167			-0.0670613
74.65			-0.0670593
74.6833			-0.0670572
74.7167			-0.0670552
74.75			-0.0670532
74.7833			-0.0670511
74.8167			-0.0670491
74.85			-0.0670471
74.8833			-0.067045
74.9167			-0.067043
74.95			-0.067041
74.9833			-0.0670389
75.0167			-0.0670369
75.05			-0.0670349
75.0833			-0.0670329
75.1167			-0.0670309
75.15			-0.0670288
75.1833			-0.0670268
75.2167			-0.0670248
75.25			-0.0670228
75.2833			-0.0670208
75.3167			-0.0670188
75.35			-0.0670168
75.3833			-0.0670148
75.4167			-0.0670128
75.45			-0.0670108
75.4833			-0.0670088
75.5167			-0.0670068
75.55			-0.0670048
75.5833			-0.0670028
75.6167			-0.0670008
75.65			-0.0669988
75.6833			-0.0669968
75.7167			-0.0669948
75.75			-0.0669929
75.7833			-0.0669909
75.8167			-0.0669889
75.85			-0.0669869
75.8833			-0.0669849
75.9167			-0.066983
75.95			-0.066981
75.9833			-0.066979
76.0167			-0.0669771
76.05			-0.0669751
76.0833			-0.0669731
76.1167			-0.0669712
76.15			-0.0669692
76.1833			-0.0669672
76.2167			-0.0669653
76.25			-0.0669633
76.2833			-0.0669614
76.3167			-0.0669594
76.35			-0.0669574
76.3833			-0.0669555
76.4167			-0.0669535
76.45			-0.0669516
76.4833			-0.0669497
76.5167			-0.0669477
76.55			-0.0669458
76.5833			-0.0669438
76.6167			-0.0669419
76.65			-0.06694
76.6833			-0.066938
76.7167			-0.0669361
76.75			-0.0669341
76.7833			-0.0669322
76.8167			-0.0669303
76.85			-0.0669284
76.8833			-0.0669264
76.9167			-0.0669245
76.95			-0.0669226
76.9833			-0.0669207
77.0167			-0.0669187
77.05			-0.0669168
77.0833			-0.0669149
77.1167			-0.066913
77.15			-0.0669111
77.1833			-0.0669092
77.2167			-0.0669073
77.25			-0.0669054
77.2833			-0.0669035
77.3167			-0.0669016
77.35			-0.0668996
77.3833			-0.0668977
77.4167			-0.0668958
77.45			-0.066894
77.4833			-0.0668921
77.5167			-0.0668902
77.55			-0.0668883
77.5833			-0.0668864
77.6167			-0.0668845
77.65			-0.0668826
77.6833			-0.0668807
77.7167			-0.0668788
77.75			-0.0668769
77.7833			-0.0668751
77.8167			-0.0668732
77.85			-0.0668713
77.8833			-0.0668694
77.9167			-0.0668676
77.95			-0.0668657
77.9833			-0.0668638
78.0167			-0.0668619
78.05			-0.0668601
78.0833			-0.0668582
78.1167			-0.0668563
78.15			-0.0668545
78.1833			-0.0668526
78.2167			-0.0668508
78.25			-0.0668489
78.2833			-0.066847
78.3167			-0.0668452
78.35			-0.0668433
78.3833			-0.0668415
78.4167			-0.0668396
78.45			-0.0668378
78.4833			-0.0668359
78.5167			-0.0668341
78.55			-0.0668322
78.5833			-0.0668304
78.6167			-0.0668286
78.65			-0.0668267
78.6833			-0.0668249
78.7167			-0.066823
78.75			-0.0668212
78.7833			-0.0668194
78.8167			-0.0668175
78.85			-0.0668157
78.8833			-0.0668139
78.9167			-0.0668121
78.95			-0.0668102
78.9833			-0.0668084
79.0167			-0.0668066
79.05			-0.0668048
79.0833			-0.0668029
79.1167			-0.0668011
79.15			-0.0667993
79.1833			-0.0667975
79.2167			-0.0667957
79.25			-0.0667939
79.2833			-0.0667921
79.3167			-0.0667902
79.35			-0.0667884
79.3833			-0.0667866
79.4167			-0.0667848
79.45			-0.066783
79.4833			-0.0667812
79.5167			-0.0667794
79.55			-0.0667776
79.5833			-0.0667758
79.6167			-0.066774
79.65			-0.0667722
79.6833			-0.0667704
79.7167			-0.0667687
79.75			-0.0667669
79.7833			-0.0667651
79.8167			-0.0667633
79.85			-0.0667615
79.8833			-0.0667597
79.9167			-0.0667579
79.95			-0.0667562
79.9833			-0.0667544
80.0167			-0.0667526
80.05			-0.0667508
80.0833			-0.0667491
80.1167			-0.0667473
80.15			-0.0667455
80.1833			-0.0667437
80.2167			-0.066742
80.25			-0.0667402
80.2833			-0.0667384
80.3167			-0.0667367
80.35			-0.0667349
80.3833			-0.0667331
80.4167			-0.0667314
80.45			-0.0667296
80.4833			-0.0667279
80.5167			-0.0667261
80.55			-0.0667244
80.5833			-0.0667226
80.6167			-0.0667209
80.65			-0.0667191
80.6833			-0.0667174
80.7167			-0.0667156
80.75			-0.0667139
80.7833			-0.0667121
80.8167			-0.0667104
80.85			-0.0667086
80.8833			-0.0667069
80.9167			-0.0667052
80.95			-0.0667034
80.9833			-0.0667017
81.0167			-0.0667
81.05			-0.0666982
81.0833			-0.0666965
81.1167			-0.0666948
81.15			-0.066693
81.1833			-0.0666913
81.2167			-0.0666896
81.25			-0.0666879
81.2833			-0.0666861
81.3167			-0.0666844
81.35			-0.0666827
81.3833			-0.066681
81.4167			-0.0666793
81.45			-0.0666776
81.4833			-0.0666758
81.5167			-0.0666741
81.55			-0.0666724
81.5833			-0.0666707
81.6167			-0.066669
81.65			-0.0666673
81.6833			-0.0666656
81.7167			-0.0666639
81.75			-0.0666622
81.7833			-0.0666605
81.8167			-0.0666588
81.85			-0.0666571
81.8833			-0.0666554
81.9167			-0.0666537
81.95			-0.066652
81.9833			-0.0666503
82.0167			-0.0666486
82.05			-0.0666469
82.0833			-0.0666452
82.1167			-0.0666435
82.15			-0.0666419
82.1833			-0.0666402
82.2167			-0.0666385
82.25			-0.0666368
82.2833			-0.0666351
82.3167			-0.0666334
82.35			-0.0666318
82.3833			-0.0666301
82.4167			-0.0666284
82.45			-0.0666267
82.4833			-0.0666251
82.5167			-0.0666234
82.55			-0.0666217
82.5833			-0.0666201
82.6167			-0.0666184
82.65			-0.0666167
82.6833			-0.0666151
82.7167			-0.0666134
82.75			-0.0666117
82.7833			-0.0666101
82.8167			-0.0666084
82.85			-0.0666068
82.8833			-0.0666051
82.9167			-0.0666035
82.95			-0.0666018
82.9833			-0.0666001
83.0167			-0.0665985
83.05			-0.0665968
83.0833			-0.0665952
83.1167			-0.0665936
83.15			-0.0665919
83.1833			-0.0665903
83.2167			-0.0665886
83.25			-0.066587
83.2833			-0.0665853
83.3167			-0.0665837
83.35			-0.0665821
83.3833			-0.0665804
83.4167			-0.0665788
83.45			-0.0665772
83.4833			-0.0665755
83.5167			-0.0665739
83.55			-0.0665723
83.5833			-0.0665706
83.6167			-0.066569
83.65			-0.0665674
83.6833			-0.0665658
83.7167			-0.0665641
83.75			-0.0665625
83.7833			-0.0665609
83.8167			-0.0665593
83.85			-0.0665577
83.8833			-0.066556
83.9167			-0.0665544
83.95			-0.0665528
83.9833			-0.0665512
84.0167			-0.0665496
84.05			-0.066548
84.0833			-0.0665464
84.1167			-0.0665448
84.15			-0.0665431
84.1833			-0.0665415
84.2167			-0.0665399
84.25			-0.0665383
84.2833			-0.0665367
84.3167			-0.0665351
84.35			-0.0665335
84.3833			-0.0665319
84.4167			-0.0665303
84.45			-0.0665287
84.4833			-0.0665272
84.5167			-0.0665256
84.55			-0.066524
84.5833			-0.0665224
84.6167			-0.0665208
84.65			-0.0665192
84.6833			-0.0665176
84.7167			-0.066516
84.75			-0.0665144
84.7833			-0.0665129
84.8167			-0.0665113
84.85			-0.0665097
84.8833			-0.0665081
84.9167			-0.0665065
84.95			-0.066505
84.9833			-0.0665034
85.0167			-0.0665018
85.05			-0.0665002
85.0833			-0.0664987
85.1167			-0.0664971
85.15			-0.0664955
85.1833			-0.066494
85.2167			-0.0664924
85.25			-0.0664908
85.2833			-0.0664893
85.3167			-0.0664877
85.35			-0.0664861
85.3833			-0.0664846
85.4167			-0.066483
85.45			-0.0664815
85.4833			-0.0664799
85.5167			-0.0664784
85.55			-0.0664768
85.5833			-0.0664752
85.6167			-0.0664737
85.65			-0.0664721
85.6833			-0.0664706
85.7167			-0.066469
85.75			-0.0664675
85.7833			-0.066466
85.8167			-0.0664644
85.85			-0.0664629
85.8833			-0.0664613
85.9167			-0.0664598
85.95			-0.0664582
85.9833			-0.0664567
86.0167			-0.0664552
86.05			-0.0664536
86.0833			-0.0664521
86.1167			-0.0664506
86.15			-0.066449
86.1833			-0.0664475
86.2167			-0.066446
86.25			-0.0664444
86.2833			-0.0664429
86.3167			-0.0664414
86.35			-0.0664399
86.3833			-0.0664383
86.4167			-0.0664368
86.45			-0.0664353
86.4833			-0.0664338
86.5167			-0.0664323
86.55			-0.0664307
86.5833			-0.0664292
86.6167			-0.0664277
86.65			-0.0664262
86.6833			-0.0664247
86.7167			-0.0664232
86.75			-0.0664216
86.7833			-0.0664201
86.8167			-0.0664186
86.85			-0.0664171
86.8833			-0.0664156
86.9167			-0.0664141
86.95			-0.0664126
86.9833			-0.0664111
87.0167			-0.0664096
87.05			-0.0664081
87.0833			-0.0664066
87.1167			-0.0664051
87.15			-0.0664036
87.1833			-0.0664021
87.2167			-0.0664006
87.25			-0.0663991
87.2833			-0.0663976
87.3167			-0.0663961
87.35			-0.0663946
87.3833			-0.0663931
87.4167			-0.0663917
87.45			-0.0663902
87.4833			-0.0663887
87.5167			-0.0663872
87.55			-0.0663857
87.5833			-0.0663842
87.6167			-0.0663828
87.65			-0.0663813
87.6833			-0.0663798
87.7167			-0.0663783
87.75			-0.0663768
87.7833			-0.0663754
87.8167			-0.0663739
87.85			-0.0663724
87.8833			-0.0663709
87.9167			-0.0663695
87.95			-0.066368
87.9833			-0.0663665
88.0167			-0.0663651
88.05			-0.0663636
88.0833			-0.0663621
88.1167			-0.0663607
88.15			-0.0663592
88.1833			-0.0663577
88.2167			-0.0663563
88.25			-0.0663548
88.2833			-0.0663534
88.3167			-0.0663519
88.35			-0.0663504
88.3833			-0.066349
88.4167			-0.0663475
88.45			-0.0663461
88.4833			-0.0663446
88.5167			-0.0663432
88.55			-0.0663417
88.5833			-0.0663403
88.6167			-0.0663388
88.65			-0.0663374
88.6833			-0.0663359
88.7167			-0.0663345
88.75			-0.066333
88.7833			-0.0663316
88.8167			-0.0663302
88.85			-0.0663287
88.8833			-0.0663273
88.9167			-0.0663258
88.95			-0.0663244
88.9833			-0.066323
89.0167			-0.0663215
89.05			-0.0663201
89.0833			-0.0663187
89.1167			-0.0663172
89.15			-0.0663158
89.1833			-0.0663144
89.2167			-0.0663129
89.25			-0.0663115
89.2833			-0.0663101
89.3167			-0.0663087
89.35			-0.0663072
89.3833			-0.0663058
89.4167			-0.0663044
89.45			-0.066303
89.4833			-0.0663015
89.5167			-0.0663001
89.55			-0.0662987
89.5833			-0.0662973
89.6167			-0.0662959
89.65			-0.0662945
89.6833			-0.066293
89.7167			-0.0662916
89.75			-0.0662902
89.7833			-0.0662888
89.8167			-0.0662874
89.85			-0.066286
89.8833			-0.0662846
89.9167			-0.0662832
89.95			-0.0662818
89.9833			-0.0662804
90.0167			-0.066279
90.05			-0.0662776
90.0833			-0.0662762
90.1167			-0.0662748
90.15			-0.0662734
90.1833			-0.066272
90.2167			-0.0662706
90.25			-0.0662692
90.2833			-0.0662678
90.3167			-0.0662664
90.35			-0.066265
90.3833			-0.0662636
90.4167			-0.0662622
90.45			-0.0662608
90.4833			-0.0662594
90.5167			-0.066258
90.55			-0.0662566
90.5833			-0.0662553
90.6167			-0.0662539
90.65			-0.0662525
90.6833			-0.0662511
90.7167			-0.0662497
90.75			-0.0662483
90.7833			-0.066247
90.8167			-0.0662456
90.85			-0.0662442
90.8833			-0.0662428
90.9167			-0.0662415
90.95			-0.0662401
90.9833			-0.0662387
91.0167			-0.0662373
91.05			-0.066236
91.0833			-0.0662346
91.1167			-0.0662332
91.15			-0.0662319
91.1833			-0.0662305
91.2167			-0.0662291
91.25			-0.0662278
91.2833			-0.0662264
91.3167			-0.066225
91.35			-0.0662237
91.3833			-0.0662223
91.4167			-0.0662209
91.45			-0.0662196
91.4833			-0.0662182
91.5167			-0.0662169
91.55			-0.0662155
91.5833			-0.0662142
91.6167			-0.0662128
91.65			-0.0662114
91.6833			-0.0662101
91.7167			-0.0662087
91.75			-0.0662074
91.7833			-0.066206
91.8167			-0.0662047
91.85			-0.0662033
91.8833			-0.066202
91.9167			-0.0662007
91.95			-0.0661993
91.9833			-0.066198
92.0167			-0.0661966
92.05			-0.0661953
92.0833			-0.0661939
92.1167			-0.0661926
92.15			-0.0661913
92.1833			-0.0661899
92.2167			-0.0661886
92.25			-0.0661872
92.2833			-0.0661859
92.3167			-0.0661846
92.35			-0.0661832
92.3833			-0.0661819
92.4167			-0.0661806
92.45			-0.0661793
92.4833			-0.0661779
92.5167			-0.0661766
92.55			-0.0661753
92.5833			-0.0661739
92.6167			-0.0661726
92.65			-0.0661713
92.6833			-0.06617
92.7167			-0.0661686
92.75			-0.0661673
92.7833			-0.066166
92.8167			-0.0661647
92.85			-0.0661634
92.8833			-0.066162
92.9167			-0.0661607
92.95			-0.0661594
92.9833			-0.0661581
93.0167			-0.0661568
93.05			-0.0661555
93.0833			-0.0661542
93.1167			-0.0661528
93.15			-0.0661515
93.1833			-0.0661502
93.2167			-0.0661489
93.25			-0.0661476
93.2833			-0.0661463
93.3167			-0.066145
93.35			-0.0661437
93.3833			-0.0661424
93.4167			-0.0661411
93.45			-0.0661398
93.4833			-0.0661385
93.5167			-0.0661372
93.55			-0.0661359
93.5833			-0.0661346
93.6167			-0.0661333
93.65			-0.066132
93.6833			-0.0661307
93.7167			-0.0661294
93.75			-0.0661281
93.7833			-0.0661268
93.8167			-0.0661255
93.85			-0.0661242
93.8833			-0.0661229
93.9167			-0.0661217
93.95			-0.0661204
93.9833			-0.0661191
94.0167			-0.0661178
94.05			-0.0661165
94.0833			-0.0661152
94.1167			-0.0661139
94.15			-0.0661127
94.1833			-0.0661114
94.2167			-0.0661101
94.25			-0.0661088
94.2833			-0.0661075
94.3167			-0.0661063
94.35			-0.066105
94.3833			-0.0661037
94.4167			-0.0661024
94.45			-0.0661012
94.4833			-0.0660999
94.5167			-0.0660986
94.55			-0.0660973
94.5833			-0.0660961
94.6167			-0.0660948
94.65			-0.0660935
94.6833			-0.0660923
94.7167			-0.066091
94.75			-0.0660897
94.7833			-0.0660885
94.8167			-0.0660872
94.85			-0.0660859
94.8833			-0.0660847
94.9167			-0.0660834
94.95			-0.0660821
94.9833			-0.0660809
95.0167			-0.0660796
95.05			-0.0660784
95.0833			-0.0660771
95.1167			-0.0660758
95.15			-0.0660746
95.1833			-0.0660733
95.2167			-0.0660721
95.25			-0.0660708
95.2833			-0.0660696
95.3167			-0.0660683
95.35			-0.0660671
95.3833			-0.0660658
95.4167			-0.0660646
95.45			-0.0660633
95.4833			-0.0660621
95.5167			-0.0660608
95.55			-0.0660596
95.5833			-0.0660583
95.6167			-0.0660571
95.65			-0.0660559
95.6833			-0.0660546
95.7167			-0.0660534
95.75			-0.0660521
95.7833			-0.0660509
95.8167			-0.0660497
95.85			-0.0660484
95.8833			-0.0660472
95.9167			-0.066046
95.95			-0.0660447
95.9833			-0.0660435
96.0167			-0.0660423
96.05			-0.066041
96.0833			-0.0660398
96.1167			-0.0660386
96.15			-0.0660373
96.1833			-0.0660361
96.2167			-0.0660349
96.25			-0.0660336
96.2833			-0.0660324
96.3167			-0.0660312
96.35			-0.06603
96.3833			-0.0660287
96.4167			-0.0660275
96.45			-0.0660263
96.4833			-0.0660251
96.5167			-0.0660239
96.55			-0.0660226
96.5833			-0.0660214
96.6167			-0.0660202
96.65			-0.066019
96.6833			-0.0660178
96.7167			-0.0660166
96.75			-0.0660153
96.7833			-0.0660141
96.8167			-0.0660129
96.85			-0.0660117
96.8833			-0.0660105
96.9167			-0.0660093
96.95			-0.0660081
96.9833			-0.0660069
97.0167			-0.0660057
97.05			-0.0660044
97.0833			-0.0660032
97.1167			-0.066002
97.15			-0.0660008
97.1833			-0.0659996
97.2167			-0.0659984
97.25			-0.0659972
97.2833			-0.065996
97.3167			-0.0659948
97.35			-0.0659936
97.3833			-0.0659924
97.4167			-0.0659912
97.45			-0.06599
97.4833			-0.0659888
97.5167			-0.0659876
97.55			-0.0659864
97.5833			-0.0659852
97.6167			-0.0659841
97.65			-0.0659829
97.6833			-0.0659817
97.7167			-0.0659805
97.75			-0.0659793
97.7833			-0.0659781
97.8167			-0.0659769
97.85			-0.0659757
97.8833			-0.0659745
97.9167			-0.0659734
97.95			-0.0659722
97.9833			-0.065971
98.0167			-0.0659698
98.05			-0.0659686
98.0833			-0.0659674
98.1167			-0.0659663
98.15			-0.0659651
98.1833			-0.0659639
98.2167			-0.0659627
98.25			-0.0659615
98.2833			-0.0659604
98.3167			-0.0659592
98.35			-0.065958
98.3833			-0.0659568
98.4167			-0.0659557
98.45			-0.0659545
98.4833			-0.0659533
98.5167			-0.0659521
98.55			-0.065951
98.5833			-0.0659498
98.6167			-0.0659486
98.65			-0.0659475
98.6833			-0.0659463
98.7167			-0.0659451
98.75			-0.065944
98.7833			-0.0659428
98.8167			-0.0659416
98.85			-0.0659405
98.8833			-0.0659393
98.9167			-0.0659382
98.95			-0.065937
98.9833			-0.0659358
99.0167			-0.0659347
99.05			-0.0659335
99.0833			-0.0659324
99.1167			-0.0659312
99.15			-0.06593
99.1833			-0.0659289
99.2167			-0.0659277
99.25			-0.0659266
99.2833			-0.0659254
99.3167			-0.0659243
99.35			-0.0659231
99.3833			-0.065922
99.4167			-0.0659208
99.45			-0.0659197
99.4833			-0.0659185
99.5167			-0.0659174
99.55			-0.0659162
99.5833			-0.0659151
99.6167			-0.0659139
99.65			-0.0659128
99.6833			-0.0659117
99.7167			-0.0659105
99.75			-0.0659094
99.7833			-0.0659082
99.8167			-0.0659071
99.85			-0.0659059
99.8833			-0.0659048
99.9167			-0.0659037
99.95			-0.0659025
99.9833			-0.0659014
