0.003   -nan(ind)
0.006   -nan(ind)
0.009   9.82479e-09
0.012   2.76075e-06
0.015   7.36687e-05
0.018   0.000615153
0.021   0.00267048
0.024   0.00775026
0.027   0.0172711
0.03   0.0320939
0.033   0.052393
0.036   0.0777826
0.039   0.107542
0.042   0.140827
0.045   0.176819
0.048   0.214806
0.051   0.254218
0.054   0.294625
0.057   0.335724
0.06   0.377309
0.063   0.419256
0.066   0.461494
0.069   0.503996
0.072   0.546759
0.075   0.589798
0.078   0.633137
0.081   0.676809
0.084   0.720847
0.087   0.765286
0.09   0.810159
0.093   0.855498
0.096   0.901336
0.099   0.947702
0.102   0.994623
0.105   1.04212
0.108   1.09023
0.111   1.13896
0.114   1.18833
0.117   1.23836
0.12   1.28906
0.123   1.34044
0.126   1.3925
0.129   1.44526
0.132   1.4987
0.135   1.55283
0.138   1.60764
0.141   1.66312
0.144   1.71924
0.147   1.776
0.15   1.83338
0.153   1.89134
0.156   1.94986
0.159   2.00891
0.162   2.06845
0.165   2.12845
0.168   2.18886
0.171   2.24965
0.174   2.31078
0.177   2.37219
0.18   2.43385
0.183   2.4957
0.186   2.5577
0.189   2.61979
0.192   2.68192
0.195   2.74405
0.198   2.80613
0.201   2.86809
0.204   2.92991
0.207   2.99151
0.21   3.05286
0.213   3.1139
0.216   3.17458
0.219   3.23487
0.222   3.29471
0.225   3.35406
0.228   3.41288
0.231   3.47111
0.234   3.52873
0.237   3.5857
0.24   3.64197
0.243   3.6975
0.246   3.75228
0.249   3.80625
0.252   3.8594
0.255   3.91169
0.258   3.9631
0.261   4.01359
0.264   4.06315
0.267   4.11174
0.27   4.15937
0.273   4.20599
0.276   4.25159
0.279   4.29617
0.282   4.3397
0.285   4.38217
0.288   4.42357
0.291   4.46389
0.294   4.50312
0.297   4.54126
0.3   4.57829
0.303   4.61423
0.306   4.64905
0.309   4.68277
0.312   4.71537
0.315   4.74687
0.318   4.77726
0.321   4.80654
0.324   4.83472
0.327   4.86181
0.33   4.8878
0.333   4.91271
0.336   4.93654
0.339   4.95931
0.342   4.98101
0.345   5.00166
0.348   5.02128
0.351   5.03986
0.354   5.05742
0.357   5.07398
0.36   5.08954
0.363   5.10412
0.366   5.11773
0.369   5.13039
0.372   5.1421
0.375   5.15289
0.378   5.16277
0.381   5.17175
0.384   5.17985
0.387   5.18708
0.39   5.19346
0.393   5.199
0.396   5.20372
0.399   5.20764
0.402   5.21077
0.405   5.21312
0.408   5.21472
0.411   5.21558
0.414   5.21571
0.417   5.21513
0.42   5.21386
0.423   5.21192
0.426   5.20931
0.429   5.20605
0.432   5.20217
0.435   5.19767
0.438   5.19258
0.441   5.18689
0.444   5.18064
0.447   5.17384
0.45   5.1665
0.453   5.15863
0.456   5.15026
0.459   5.14139
0.462   5.13204
0.465   5.12222
0.468   5.11195
0.471   5.10124
0.474   5.0901
0.477   5.07855
0.48   5.06661
0.483   5.05427
0.486   5.04156
0.489   5.02849
0.492   5.01507
0.495   5.00131
0.498   4.98722
0.501   4.97283
0.504   4.95812
0.507   4.94313
0.51   4.92785
0.513   4.91231
0.516   4.8965
0.519   4.88045
0.522   4.86415
0.525   4.84763
0.528   4.83088
0.531   4.81393
0.534   4.79677
0.537   4.77942
0.54   4.76188
0.543   4.74417
0.546   4.72629
0.549   4.70826
0.552   4.69007
0.555   4.67174
0.558   4.65328
0.561   4.63468
0.564   4.61597
0.567   4.59714
0.57   4.57821
0.573   4.55917
0.576   4.54004
0.579   4.52083
0.582   4.50153
0.585   4.48216
0.588   4.46272
0.591   4.44321
0.594   4.42365
0.597   4.40403
0.6   4.38437
0.603   4.36467
0.606   4.34492
0.609   4.32515
0.612   4.30535
0.615   4.28552
0.618   4.26567
0.621   4.24581
0.624   4.22594
0.627   4.20606
0.63   4.18618
0.633   4.1663
0.636   4.14643
0.639   4.12656
0.642   4.10671
0.645   4.08687
0.648   4.06704
0.651   4.04724
0.654   4.02747
0.657   4.00772
0.66   3.988
0.663   3.96831
0.666   3.94866
0.669   3.92904
0.672   3.90947
0.675   3.88994
0.678   3.87045
0.681   3.85101
0.684   3.83161
0.687   3.81227
0.69   3.79299
0.693   3.77375
0.696   3.75458
0.699   3.73546
0.702   3.7164
0.705   3.6974
0.708   3.67847
0.711   3.6596
0.714   3.64079
0.717   3.62206
0.72   3.60339
0.723   3.58479
0.726   3.56626
0.729   3.54781
0.732   3.52943
0.735   3.51112
0.738   3.49288
0.741   3.47473
0.744   3.45665
0.747   3.43864
0.75   3.42072
0.753   3.40287
0.756   3.38511
0.759   3.36742
0.762   3.34982
0.765   3.33229
0.768   3.31485
0.771   3.2975
0.774   3.28022
0.777   3.26303
0.78   3.24592
0.783   3.2289
0.786   3.21196
0.789   3.19511
0.792   3.17834
0.795   3.16166
0.798   3.14506
0.801   3.12855
0.804   3.11213
0.807   3.09579
0.81   3.07954
0.813   3.06338
0.816   3.0473
0.819   3.03131
0.822   3.0154
0.825   2.99958
0.828   2.98385
0.831   2.96821
0.834   2.95265
0.837   2.93718
0.84   2.9218
0.843   2.9065
0.846   2.89129
0.849   2.87617
0.852   2.86113
0.855   2.84618
0.858   2.83131
0.861   2.81653
0.864   2.80183
0.867   2.78722
0.87   2.7727
0.873   2.75826
0.876   2.74391
0.879   2.72964
0.882   2.71545
0.885   2.70135
0.888   2.68733
0.891   2.6734
0.894   2.65955
0.897   2.64578
0.9   2.63209
0.903   2.61849
0.906   2.60497
0.909   2.59153
0.912   2.57817
0.915   2.56489
0.918   2.5517
0.921   2.53858
0.924   2.52555
0.927   2.51259
0.93   2.49971
0.933   2.48692
0.936   2.4742
0.939   2.46156
0.942   2.44899
0.945   2.43651
0.948   2.4241
0.951   2.41177
0.954   2.39951
0.957   2.38733
0.96   2.37523
0.963   2.3632
0.966   2.35125
0.969   2.33937
0.972   2.32756
0.975   2.31583
0.978   2.30417
0.981   2.29259
0.984   2.28107
0.987   2.26963
0.99   2.25826
0.993   2.24696
0.996   2.23574
0.999   2.22458
1.002   2.21349
1.005   2.20247
1.008   2.19152
1.011   2.18064
1.014   2.16983
1.017   2.15909
1.02   2.14841
1.023   2.1378
1.026   2.12726
1.029   2.11678
1.032   2.10637
1.035   2.09603
1.038   2.08575
1.041   2.07553
1.044   2.06538
1.047   2.0553
1.05   2.04527
1.053   2.03531
1.056   2.02541
1.059   2.01558
1.062   2.0058
1.065   1.99609
1.068   1.98644
1.071   1.97685
1.074   1.96732
1.077   1.95785
1.08   1.94843
1.083   1.93908
1.086   1.92979
1.089   1.92055
1.092   1.91138
1.095   1.90226
1.098   1.89319
1.101   1.88419
1.104   1.87524
1.107   1.86634
1.11   1.8575
1.113   1.84872
1.116   1.83999
1.119   1.83132
1.122   1.8227
1.125   1.81413
1.128   1.80562
1.131   1.79716
1.134   1.78876
1.137   1.7804
1.14   1.7721
1.143   1.76385
1.146   1.75565
1.149   1.7475
1.152   1.7394
1.155   1.73135
1.158   1.72335
1.161   1.7154
1.164   1.7075
1.167   1.69965
1.17   1.69185
1.173   1.6841
1.176   1.67639
1.179   1.66873
1.182   1.66112
1.185   1.65355
1.188   1.64603
1.191   1.63856
1.194   1.63114
1.197   1.62375
1.2   1.61642
1.203   1.60913
1.206   1.60188
1.209   1.59468
1.212   1.58752
1.215   1.5804
1.218   1.57333
1.221   1.5663
1.224   1.55932
1.227   1.55237
1.23   1.54547
1.233   1.53861
1.236   1.53179
1.239   1.52502
1.242   1.51828
1.245   1.51158
1.248   1.50493
1.251   1.49831
1.254   1.49174
1.257   1.4852
1.26   1.47871
1.263   1.47225
1.266   1.46583
1.269   1.45945
1.272   1.45311
1.275   1.4468
1.278   1.44054
1.281   1.43431
1.284   1.42811
1.287   1.42196
1.29   1.41584
1.293   1.40976
1.296   1.40371
1.299   1.3977
1.302   1.39172
1.305   1.38578
1.308   1.37988
1.311   1.37401
1.314   1.36817
1.317   1.36237
1.32   1.3566
1.323   1.35087
1.326   1.34517
1.329   1.3395
1.332   1.33387
1.335   1.32827
1.338   1.3227
1.341   1.31716
1.344   1.31166
1.347   1.30619
1.35   1.30075
1.353   1.29534
1.356   1.28996
1.359   1.28462
1.362   1.2793
1.365   1.27402
1.368   1.26876
1.371   1.26354
1.374   1.25835
1.377   1.25318
1.38   1.24805
1.383   1.24294
1.386   1.23787
1.389   1.23282
1.392   1.2278
1.395   1.22281
1.398   1.21785
1.401   1.21292
1.404   1.20801
1.407   1.20313
1.41   1.19829
1.413   1.19346
1.416   1.18867
1.419   1.1839
1.422   1.17916
1.425   1.17444
1.428   1.16976
1.431   1.16509
1.434   1.16046
1.437   1.15585
1.44   1.15126
1.443   1.14671
1.446   1.14217
1.449   1.13767
1.452   1.13318
1.455   1.12873
1.458   1.12429
1.461   1.11988
1.464   1.1155
1.467   1.11114
1.47   1.1068
1.473   1.10249
1.476   1.0982
1.479   1.09394
1.482   1.0897
1.485   1.08548
1.488   1.08128
1.491   1.07711
1.494   1.07296
1.497   1.06883
1.5   1.06473
1.503   1.06065
1.506   1.05659
1.509   1.05255
1.512   1.04853
1.515   1.04454
1.518   1.04057
1.521   1.03662
1.524   1.03269
1.527   1.02878
1.53   1.02489
1.533   1.02102
1.536   1.01718
1.539   1.01335
1.542   1.00954
1.545   1.00576
1.548   1.00199
1.551   0.99825
1.554   0.994525
1.557   0.99082
1.56   0.987134
1.563   0.983468
1.566   0.979821
1.569   0.976194
1.572   0.972585
1.575   0.968996
1.578   0.965426
1.581   0.961874
1.584   0.958341
1.587   0.954826
1.59   0.95133
1.593   0.947852
1.596   0.944392
1.599   0.94095
1.602   0.937526
1.605   0.93412
1.608   0.930732
1.611   0.927361
1.614   0.924007
1.617   0.920671
1.62   0.917352
1.623   0.91405
1.626   0.910765
1.629   0.907497
1.632   0.904246
1.635   0.901012
1.638   0.897794
1.641   0.894592
1.644   0.891407
1.647   0.888238
1.65   0.885085
1.653   0.881948
1.656   0.878827
1.659   0.875722
1.662   0.872633
1.665   0.869559
1.668   0.866501
1.671   0.863458
1.674   0.86043
1.677   0.857418
1.68   0.854421
1.683   0.851439
1.686   0.848472
1.689   0.845519
1.692   0.842582
1.695   0.839659
1.698   0.83675
1.701   0.833856
1.704   0.830977
1.707   0.828112
1.71   0.82526
1.713   0.822423
1.716   0.819601
1.719   0.816792
1.722   0.813996
1.725   0.811215
1.728   0.808447
1.731   0.805693
1.734   0.802952
1.737   0.800225
1.74   0.797511
1.743   0.794811
1.746   0.792123
1.749   0.789449
1.752   0.786787
1.755   0.784139
1.758   0.781503
1.761   0.77888
1.764   0.77627
1.767   0.773673
1.77   0.771088
1.773   0.768515
1.776   0.765955
1.779   0.763407
1.782   0.760871
1.785   0.758348
1.788   0.755836
1.791   0.753337
1.794   0.750849
1.797   0.748374
1.8   0.74591
1.803   0.743458
1.806   0.741017
1.809   0.738588
1.812   0.736171
1.815   0.733765
1.818   0.73137
1.821   0.728987
1.824   0.726615
1.827   0.724254
1.83   0.721904
1.833   0.719565
1.836   0.717237
1.839   0.71492
1.842   0.712614
1.845   0.710318
1.848   0.708034
1.851   0.70576
1.854   0.703496
1.857   0.701243
1.86   0.699001
1.863   0.696768
1.866   0.694547
1.869   0.692335
1.872   0.690134
1.875   0.687942
1.878   0.685761
1.881   0.68359
1.884   0.681429
1.887   0.679277
1.89   0.677136
1.893   0.675004
1.896   0.672882
1.899   0.67077
1.902   0.668668
1.905   0.666574
1.908   0.664491
1.911   0.662417
1.914   0.660352
1.917   0.658297
1.92   0.65625
1.923   0.654214
1.926   0.652186
1.929   0.650167
1.932   0.648158
1.935   0.646157
1.938   0.644166
1.941   0.642183
1.944   0.640209
1.947   0.638244
1.95   0.636288
1.953   0.634341
1.956   0.632402
1.959   0.630472
1.962   0.62855
1.965   0.626637
1.968   0.624732
1.971   0.622836
1.974   0.620948
1.977   0.619069
1.98   0.617197
1.983   0.615334
1.986   0.61348
1.989   0.611633
1.992   0.609794
1.995   0.607964
1.998   0.606141
2.001   0.604326
2.004   0.60252
2.007   0.600721
2.01   0.59893
2.013   0.597146
2.016   0.595371
2.019   0.593603
2.022   0.591843
2.025   0.59009
2.028   0.588345
2.031   0.586607
2.034   0.584877
2.037   0.583155
2.04   0.581439
2.043   0.579731
2.046   0.578031
2.049   0.576338
2.052   0.574652
2.055   0.572973
2.058   0.571301
2.061   0.569636
2.064   0.567979
2.067   0.566328
2.07   0.564685
2.073   0.563048
2.076   0.561418
2.079   0.559796
2.082   0.55818
2.085   0.556571
2.088   0.554968
2.091   0.553373
2.094   0.551784
2.097   0.550201
2.1   0.548626
2.103   0.547057
2.106   0.545494
2.109   0.543938
2.112   0.542389
2.115   0.540846
2.118   0.539309
2.121   0.537779
2.124   0.536255
2.127   0.534737
2.13   0.533226
2.133   0.531721
2.136   0.530222
2.139   0.528729
2.142   0.527243
2.145   0.525762
2.148   0.524288
2.151   0.522819
2.154   0.521357
2.157   0.519901
2.16   0.51845
2.163   0.517006
2.166   0.515567
2.169   0.514134
2.172   0.512707
2.175   0.511286
2.178   0.509871
2.181   0.508461
2.184   0.507057
2.187   0.505659
2.19   0.504266
2.193   0.502879
2.196   0.501498
2.199   0.500122
2.202   0.498752
2.205   0.497387
2.208   0.496027
2.211   0.494673
2.214   0.493325
2.217   0.491982
2.22   0.490644
2.223   0.489311
2.226   0.487984
2.229   0.486662
2.232   0.485346
2.235   0.484034
2.238   0.482728
2.241   0.481427
2.244   0.480131
2.247   0.47884
2.25   0.477554
2.253   0.476274
2.256   0.474998
2.259   0.473727
2.262   0.472462
2.265   0.471201
2.268   0.469945
2.271   0.468694
2.274   0.467448
2.277   0.466207
2.28   0.464971
2.283   0.463739
2.286   0.462512
2.289   0.46129
2.292   0.460073
2.295   0.458861
2.298   0.457653
2.301   0.45645
2.304   0.455251
2.307   0.454057
2.31   0.452868
2.313   0.451683
2.316   0.450503
2.319   0.449327
2.322   0.448156
2.325   0.446989
2.328   0.445827
2.331   0.444669
2.334   0.443516
2.337   0.442367
2.34   0.441222
2.343   0.440082
2.346   0.438946
2.349   0.437814
2.352   0.436687
2.355   0.435564
2.358   0.434445
2.361   0.43333
2.364   0.43222
2.367   0.431114
2.37   0.430011
2.373   0.428913
2.376   0.42782
2.379   0.42673
2.382   0.425644
2.385   0.424563
2.388   0.423485
2.391   0.422411
2.394   0.421342
2.397   0.420276
2.4   0.419215
2.403   0.418157
2.406   0.417103
2.409   0.416053
2.412   0.415007
2.415   0.413965
2.418   0.412927
2.421   0.411893
2.424   0.410862
2.427   0.409835
2.43   0.408812
2.433   0.407793
2.436   0.406777
2.439   0.405765
2.442   0.404757
2.445   0.403753
2.448   0.402752
2.451   0.401755
2.454   0.400761
2.457   0.399771
2.46   0.398785
2.463   0.397802
2.466   0.396823
2.469   0.395848
2.472   0.394875
2.475   0.393907
2.478   0.392942
2.481   0.39198
2.484   0.391022
2.487   0.390067
2.49   0.389116
2.493   0.388168
2.496   0.387224
2.499   0.386283
2.502   0.385345
2.505   0.384411
2.508   0.38348
2.511   0.382552
2.514   0.381628
2.517   0.380707
2.52   0.379789
2.523   0.378874
2.526   0.377963
2.529   0.377055
2.532   0.37615
2.535   0.375248
2.538   0.37435
2.541   0.373454
2.544   0.372562
2.547   0.371673
2.55   0.370787
2.553   0.369904
2.556   0.369025
2.559   0.368148
2.562   0.367275
2.565   0.366404
2.568   0.365537
2.571   0.364672
2.574   0.363811
2.577   0.362952
2.58   0.362097
2.583   0.361244
2.586   0.360395
2.589   0.359548
2.592   0.358705
2.595   0.357864
2.598   0.357026
2.601   0.356191
2.604   0.355359
2.607   0.35453
2.61   0.353704
2.613   0.35288
2.616   0.35206
2.619   0.351242
2.622   0.350427
2.625   0.349614
2.628   0.348805
2.631   0.347998
2.634   0.347194
2.637   0.346393
2.64   0.345595
2.643   0.344799
2.646   0.344006
2.649   0.343215
2.652   0.342428
2.655   0.341643
2.658   0.34086
2.661   0.340081
2.664   0.339303
2.667   0.338529
2.67   0.337757
2.673   0.336988
2.676   0.336221
2.679   0.335457
2.682   0.334695
2.685   0.333936
2.688   0.33318
2.691   0.332426
2.694   0.331675
2.697   0.330926
2.7   0.330179
2.703   0.329435
2.706   0.328694
2.709   0.327955
2.712   0.327218
2.715   0.326484
2.718   0.325753
2.721   0.325023
2.724   0.324296
2.727   0.323572
2.73   0.32285
2.733   0.32213
2.736   0.321413
2.739   0.320698
2.742   0.319986
2.745   0.319275
2.748   0.318567
2.751   0.317862
2.754   0.317158
2.757   0.316457
2.76   0.315759
2.763   0.315062
2.766   0.314368
2.769   0.313676
2.772   0.312987
2.775   0.312299
2.778   0.311614
2.781   0.310931
2.784   0.31025
2.787   0.309572
2.79   0.308895
2.793   0.308221
2.796   0.307549
2.799   0.306879
2.802   0.306212
2.805   0.305546
2.808   0.304883
2.811   0.304222
2.814   0.303562
2.817   0.302905
2.82   0.30225
2.823   0.301598
2.826   0.300947
2.829   0.300298
2.832   0.299652
2.835   0.299007
2.838   0.298365
2.841   0.297724
2.844   0.297086
2.847   0.296449
2.85   0.295815
2.853   0.295183
2.856   0.294552
2.859   0.293924
2.862   0.293297
2.865   0.292673
2.868   0.29205
2.871   0.29143
2.874   0.290811
2.877   0.290195
2.88   0.28958
2.883   0.288967
2.886   0.288356
2.889   0.287748
2.892   0.287141
2.895   0.286535
2.898   0.285932
2.901   0.285331
2.904   0.284731
2.907   0.284134
2.91   0.283538
2.913   0.282944
2.916   0.282352
2.919   0.281762
2.922   0.281173
2.925   0.280587
2.928   0.280002
2.931   0.279419
2.934   0.278838
2.937   0.278258
2.94   0.277681
2.943   0.277105
2.946   0.276531
2.949   0.275958
2.952   0.275388
2.955   0.274819
2.958   0.274252
2.961   0.273686
2.964   0.273123
2.967   0.272561
2.97   0.272001
2.973   0.271442
2.976   0.270885
2.979   0.27033
2.982   0.269777
2.985   0.269225
2.988   0.268675
2.991   0.268127
2.994   0.26758
2.997   0.267035
