0.003   -nan(ind)
0.006   -nan(ind)
0.009   0
0.012   2.21551e-08
0.015   1.71645e-06
0.018   2.9161e-05
0.021   0.000210243
0.024   0.000892493
0.027   0.00267229
0.03   0.00628475
0.033   0.0124267
0.036   0.0216106
0.039   0.0340956
0.042   0.0498924
0.045   0.0688131
0.048   0.0905383
0.051   0.114681
0.054   0.14084
0.057   0.168634
0.06   0.197721
0.063   0.227817
0.066   0.258688
0.069   0.290154
0.072   0.322081
0.075   0.354376
0.078   0.386975
0.081   0.419844
0.084   0.452965
0.087   0.486339
0.09   0.519974
0.093   0.553889
0.096   0.588107
0.099   0.622651
0.102   0.65755
0.105   0.69283
0.108   0.728516
0.111   0.764632
0.114   0.801201
0.117   0.83824
0.12   0.875767
0.123   0.913793
0.126   0.95233
0.129   0.991383
0.132   1.03096
0.135   1.07105
0.138   1.11165
0.141   1.15277
0.144   1.19439
0.147   1.23649
0.15   1.27906
0.153   1.32208
0.156   1.36553
0.159   1.40939
0.162   1.45364
0.165   1.49823
0.168   1.54315
0.171   1.58837
0.174   1.63385
0.177   1.67955
0.18   1.72545
0.183   1.7715
0.186   1.81767
0.189   1.86393
0.192   1.91024
0.195   1.95655
0.198   2.00283
0.201   2.04905
0.204   2.09516
0.207   2.14114
0.21   2.18693
0.213   2.23251
0.216   2.27784
0.219   2.32289
0.222   2.36762
0.225   2.412
0.228   2.45599
0.231   2.49957
0.234   2.54271
0.237   2.58537
0.24   2.62753
0.243   2.66916
0.246   2.71023
0.249   2.75073
0.252   2.79062
0.255   2.82989
0.258   2.86852
0.261   2.90648
0.264   2.94376
0.267   2.98033
0.27   3.0162
0.273   3.05133
0.276   3.08572
0.279   3.11936
0.282   3.15223
0.285   3.18432
0.288   3.21563
0.291   3.24615
0.294   3.27586
0.297   3.30478
0.3   3.33288
0.303   3.36017
0.306   3.38665
0.309   3.4123
0.312   3.43714
0.315   3.46117
0.318   3.48437
0.321   3.50676
0.324   3.52834
0.327   3.5491
0.33   3.56906
0.333   3.58822
0.336   3.60658
0.339   3.62415
0.342   3.64093
0.345   3.65694
0.348   3.67217
0.351   3.68664
0.354   3.70035
0.357   3.71332
0.36   3.72554
0.363   3.73704
0.366   3.74782
0.369   3.75789
0.372   3.76725
0.375   3.77593
0.378   3.78393
0.381   3.79125
0.384   3.79792
0.387   3.80395
0.39   3.80934
0.393   3.8141
0.396   3.81825
0.399   3.8218
0.402   3.82476
0.405   3.82714
0.408   3.82896
0.411   3.83022
0.414   3.83094
0.417   3.83113
0.42   3.83079
0.423   3.82995
0.426   3.82861
0.429   3.82679
0.432   3.8245
0.435   3.82174
0.438   3.81853
0.441   3.81489
0.444   3.81081
0.447   3.80632
0.45   3.80143
0.453   3.79614
0.456   3.79046
0.459   3.78441
0.462   3.778
0.465   3.77123
0.468   3.76413
0.471   3.75669
0.474   3.74892
0.477   3.74085
0.48   3.73247
0.483   3.7238
0.486   3.71485
0.489   3.70562
0.492   3.69612
0.495   3.68637
0.498   3.67637
0.501   3.66613
0.504   3.65566
0.507   3.64497
0.51   3.63406
0.513   3.62295
0.516   3.61164
0.519   3.60013
0.522   3.58844
0.525   3.57658
0.528   3.56454
0.531   3.55235
0.534   3.54
0.537   3.5275
0.54   3.51485
0.543   3.50208
0.546   3.48917
0.549   3.47614
0.552   3.46299
0.555   3.44973
0.558   3.43637
0.561   3.4229
0.564   3.40934
0.567   3.39569
0.57   3.38196
0.573   3.36815
0.576   3.35426
0.579   3.3403
0.582   3.32628
0.585   3.3122
0.588   3.29806
0.591   3.28387
0.594   3.26963
0.597   3.25535
0.6   3.24103
0.603   3.22667
0.606   3.21228
0.609   3.19787
0.612   3.18342
0.615   3.16896
0.618   3.15448
0.621   3.13998
0.624   3.12547
0.627   3.11095
0.63   3.09643
0.633   3.08191
0.636   3.06738
0.639   3.05285
0.642   3.03834
0.645   3.02382
0.648   3.00932
0.651   2.99483
0.654   2.98036
0.657   2.9659
0.66   2.95146
0.663   2.93704
0.666   2.92265
0.669   2.90827
0.672   2.89393
0.675   2.87961
0.678   2.86533
0.681   2.85107
0.684   2.83685
0.687   2.82267
0.69   2.80852
0.693   2.79441
0.696   2.78034
0.699   2.76631
0.702   2.75232
0.705   2.73837
0.708   2.72447
0.711   2.71061
0.714   2.6968
0.717   2.68304
0.72   2.66932
0.723   2.65565
0.726   2.64204
0.729   2.62848
0.732   2.61496
0.735   2.6015
0.738   2.5881
0.741   2.57475
0.744   2.56145
0.747   2.54821
0.75   2.53502
0.753   2.52189
0.756   2.50882
0.759   2.49581
0.762   2.48285
0.765   2.46996
0.768   2.45712
0.771   2.44434
0.774   2.43163
0.777   2.41897
0.78   2.40637
0.783   2.39383
0.786   2.38136
0.789   2.36895
0.792   2.3566
0.795   2.34431
0.798   2.33208
0.801   2.31991
0.804   2.30781
0.807   2.29577
0.81   2.28379
0.813   2.27188
0.816   2.26003
0.819   2.24824
0.822   2.23651
0.825   2.22485
0.828   2.21325
0.831   2.20171
0.834   2.19024
0.837   2.17883
0.84   2.16748
0.843   2.1562
0.846   2.14498
0.849   2.13382
0.852   2.12272
0.855   2.11169
0.858   2.10072
0.861   2.08981
0.864   2.07897
0.867   2.06819
0.87   2.05746
0.873   2.04681
0.876   2.03621
0.879   2.02568
0.882   2.0152
0.885   2.00479
0.888   1.99444
0.891   1.98415
0.894   1.97392
0.897   1.96375
0.9   1.95365
0.903   1.9436
0.906   1.93361
0.909   1.92368
0.912   1.91382
0.915   1.90401
0.918   1.89426
0.921   1.88457
0.924   1.87494
0.927   1.86536
0.93   1.85585
0.933   1.84639
0.936   1.83699
0.939   1.82765
0.942   1.81836
0.945   1.80913
0.948   1.79996
0.951   1.79084
0.954   1.78178
0.957   1.77278
0.96   1.76383
0.963   1.75494
0.966   1.7461
0.969   1.73732
0.972   1.72859
0.975   1.71991
0.978   1.71129
0.981   1.70272
0.984   1.6942
0.987   1.68574
0.99   1.67733
0.993   1.66898
0.996   1.66067
0.999   1.65242
1.002   1.64421
1.005   1.63606
1.008   1.62796
1.011   1.61991
1.014   1.61191
1.017   1.60396
1.02   1.59606
1.023   1.58821
1.026   1.58041
1.029   1.57266
1.032   1.56495
1.035   1.5573
1.038   1.54969
1.041   1.54213
1.044   1.53462
1.047   1.52715
1.05   1.51973
1.053   1.51236
1.056   1.50503
1.059   1.49775
1.062   1.49051
1.065   1.48332
1.068   1.47617
1.071   1.46907
1.074   1.46202
1.077   1.455
1.08   1.44803
1.083   1.44111
1.086   1.43423
1.089   1.42739
1.092   1.42059
1.095   1.41383
1.098   1.40712
1.101   1.40045
1.104   1.39382
1.107   1.38724
1.11   1.38069
1.113   1.37418
1.116   1.36772
1.119   1.36129
1.122   1.35491
1.125   1.34856
1.128   1.34225
1.131   1.33599
1.134   1.32976
1.137   1.32357
1.14   1.31742
1.143   1.3113
1.146   1.30523
1.149   1.29919
1.152   1.29319
1.155   1.28722
1.158   1.2813
1.161   1.27541
1.164   1.26955
1.167   1.26373
1.17   1.25795
1.173   1.2522
1.176   1.24649
1.179   1.24081
1.182   1.23517
1.185   1.22956
1.188   1.22399
1.191   1.21845
1.194   1.21295
1.197   1.20747
1.2   1.20203
1.203   1.19663
1.206   1.19126
1.209   1.18592
1.212   1.18061
1.215   1.17533
1.218   1.17009
1.221   1.16488
1.224   1.1597
1.227   1.15455
1.23   1.14943
1.233   1.14435
1.236   1.13929
1.239   1.13426
1.242   1.12927
1.245   1.1243
1.248   1.11937
1.251   1.11446
1.254   1.10959
1.257   1.10474
1.26   1.09992
1.263   1.09513
1.266   1.09037
1.269   1.08564
1.272   1.08093
1.275   1.07626
1.278   1.07161
1.281   1.06699
1.284   1.06239
1.287   1.05783
1.29   1.05329
1.293   1.04878
1.296   1.04429
1.299   1.03983
1.302   1.0354
1.305   1.03099
1.308   1.02661
1.311   1.02225
1.314   1.01792
1.317   1.01362
1.32   1.00934
1.323   1.00508
1.326   1.00086
1.329   0.99665
1.332   0.99247
1.335   0.988314
1.338   0.984182
1.341   0.980074
1.344   0.97599
1.347   0.971929
1.35   0.967892
1.353   0.963878
1.356   0.959888
1.359   0.95592
1.362   0.951975
1.365   0.948053
1.368   0.944154
1.371   0.940276
1.374   0.936421
1.377   0.932588
1.38   0.928777
1.383   0.924988
1.386   0.92122
1.389   0.917474
1.392   0.913749
1.395   0.910045
1.398   0.906362
1.401   0.9027
1.404   0.899059
1.407   0.895438
1.41   0.891838
1.413   0.888258
1.416   0.884698
1.419   0.881158
1.422   0.877638
1.425   0.874138
1.428   0.870657
1.431   0.867196
1.434   0.863754
1.437   0.860331
1.44   0.856928
1.443   0.853543
1.446   0.850177
1.449   0.84683
1.452   0.843501
1.455   0.840191
1.458   0.836899
1.461   0.833625
1.464   0.83037
1.467   0.827132
1.47   0.823912
1.473   0.82071
1.476   0.817525
1.479   0.814358
1.482   0.811208
1.485   0.808075
1.488   0.804959
1.491   0.801861
1.494   0.798779
1.497   0.795714
1.5   0.792665
1.503   0.789633
1.506   0.786618
1.509   0.783619
1.512   0.780636
1.515   0.777669
1.518   0.774718
1.521   0.771783
1.524   0.768863
1.527   0.76596
1.53   0.763072
1.533   0.760199
1.536   0.757342
1.539   0.7545
1.542   0.751673
1.545   0.748861
1.548   0.746064
1.551   0.743282
1.554   0.740515
1.557   0.737762
1.56   0.735024
1.563   0.7323
1.566   0.729591
1.569   0.726896
1.572   0.724215
1.575   0.721548
1.578   0.718895
1.581   0.716256
1.584   0.713631
1.587   0.71102
1.59   0.708422
1.593   0.705838
1.596   0.703267
1.599   0.700709
1.602   0.698165
1.605   0.695634
1.608   0.693116
1.611   0.690611
1.614   0.688119
1.617   0.68564
1.62   0.683174
1.623   0.68072
1.626   0.678279
1.629   0.67585
1.632   0.673434
1.635   0.67103
1.638   0.668639
1.641   0.666259
1.644   0.663892
1.647   0.661537
1.65   0.659194
1.653   0.656862
1.656   0.654543
1.659   0.652235
1.662   0.649939
1.665   0.647654
1.668   0.645381
1.671   0.643119
1.674   0.640869
1.677   0.63863
1.68   0.636402
1.683   0.634186
1.686   0.63198
1.689   0.629785
1.692   0.627602
1.695   0.625429
1.698   0.623267
1.701   0.621116
1.704   0.618975
1.707   0.616846
1.71   0.614726
1.713   0.612617
1.716   0.610519
1.719   0.60843
1.722   0.606352
1.725   0.604285
1.728   0.602227
1.731   0.60018
1.734   0.598142
1.737   0.596114
1.74   0.594097
1.743   0.592089
1.746   0.590091
1.749   0.588103
1.752   0.586124
1.755   0.584155
1.758   0.582195
1.761   0.580245
1.764   0.578304
1.767   0.576373
1.77   0.574451
1.773   0.572538
1.776   0.570634
1.779   0.56874
1.782   0.566854
1.785   0.564978
1.788   0.563111
1.791   0.561252
1.794   0.559402
1.797   0.557561
1.8   0.555729
1.803   0.553906
1.806   0.552091
1.809   0.550285
1.812   0.548487
1.815   0.546698
1.818   0.544917
1.821   0.543145
1.824   0.541381
1.827   0.539625
1.83   0.537877
1.833   0.536138
1.836   0.534407
1.839   0.532684
1.842   0.530968
1.845   0.529261
1.848   0.527562
1.851   0.525871
1.854   0.524187
1.857   0.522512
1.86   0.520844
1.863   0.519184
1.866   0.517531
1.869   0.515886
1.872   0.514249
1.875   0.512619
1.878   0.510997
1.881   0.509382
1.884   0.507774
1.887   0.506174
1.89   0.504581
1.893   0.502996
1.896   0.501417
1.899   0.499846
1.902   0.498282
1.905   0.496725
1.908   0.495175
1.911   0.493633
1.914   0.492097
1.917   0.490568
1.92   0.489046
1.923   0.48753
1.926   0.486022
1.929   0.48452
1.932   0.483026
1.935   0.481537
1.938   0.480056
1.941   0.478581
1.944   0.477113
1.947   0.475651
1.95   0.474196
1.953   0.472747
1.956   0.471304
1.959   0.469868
1.962   0.468439
1.965   0.467015
1.968   0.465598
1.971   0.464188
1.974   0.462783
1.977   0.461385
1.98   0.459992
1.983   0.458606
1.986   0.457226
1.989   0.455852
1.992   0.454484
1.995   0.453122
1.998   0.451766
2.001   0.450416
2.004   0.449072
2.007   0.447733
2.01   0.446401
2.013   0.445074
2.016   0.443753
2.019   0.442437
2.022   0.441127
2.025   0.439823
2.028   0.438525
2.031   0.437232
2.034   0.435945
2.037   0.434663
2.04   0.433386
2.043   0.432116
2.046   0.43085
2.049   0.42959
2.052   0.428335
2.055   0.427086
2.058   0.425842
2.061   0.424603
2.064   0.42337
2.067   0.422142
2.07   0.420918
2.073   0.419701
2.076   0.418488
2.079   0.41728
2.082   0.416078
2.085   0.41488
2.088   0.413688
2.091   0.4125
2.094   0.411318
2.097   0.41014
2.1   0.408968
2.103   0.4078
2.106   0.406637
2.109   0.405479
2.112   0.404326
2.115   0.403177
2.118   0.402034
2.121   0.400895
2.124   0.399761
2.127   0.398631
2.13   0.397506
2.133   0.396386
2.136   0.39527
2.139   0.394159
2.142   0.393053
2.145   0.391951
2.148   0.390854
2.151   0.389761
2.154   0.388672
2.157   0.387588
2.16   0.386509
2.163   0.385433
2.166   0.384363
2.169   0.383296
2.172   0.382234
2.175   0.381176
2.178   0.380123
2.181   0.379073
2.184   0.378028
2.187   0.376987
2.19   0.375951
2.193   0.374918
2.196   0.37389
2.199   0.372866
2.202   0.371846
2.205   0.37083
2.208   0.369818
2.211   0.36881
2.214   0.367806
2.217   0.366806
2.22   0.36581
2.223   0.364818
2.226   0.36383
2.229   0.362846
2.232   0.361866
2.235   0.36089
2.238   0.359917
2.241   0.358949
2.244   0.357984
2.247   0.357023
2.25   0.356066
2.253   0.355112
2.256   0.354163
2.259   0.353217
2.262   0.352274
2.265   0.351336
2.268   0.350401
2.271   0.34947
2.274   0.348542
2.277   0.347618
2.28   0.346697
2.283   0.34578
2.286   0.344867
2.289   0.343957
2.292   0.343051
2.295   0.342148
2.298   0.341249
2.301   0.340353
2.304   0.339461
2.307   0.338572
2.31   0.337686
2.313   0.336804
2.316   0.335926
2.319   0.33505
2.322   0.334178
2.325   0.333309
2.328   0.332444
2.331   0.331582
2.334   0.330723
2.337   0.329868
2.34   0.329015
2.343   0.328166
2.346   0.32732
2.349   0.326478
2.352   0.325638
2.355   0.324802
2.358   0.323969
2.361   0.323139
2.364   0.322312
2.367   0.321488
2.37   0.320668
2.373   0.31985
2.376   0.319035
2.379   0.318224
2.382   0.317415
2.385   0.31661
2.388   0.315808
2.391   0.315008
2.394   0.314212
2.397   0.313418
2.4   0.312628
2.403   0.31184
2.406   0.311055
2.409   0.310273
2.412   0.309494
2.415   0.308718
2.418   0.307945
2.421   0.307175
2.424   0.306407
2.427   0.305643
2.43   0.304881
2.433   0.304122
2.436   0.303365
2.439   0.302612
2.442   0.301861
2.445   0.301113
2.448   0.300368
2.451   0.299625
2.454   0.298885
2.457   0.298148
2.46   0.297413
2.463   0.296681
2.466   0.295952
2.469   0.295225
2.472   0.294502
2.475   0.29378
2.478   0.293061
2.481   0.292345
2.484   0.291632
2.487   0.290921
2.49   0.290212
2.493   0.289506
2.496   0.288803
2.499   0.288102
2.502   0.287403
2.505   0.286707
2.508   0.286014
2.511   0.285323
2.514   0.284635
2.517   0.283948
2.52   0.283265
2.523   0.282584
2.526   0.281905
2.529   0.281228
2.532   0.280554
2.535   0.279883
2.538   0.279214
2.541   0.278547
2.544   0.277882
2.547   0.27722
2.55   0.27656
2.553   0.275902
2.556   0.275247
2.559   0.274594
2.562   0.273944
2.565   0.273295
2.568   0.272649
2.571   0.272005
2.574   0.271363
2.577   0.270724
2.58   0.270087
2.583   0.269452
2.586   0.268819
2.589   0.268188
2.592   0.26756
2.595   0.266934
2.598   0.266309
2.601   0.265688
2.604   0.265068
2.607   0.26445
2.61   0.263834
2.613   0.263221
2.616   0.26261
2.619   0.262
2.622   0.261393
2.625   0.260788
2.628   0.260185
2.631   0.259584
2.634   0.258985
2.637   0.258388
2.64   0.257794
2.643   0.257201
2.646   0.25661
2.649   0.256021
2.652   0.255434
2.655   0.254849
2.658   0.254267
2.661   0.253686
2.664   0.253107
2.667   0.25253
2.67   0.251955
2.673   0.251382
2.676   0.25081
2.679   0.250241
2.682   0.249674
2.685   0.249108
2.688   0.248545
2.691   0.247983
2.694   0.247423
2.697   0.246865
2.7   0.246309
2.703   0.245755
2.706   0.245202
2.709   0.244652
2.712   0.244103
2.715   0.243556
2.718   0.243011
2.721   0.242468
2.724   0.241926
2.727   0.241386
2.73   0.240848
2.733   0.240312
2.736   0.239778
2.739   0.239245
2.742   0.238714
2.745   0.238185
2.748   0.237657
2.751   0.237132
2.754   0.236608
2.757   0.236085
2.76   0.235565
2.763   0.235046
2.766   0.234529
2.769   0.234013
2.772   0.233499
2.775   0.232987
2.778   0.232477
2.781   0.231968
2.784   0.23146
2.787   0.230955
2.79   0.230451
2.793   0.229948
2.796   0.229448
2.799   0.228949
2.802   0.228451
2.805   0.227955
2.808   0.227461
2.811   0.226968
2.814   0.226477
2.817   0.225987
2.82   0.225499
2.823   0.225013
2.826   0.224528
2.829   0.224045
2.832   0.223563
2.835   0.223082
2.838   0.222604
2.841   0.222126
2.844   0.221651
2.847   0.221176
2.85   0.220704
2.853   0.220233
2.856   0.219763
2.859   0.219294
2.862   0.218828
2.865   0.218362
2.868   0.217898
2.871   0.217436
2.874   0.216975
2.877   0.216516
2.88   0.216058
2.883   0.215601
2.886   0.215146
2.889   0.214692
2.892   0.21424
2.895   0.213789
2.898   0.213339
2.901   0.212891
2.904   0.212444
2.907   0.211999
2.91   0.211555
2.913   0.211112
2.916   0.210671
2.919   0.210231
2.922   0.209792
2.925   0.209355
2.928   0.208919
2.931   0.208485
2.934   0.208052
2.937   0.20762
2.94   0.207189
2.943   0.20676
2.946   0.206332
2.949   0.205906
2.952   0.205481
2.955   0.205057
2.958   0.204634
2.961   0.204213
2.964   0.203793
2.967   0.203374
2.97   0.202956
2.973   0.20254
2.976   0.202125
2.979   0.201711
2.982   0.201299
2.985   0.200888
2.988   0.200478
2.991   0.200069
2.994   0.199661
2.997   0.199255
