0.003			-nan(ind)
0.006			0
0.009			0
0.012			1.60366e-09
0.015			2.16558e-07
0.018			5.39464e-06
0.021			5.11215e-05
0.024			0.000266398
0.027			0.000935567
0.03			0.00249982
0.033			0.00548734
0.036			0.010412
0.039			0.0176872
0.042			0.0275782
0.045			0.040194
0.048			0.0555069
0.051			0.0733854
0.054			0.0936298
0.057			0.116004
0.06			0.14026
0.063			0.166157
0.066			0.193468
0.069			0.221993
0.072			0.251554
0.075			0.282001
0.078			0.313207
0.081			0.345067
0.084			0.377496
0.087			0.410425
0.09			0.443802
0.093			0.477584
0.096			0.511741
0.099			0.546249
0.102			0.581094
0.105			0.616263
0.108			0.651752
0.111			0.687557
0.114			0.723677
0.117			0.760112
0.12			0.796864
0.123			0.833934
0.126			0.871322
0.129			0.909028
0.132			0.947052
0.135			0.98539
0.138			1.02404
0.141			1.06299
0.144			1.10224
0.147			1.14178
0.15			1.18159
0.153			1.22166
0.156			1.26198
0.159			1.30253
0.162			1.34329
0.165			1.38424
0.168			1.42535
0.171			1.46661
0.174			1.50799
0.177			1.54946
0.18			1.591
0.183			1.63258
0.186			1.67417
0.189			1.71575
0.192			1.75727
0.195			1.79873
0.198			1.84008
0.201			1.88129
0.204			1.92235
0.207			1.96321
0.21			2.00385
0.213			2.04424
0.216			2.08435
0.219			2.12416
0.222			2.16364
0.225			2.20277
0.228			2.24151
0.231			2.27984
0.234			2.31775
0.237			2.3552
0.24			2.39217
0.243			2.42865
0.246			2.46462
0.249			2.50005
0.252			2.53492
0.255			2.56923
0.258			2.60295
0.261			2.63606
0.264			2.66856
0.267			2.70044
0.27			2.73167
0.273			2.76225
0.276			2.79216
0.279			2.82141
0.282			2.84997
0.285			2.87785
0.288			2.90503
0.291			2.93152
0.294			2.9573
0.297			2.98237
0.3			3.00673
0.303			3.03037
0.306			3.0533
0.309			3.07552
0.312			3.09702
0.315			3.1178
0.318			3.13787
0.321			3.15722
0.324			3.17587
0.327			3.1938
0.33			3.21104
0.333			3.22757
0.336			3.24341
0.339			3.25856
0.342			3.27303
0.345			3.28682
0.348			3.29993
0.351			3.31238
0.354			3.32417
0.357			3.33531
0.36			3.34581
0.363			3.35567
0.366			3.36491
0.369			3.37352
0.372			3.38153
0.375			3.38894
0.378			3.39575
0.381			3.40198
0.384			3.40764
0.387			3.41274
0.39			3.41728
0.393			3.42128
0.396			3.42475
0.399			3.42769
0.402			3.43011
0.405			3.43204
0.408			3.43347
0.411			3.43441
0.414			3.43488
0.417			3.43489
0.42			3.43444
0.423			3.43356
0.426			3.43223
0.429			3.43049
0.432			3.42833
0.435			3.42576
0.438			3.42281
0.441			3.41947
0.444			3.41575
0.447			3.41167
0.45			3.40724
0.453			3.40246
0.456			3.39734
0.459			3.3919
0.462			3.38613
0.465			3.38006
0.468			3.37369
0.471			3.36703
0.474			3.36008
0.477			3.35286
0.48			3.34537
0.483			3.33763
0.486			3.32963
0.489			3.3214
0.492			3.31293
0.495			3.30423
0.498			3.29532
0.501			3.28619
0.504			3.27686
0.507			3.26734
0.51			3.25762
0.513			3.24773
0.516			3.23766
0.519			3.22742
0.522			3.21701
0.525			3.20645
0.528			3.19574
0.531			3.18489
0.534			3.1739
0.537			3.16278
0.54			3.15153
0.543			3.14017
0.546			3.12868
0.549			3.11709
0.552			3.1054
0.555			3.0936
0.558			3.08171
0.561			3.06973
0.564			3.05767
0.567			3.04553
0.57			3.03331
0.573			3.02102
0.576			3.00866
0.579			2.99625
0.582			2.98377
0.585			2.97124
0.588			2.95866
0.591			2.94603
0.594			2.93336
0.597			2.92065
0.6			2.90791
0.603			2.89513
0.606			2.88232
0.609			2.86949
0.612			2.85664
0.615			2.84376
0.618			2.83087
0.621			2.81796
0.624			2.80504
0.627			2.79211
0.63			2.77918
0.633			2.76625
0.636			2.75331
0.639			2.74037
0.642			2.72744
0.645			2.71451
0.648			2.70159
0.651			2.68868
0.654			2.67579
0.657			2.6629
0.66			2.65004
0.663			2.63719
0.666			2.62436
0.669			2.61155
0.672			2.59876
0.675			2.586
0.678			2.57327
0.681			2.56056
0.684			2.54788
0.687			2.53523
0.69			2.52262
0.693			2.51003
0.696			2.49748
0.699			2.48497
0.702			2.47249
0.705			2.46005
0.708			2.44765
0.711			2.43528
0.714			2.42296
0.717			2.41068
0.72			2.39844
0.723			2.38625
0.726			2.37409
0.729			2.36199
0.732			2.34993
0.735			2.33791
0.738			2.32595
0.741			2.31403
0.744			2.30215
0.747			2.29033
0.75			2.27856
0.753			2.26683
0.756			2.25516
0.759			2.24354
0.762			2.23197
0.765			2.22045
0.768			2.20898
0.771			2.19756
0.774			2.1862
0.777			2.17489
0.78			2.16364
0.783			2.15243
0.786			2.14129
0.789			2.13019
0.792			2.11915
0.795			2.10817
0.798			2.09724
0.801			2.08636
0.804			2.07554
0.807			2.06478
0.81			2.05407
0.813			2.04342
0.816			2.03282
0.819			2.02228
0.822			2.01179
0.825			2.00136
0.828			1.99099
0.831			1.98067
0.834			1.9704
0.837			1.9602
0.84			1.95004
0.843			1.93995
0.846			1.92991
0.849			1.91993
0.852			1.91
0.855			1.90012
0.858			1.89031
0.861			1.88055
0.864			1.87084
0.867			1.86119
0.87			1.85159
0.873			1.84205
0.876			1.83257
0.879			1.82314
0.882			1.81376
0.885			1.80444
0.888			1.79517
0.891			1.78596
0.894			1.7768
0.897			1.76769
0.9			1.75864
0.903			1.74964
0.906			1.74069
0.909			1.7318
0.912			1.72296
0.915			1.71418
0.918			1.70544
0.921			1.69676
0.924			1.68813
0.927			1.67956
0.93			1.67103
0.933			1.66255
0.936			1.65413
0.939			1.64576
0.942			1.63744
0.945			1.62917
0.948			1.62095
0.951			1.61278
0.954			1.60466
0.957			1.59659
0.96			1.58856
0.963			1.58059
0.966			1.57267
0.969			1.56479
0.972			1.55697
0.975			1.54919
0.978			1.54146
0.981			1.53377
0.984			1.52614
0.987			1.51855
0.99			1.51101
0.993			1.50351
0.996			1.49606
0.999			1.48866
1.002			1.4813
1.005			1.47399
1.008			1.46673
1.011			1.45951
1.014			1.45233
1.017			1.4452
1.02			1.43811
1.023			1.43107
1.026			1.42407
1.029			1.41711
1.032			1.4102
1.035			1.40333
1.038			1.3965
1.041			1.38972
1.044			1.38297
1.047			1.37627
1.05			1.36961
1.053			1.363
1.056			1.35642
1.059			1.34988
1.062			1.34339
1.065			1.33693
1.068			1.33052
1.071			1.32414
1.074			1.31781
1.077			1.31151
1.08			1.30526
1.083			1.29904
1.086			1.29286
1.089			1.28672
1.092			1.28061
1.095			1.27455
1.098			1.26852
1.101			1.26253
1.104			1.25658
1.107			1.25066
1.11			1.24478
1.113			1.23894
1.116			1.23313
1.119			1.22736
1.122			1.22163
1.125			1.21593
1.128			1.21026
1.131			1.20463
1.134			1.19904
1.137			1.19347
1.14			1.18795
1.143			1.18246
1.146			1.177
1.149			1.17157
1.152			1.16618
1.155			1.16082
1.158			1.15549
1.161			1.1502
1.164			1.14494
1.167			1.13971
1.17			1.13451
1.173			1.12935
1.176			1.12422
1.179			1.11911
1.182			1.11404
1.185			1.109
1.188			1.10399
1.191			1.09902
1.194			1.09407
1.197			1.08915
1.2			1.08426
1.203			1.0794
1.206			1.07457
1.209			1.06977
1.212			1.065
1.215			1.06026
1.218			1.05554
1.221			1.05086
1.224			1.0462
1.227			1.04157
1.23			1.03697
1.233			1.0324
1.236			1.02785
1.239			1.02333
1.242			1.01884
1.245			1.01437
1.248			1.00993
1.251			1.00552
1.254			1.00114
1.257			0.996778
1.26			0.992444
1.263			0.988137
1.266			0.983855
1.269			0.979598
1.272			0.975367
1.275			0.971161
1.278			0.966979
1.281			0.962823
1.284			0.95869
1.287			0.954583
1.29			0.950499
1.293			0.94644
1.296			0.942404
1.299			0.938392
1.302			0.934404
1.305			0.930439
1.308			0.926497
1.311			0.922578
1.314			0.918682
1.317			0.914809
1.32			0.910959
1.323			0.907131
1.326			0.903325
1.329			0.899541
1.332			0.895779
1.335			0.892039
1.338			0.888321
1.341			0.884624
1.344			0.880949
1.347			0.877294
1.35			0.873661
1.353			0.870049
1.356			0.866457
1.359			0.862886
1.362			0.859336
1.365			0.855805
1.368			0.852295
1.371			0.848806
1.374			0.845336
1.377			0.841885
1.38			0.838455
1.383			0.835044
1.386			0.831652
1.389			0.82828
1.392			0.824926
1.395			0.821592
1.398			0.818276
1.401			0.814979
1.404			0.811701
1.407			0.808441
1.41			0.8052
1.413			0.801977
1.416			0.798771
1.419			0.795584
1.422			0.792415
1.425			0.789263
1.428			0.786129
1.431			0.783012
1.434			0.779913
1.437			0.776831
1.44			0.773766
1.443			0.770718
1.446			0.767687
1.449			0.764673
1.452			0.761675
1.455			0.758694
1.458			0.755729
1.461			0.752781
1.464			0.749849
1.467			0.746932
1.47			0.744032
1.473			0.741148
1.476			0.73828
1.479			0.735427
1.482			0.73259
1.485			0.729768
1.488			0.726962
1.491			0.72417
1.494			0.721394
1.497			0.718633
1.5			0.715887
1.503			0.713156
1.506			0.71044
1.509			0.707738
1.512			0.70505
1.515			0.702378
1.518			0.699719
1.521			0.697075
1.524			0.694445
1.527			0.691829
1.53			0.689227
1.533			0.686639
1.536			0.684064
1.539			0.681503
1.542			0.678956
1.545			0.676423
1.548			0.673903
1.551			0.671396
1.554			0.668902
1.557			0.666422
1.56			0.663955
1.563			0.6615
1.566			0.659059
1.569			0.65663
1.572			0.654214
1.575			0.651811
1.578			0.64942
1.581			0.647042
1.584			0.644676
1.587			0.642323
1.59			0.639982
1.593			0.637653
1.596			0.635336
1.599			0.633031
1.602			0.630738
1.605			0.628457
1.608			0.626187
1.611			0.623929
1.614			0.621683
1.617			0.619449
1.62			0.617226
1.623			0.615014
1.626			0.612814
1.629			0.610624
1.632			0.608446
1.635			0.60628
1.638			0.604124
1.641			0.601979
1.644			0.599845
1.647			0.597722
1.65			0.595609
1.653			0.593508
1.656			0.591417
1.659			0.589336
1.662			0.587266
1.665			0.585206
1.668			0.583157
1.671			0.581118
1.674			0.579089
1.677			0.577071
1.68			0.575062
1.683			0.573064
1.686			0.571075
1.689			0.569096
1.692			0.567127
1.695			0.565168
1.698			0.563219
1.701			0.561279
1.704			0.559349
1.707			0.557429
1.71			0.555518
1.713			0.553616
1.716			0.551724
1.719			0.549841
1.722			0.547967
1.725			0.546102
1.728			0.544247
1.731			0.5424
1.734			0.540563
1.737			0.538734
1.74			0.536915
1.743			0.535104
1.746			0.533302
1.749			0.531509
1.752			0.529724
1.755			0.527948
1.758			0.526181
1.761			0.524422
1.764			0.522672
1.767			0.52093
1.77			0.519197
1.773			0.517471
1.776			0.515754
1.779			0.514046
1.782			0.512345
1.785			0.510653
1.788			0.508968
1.791			0.507292
1.794			0.505623
1.797			0.503963
1.8			0.50231
1.803			0.500665
1.806			0.499028
1.809			0.497399
1.812			0.495777
1.815			0.494163
1.818			0.492557
1.821			0.490958
1.824			0.489367
1.827			0.487783
1.83			0.486206
1.833			0.484637
1.836			0.483075
1.839			0.481521
1.842			0.479973
1.845			0.478433
1.848			0.4769
1.851			0.475374
1.854			0.473856
1.857			0.472344
1.86			0.470839
1.863			0.469341
1.866			0.46785
1.869			0.466366
1.872			0.464889
1.875			0.463418
1.878			0.461955
1.881			0.460498
1.884			0.459047
1.887			0.457603
1.89			0.456166
1.893			0.454735
1.896			0.453311
1.899			0.451894
1.902			0.450482
1.905			0.449077
1.908			0.447679
1.911			0.446287
1.914			0.444901
1.917			0.443521
1.92			0.442147
1.923			0.44078
1.926			0.439419
1.929			0.438064
1.932			0.436715
1.935			0.435372
1.938			0.434035
1.941			0.432704
1.944			0.431379
1.947			0.43006
1.95			0.428746
1.953			0.427439
1.956			0.426137
1.959			0.424841
1.962			0.423551
1.965			0.422266
1.968			0.420987
1.971			0.419714
1.974			0.418446
1.977			0.417184
1.98			0.415928
1.983			0.414677
1.986			0.413431
1.989			0.412191
1.992			0.410956
1.995			0.409727
1.998			0.408503
2.001			0.407284
2.004			0.406071
2.007			0.404863
2.01			0.40366
2.013			0.402462
2.016			0.401269
2.019			0.400082
2.022			0.3989
2.025			0.397723
2.028			0.39655
2.031			0.395383
2.034			0.394221
2.037			0.393064
2.04			0.391912
2.043			0.390765
2.046			0.389622
2.049			0.388485
2.052			0.387352
2.055			0.386224
2.058			0.385101
2.061			0.383983
2.064			0.38287
2.067			0.381761
2.07			0.380657
2.073			0.379557
2.076			0.378462
2.079			0.377372
2.082			0.376286
2.085			0.375205
2.088			0.374129
2.091			0.373056
2.094			0.371989
2.097			0.370926
2.1			0.369867
2.103			0.368813
2.106			0.367763
2.109			0.366717
2.112			0.365676
2.115			0.364639
2.118			0.363607
2.121			0.362578
2.124			0.361554
2.127			0.360534
2.13			0.359519
2.133			0.358507
2.136			0.3575
2.139			0.356497
2.142			0.355498
2.145			0.354503
2.148			0.353512
2.151			0.352525
2.154			0.351542
2.157			0.350563
2.16			0.349588
2.163			0.348617
2.166			0.34765
2.169			0.346687
2.172			0.345728
2.175			0.344773
2.178			0.343822
2.181			0.342874
2.184			0.34193
2.187			0.34099
2.19			0.340054
2.193			0.339122
2.196			0.338193
2.199			0.337268
2.202			0.336347
2.205			0.33543
2.208			0.334516
2.211			0.333606
2.214			0.332699
2.217			0.331796
2.22			0.330897
2.223			0.330001
2.226			0.329108
2.229			0.32822
2.232			0.327334
2.235			0.326453
2.238			0.325574
2.241			0.3247
2.244			0.323828
2.247			0.32296
2.25			0.322096
2.253			0.321235
2.256			0.320377
2.259			0.319522
2.262			0.318671
2.265			0.317824
2.268			0.316979
2.271			0.316138
2.274			0.3153
2.277			0.314465
2.28			0.313634
2.283			0.312806
2.286			0.311981
2.289			0.311159
2.292			0.310341
2.295			0.309525
2.298			0.308713
2.301			0.307904
2.304			0.307098
2.307			0.306295
2.31			0.305495
2.313			0.304698
2.316			0.303904
2.319			0.303113
2.322			0.302326
2.325			0.301541
2.328			0.300759
2.331			0.29998
2.334			0.299205
2.337			0.298432
2.34			0.297662
2.343			0.296895
2.346			0.296131
2.349			0.29537
2.352			0.294611
2.355			0.293856
2.358			0.293103
2.361			0.292353
2.364			0.291606
2.367			0.290862
2.37			0.290121
2.373			0.289382
2.376			0.288646
2.379			0.287913
2.382			0.287183
2.385			0.286455
2.388			0.28573
2.391			0.285008
2.394			0.284288
2.397			0.283571
2.4			0.282857
2.403			0.282145
2.406			0.281436
2.409			0.28073
2.412			0.280026
2.415			0.279325
2.418			0.278627
2.421			0.277931
2.424			0.277237
2.427			0.276546
2.43			0.275858
2.433			0.275172
2.436			0.274489
2.439			0.273808
2.442			0.273129
2.445			0.272454
2.448			0.27178
2.451			0.271109
2.454			0.270441
2.457			0.269774
2.46			0.269111
2.463			0.268449
2.466			0.26779
2.469			0.267134
2.472			0.26648
2.475			0.265828
2.478			0.265178
2.481			0.264531
2.484			0.263886
2.487			0.263244
2.49			0.262604
2.493			0.261966
2.496			0.26133
2.499			0.260697
2.502			0.260066
2.505			0.259437
2.508			0.25881
2.511			0.258186
2.514			0.257564
2.517			0.256944
2.52			0.256326
2.523			0.25571
2.526			0.255097
2.529			0.254486
2.532			0.253877
2.535			0.25327
2.538			0.252665
2.541			0.252062
2.544			0.251462
2.547			0.250863
2.55			0.250267
2.553			0.249673
2.556			0.249081
2.559			0.24849
2.562			0.247902
2.565			0.247316
2.568			0.246732
2.571			0.246151
2.574			0.245571
2.577			0.244993
2.58			0.244417
2.583			0.243843
2.586			0.243271
2.589			0.242701
2.592			0.242133
2.595			0.241567
2.598			0.241003
2.601			0.240441
2.604			0.239881
2.607			0.239323
2.61			0.238766
2.613			0.238212
2.616			0.237659
2.619			0.237109
2.622			0.23656
2.625			0.236013
2.628			0.235468
2.631			0.234925
2.634			0.234384
2.637			0.233844
2.64			0.233306
2.643			0.232771
2.646			0.232237
2.649			0.231704
2.652			0.231174
2.655			0.230645
2.658			0.230119
2.661			0.229593
2.664			0.22907
2.667			0.228549
2.67			0.228029
2.673			0.227511
2.676			0.226995
2.679			0.22648
2.682			0.225967
2.685			0.225456
2.688			0.224947
2.691			0.224439
2.694			0.223933
2.697			0.223428
2.7			0.222926
2.703			0.222425
2.706			0.221925
2.709			0.221428
2.712			0.220932
2.715			0.220437
2.718			0.219945
2.721			0.219453
2.724			0.218964
2.727			0.218476
2.73			0.21799
2.733			0.217505
2.736			0.217022
2.739			0.21654
2.742			0.21606
2.745			0.215582
2.748			0.215105
2.751			0.21463
2.754			0.214156
2.757			0.213684
2.76			0.213213
2.763			0.212744
2.766			0.212277
2.769			0.211811
2.772			0.211346
2.775			0.210883
2.778			0.210422
2.781			0.209962
2.784			0.209503
2.787			0.209046
2.79			0.20859
2.793			0.208136
2.796			0.207683
2.799			0.207232
2.802			0.206782
2.805			0.206334
2.808			0.205887
2.811			0.205442
2.814			0.204998
2.817			0.204555
2.82			0.204114
2.823			0.203674
2.826			0.203236
2.829			0.202799
2.832			0.202363
2.835			0.201929
2.838			0.201496
2.841			0.201064
2.844			0.200634
2.847			0.200206
2.85			0.199778
2.853			0.199352
2.856			0.198927
2.859			0.198504
2.862			0.198082
2.865			0.197661
2.868			0.197242
2.871			0.196824
2.874			0.196407
2.877			0.195992
2.88			0.195577
2.883			0.195165
2.886			0.194753
2.889			0.194343
2.892			0.193934
2.895			0.193526
2.898			0.193119
2.901			0.192714
2.904			0.19231
2.907			0.191908
2.91			0.191506
2.913			0.191106
2.916			0.190707
2.919			0.190309
2.922			0.189913
2.925			0.189517
2.928			0.189123
2.931			0.18873
2.934			0.188339
2.937			0.187948
2.94			0.187559
2.943			0.187171
2.946			0.186784
2.949			0.186398
2.952			0.186014
2.955			0.185631
2.958			0.185248
2.961			0.184867
2.964			0.184488
2.967			0.184109
2.97			0.183731
2.973			0.183355
2.976			0.18298
2.979			0.182606
2.982			0.182233
2.985			0.181861
2.988			0.18149
2.991			0.18112
2.994			0.180752
2.997			0.180385
