0.003   -nan(ind)
0.006   0
0.009   -2.19303e-11
0.012   5.42776e-10
0.015   9.52127e-08
0.018   2.75717e-06
0.021   2.90979e-05
0.024   0.00016438
0.027   0.000614663
0.03   0.00172666
0.033   0.00394766
0.036   0.00774605
0.039   0.0135301
0.042   0.0215916
0.045   0.0320822
0.048   0.0450185
0.051   0.0603051
0.054   0.0777648
0.057   0.0971705
0.06   0.118272
0.063   0.140819
0.066   0.164574
0.069   0.189324
0.072   0.214882
0.075   0.241096
0.078   0.26784
0.081   0.295018
0.084   0.322556
0.087   0.350405
0.09   0.378529
0.093   0.406912
0.096   0.435544
0.099   0.46443
0.102   0.493576
0.105   0.522996
0.108   0.552706
0.111   0.582723
0.114   0.613066
0.117   0.643753
0.12   0.674799
0.123   0.70622
0.126   0.738027
0.129   0.770232
0.132   0.802842
0.135   0.83586
0.138   0.869289
0.141   0.903127
0.144   0.937369
0.147   0.97201
0.15   1.00704
0.153   1.04244
0.156   1.07821
0.159   1.11432
0.162   1.15075
0.165   1.18749
0.168   1.2245
0.171   1.26177
0.174   1.29927
0.177   1.33698
0.18   1.37486
0.183   1.41288
0.186   1.45102
0.189   1.48924
0.192   1.52751
0.195   1.56581
0.198   1.6041
0.201   1.64235
0.204   1.68053
0.207   1.71861
0.21   1.75655
0.213   1.79433
0.216   1.83192
0.219   1.86929
0.222   1.90641
0.225   1.94324
0.228   1.97978
0.231   2.01598
0.234   2.05183
0.237   2.0873
0.24   2.12236
0.243   2.15699
0.246   2.19118
0.249   2.2249
0.252   2.25813
0.255   2.29086
0.258   2.32306
0.261   2.35472
0.264   2.38582
0.267   2.41636
0.27   2.44631
0.273   2.47566
0.276   2.50441
0.279   2.53254
0.282   2.56004
0.285   2.58691
0.288   2.61314
0.291   2.63872
0.294   2.66364
0.297   2.6879
0.3   2.7115
0.303   2.73443
0.306   2.75669
0.309   2.77828
0.312   2.79919
0.315   2.81944
0.318   2.83901
0.321   2.85791
0.324   2.87614
0.327   2.89371
0.33   2.91061
0.333   2.92685
0.336   2.94243
0.339   2.95736
0.342   2.97164
0.345   2.98528
0.348   2.99829
0.351   3.01066
0.354   3.0224
0.357   3.03353
0.36   3.04405
0.363   3.05397
0.366   3.06329
0.369   3.07202
0.372   3.08018
0.375   3.08776
0.378   3.09478
0.381   3.10125
0.384   3.10717
0.387   3.11255
0.39   3.11741
0.393   3.12175
0.396   3.12558
0.399   3.12892
0.402   3.13176
0.405   3.13412
0.408   3.13602
0.411   3.13745
0.414   3.13843
0.417   3.13897
0.42   3.13908
0.423   3.13876
0.426   3.13804
0.429   3.1369
0.432   3.13538
0.435   3.13347
0.438   3.13118
0.441   3.12853
0.444   3.12552
0.447   3.12216
0.45   3.11847
0.453   3.11444
0.456   3.1101
0.459   3.10544
0.462   3.10048
0.465   3.09522
0.468   3.08968
0.471   3.08386
0.474   3.07777
0.477   3.07142
0.48   3.06481
0.483   3.05796
0.486   3.05087
0.489   3.04355
0.492   3.036
0.495   3.02824
0.498   3.02027
0.501   3.0121
0.504   3.00374
0.507   2.99518
0.51   2.98645
0.513   2.97754
0.516   2.96847
0.519   2.95923
0.522   2.94984
0.525   2.9403
0.528   2.93061
0.531   2.92079
0.534   2.91083
0.537   2.90075
0.54   2.89055
0.543   2.88023
0.546   2.86981
0.549   2.85927
0.552   2.84864
0.555   2.83791
0.558   2.8271
0.561   2.81619
0.564   2.80521
0.567   2.79414
0.57   2.78301
0.573   2.7718
0.576   2.76053
0.579   2.7492
0.582   2.73782
0.585   2.72638
0.588   2.71489
0.591   2.70336
0.594   2.69178
0.597   2.68017
0.6   2.66852
0.603   2.65684
0.606   2.64512
0.609   2.63339
0.612   2.62162
0.615   2.60984
0.618   2.59804
0.621   2.58623
0.624   2.5744
0.627   2.56257
0.63   2.55073
0.633   2.53888
0.636   2.52703
0.639   2.51518
0.642   2.50333
0.645   2.49148
0.648   2.47964
0.651   2.46781
0.654   2.45599
0.657   2.44418
0.66   2.43238
0.663   2.4206
0.666   2.40884
0.669   2.39709
0.672   2.38536
0.675   2.37366
0.678   2.36198
0.681   2.35032
0.684   2.33869
0.687   2.32708
0.69   2.31551
0.693   2.30396
0.696   2.29244
0.699   2.28096
0.702   2.26951
0.705   2.25809
0.708   2.24671
0.711   2.23536
0.714   2.22405
0.717   2.21278
0.72   2.20154
0.723   2.19035
0.726   2.17919
0.729   2.16808
0.732   2.157
0.735   2.14597
0.738   2.13498
0.741   2.12404
0.744   2.11314
0.747   2.10228
0.75   2.09147
0.753   2.0807
0.756   2.06998
0.759   2.05931
0.762   2.04868
0.765   2.0381
0.768   2.02757
0.771   2.01709
0.774   2.00665
0.777   1.99626
0.78   1.98593
0.783   1.97564
0.786   1.9654
0.789   1.95521
0.792   1.94507
0.795   1.93498
0.798   1.92494
0.801   1.91495
0.804   1.90501
0.807   1.89512
0.81   1.88529
0.813   1.8755
0.816   1.86577
0.819   1.85608
0.822   1.84645
0.825   1.83687
0.828   1.82734
0.831   1.81786
0.834   1.80843
0.837   1.79906
0.84   1.78973
0.843   1.78046
0.846   1.77123
0.849   1.76206
0.852   1.75294
0.855   1.74387
0.858   1.73486
0.861   1.72589
0.864   1.71697
0.867   1.70811
0.87   1.69929
0.873   1.69053
0.876   1.68181
0.879   1.67315
0.882   1.66453
0.885   1.65597
0.888   1.64746
0.891   1.63899
0.894   1.63058
0.897   1.62222
0.9   1.6139
0.903   1.60563
0.906   1.59742
0.909   1.58925
0.912   1.58113
0.915   1.57306
0.918   1.56504
0.921   1.55706
0.924   1.54913
0.927   1.54125
0.93   1.53342
0.933   1.52564
0.936   1.5179
0.939   1.51021
0.942   1.50257
0.945   1.49497
0.948   1.48742
0.951   1.47991
0.954   1.47245
0.957   1.46504
0.96   1.45767
0.963   1.45035
0.966   1.44307
0.969   1.43584
0.972   1.42865
0.975   1.42151
0.978   1.4144
0.981   1.40735
0.984   1.40033
0.987   1.39336
0.99   1.38644
0.993   1.37955
0.996   1.37271
0.999   1.36591
1.002   1.35916
1.005   1.35244
1.008   1.34577
1.011   1.33914
1.014   1.33254
1.017   1.32599
1.02   1.31949
1.023   1.31302
1.026   1.30659
1.029   1.3002
1.032   1.29385
1.035   1.28754
1.038   1.28127
1.041   1.27504
1.044   1.26885
1.047   1.26269
1.05   1.25658
1.053   1.2505
1.056   1.24446
1.059   1.23846
1.062   1.23249
1.065   1.22657
1.068   1.22067
1.071   1.21482
1.074   1.209
1.077   1.20322
1.08   1.19748
1.083   1.19177
1.086   1.18609
1.089   1.18045
1.092   1.17485
1.095   1.16928
1.098   1.16374
1.101   1.15824
1.104   1.15278
1.107   1.14734
1.11   1.14195
1.113   1.13658
1.116   1.13125
1.119   1.12595
1.122   1.12068
1.125   1.11545
1.128   1.11025
1.131   1.10508
1.134   1.09994
1.137   1.09483
1.14   1.08976
1.143   1.08472
1.146   1.07971
1.149   1.07472
1.152   1.06977
1.155   1.06485
1.158   1.05996
1.161   1.0551
1.164   1.05027
1.167   1.04547
1.17   1.0407
1.173   1.03596
1.176   1.03125
1.179   1.02656
1.182   1.02191
1.185   1.01728
1.188   1.01268
1.191   1.00811
1.194   1.00357
1.197   0.999051
1.2   0.994563
1.203   0.990102
1.206   0.985668
1.209   0.981262
1.212   0.976881
1.215   0.972528
1.218   0.9682
1.221   0.963899
1.224   0.959623
1.227   0.955374
1.23   0.95115
1.233   0.946951
1.236   0.942778
1.239   0.938629
1.242   0.934506
1.245   0.930407
1.248   0.926333
1.251   0.922283
1.254   0.918258
1.257   0.914256
1.26   0.910278
1.263   0.906324
1.266   0.902394
1.269   0.898486
1.272   0.894602
1.275   0.890741
1.278   0.886903
1.281   0.883088
1.284   0.879295
1.287   0.875525
1.29   0.871776
1.293   0.86805
1.296   0.864346
1.299   0.860664
1.302   0.857003
1.305   0.853364
1.308   0.849746
1.311   0.846149
1.314   0.842573
1.317   0.839019
1.32   0.835484
1.323   0.831971
1.326   0.828478
1.329   0.825005
1.332   0.821552
1.335   0.81812
1.338   0.814707
1.341   0.811314
1.344   0.807941
1.347   0.804587
1.35   0.801253
1.353   0.797937
1.356   0.794641
1.359   0.791364
1.362   0.788105
1.365   0.784866
1.368   0.781644
1.371   0.778441
1.374   0.775257
1.377   0.772091
1.38   0.768942
1.383   0.765812
1.386   0.762699
1.389   0.759604
1.392   0.756527
1.395   0.753467
1.398   0.750424
1.401   0.747399
1.404   0.74439
1.407   0.741399
1.41   0.738424
1.413   0.735466
1.416   0.732525
1.419   0.7296
1.422   0.726692
1.425   0.723799
1.428   0.720923
1.431   0.718063
1.434   0.715219
1.437   0.712391
1.44   0.709579
1.443   0.706782
1.446   0.704
1.449   0.701234
1.452   0.698484
1.455   0.695748
1.458   0.693028
1.461   0.690322
1.464   0.687632
1.467   0.684956
1.47   0.682295
1.473   0.679648
1.476   0.677016
1.479   0.674399
1.482   0.671795
1.485   0.669206
1.488   0.666631
1.491   0.66407
1.494   0.661523
1.497   0.658989
1.5   0.65647
1.503   0.653964
1.506   0.651471
1.509   0.648992
1.512   0.646526
1.515   0.644074
1.518   0.641635
1.521   0.639209
1.524   0.636796
1.527   0.634395
1.53   0.632008
1.533   0.629633
1.536   0.627271
1.539   0.624922
1.542   0.622585
1.545   0.62026
1.548   0.617948
1.551   0.615648
1.554   0.61336
1.557   0.611085
1.56   0.608821
1.563   0.606569
1.566   0.604329
1.569   0.602101
1.572   0.599885
1.575   0.59768
1.578   0.595486
1.581   0.593305
1.584   0.591134
1.587   0.588975
1.59   0.586827
1.593   0.58469
1.596   0.582565
1.599   0.58045
1.602   0.578346
1.605   0.576253
1.608   0.574171
1.611   0.5721
1.614   0.570039
1.617   0.567989
1.62   0.56595
1.623   0.563921
1.626   0.561902
1.629   0.559894
1.632   0.557896
1.635   0.555908
1.638   0.55393
1.641   0.551963
1.644   0.550005
1.647   0.548057
1.65   0.546119
1.653   0.544191
1.656   0.542273
1.659   0.540365
1.662   0.538466
1.665   0.536576
1.668   0.534696
1.671   0.532826
1.674   0.530965
1.677   0.529113
1.68   0.52727
1.683   0.525437
1.686   0.523613
1.689   0.521798
1.692   0.519992
1.695   0.518194
1.698   0.516406
1.701   0.514627
1.704   0.512856
1.707   0.511095
1.71   0.509342
1.713   0.507597
1.716   0.505861
1.719   0.504134
1.722   0.502415
1.725   0.500705
1.728   0.499003
1.731   0.497309
1.734   0.495624
1.737   0.493946
1.74   0.492277
1.743   0.490616
1.746   0.488963
1.749   0.487319
1.752   0.485682
1.755   0.484053
1.758   0.482432
1.761   0.480818
1.764   0.479213
1.767   0.477615
1.77   0.476025
1.773   0.474442
1.776   0.472868
1.779   0.4713
1.782   0.46974
1.785   0.468188
1.788   0.466643
1.791   0.465105
1.794   0.463575
1.797   0.462052
1.8   0.460536
1.803   0.459027
1.806   0.457526
1.809   0.456031
1.812   0.454544
1.815   0.453063
1.818   0.45159
1.821   0.450124
1.824   0.448664
1.827   0.447211
1.83   0.445765
1.833   0.444326
1.836   0.442893
1.839   0.441468
1.842   0.440048
1.845   0.438636
1.848   0.43723
1.851   0.43583
1.854   0.434437
1.857   0.433051
1.86   0.431671
1.863   0.430297
1.866   0.428929
1.869   0.427568
1.872   0.426213
1.875   0.424864
1.878   0.423522
1.881   0.422186
1.884   0.420855
1.887   0.419531
1.89   0.418213
1.893   0.416901
1.896   0.415595
1.899   0.414294
1.902   0.413
1.905   0.411711
1.908   0.410429
1.911   0.409152
1.914   0.407881
1.917   0.406615
1.92   0.405356
1.923   0.404102
1.926   0.402853
1.929   0.401611
1.932   0.400373
1.935   0.399142
1.938   0.397915
1.941   0.396695
1.944   0.395479
1.947   0.39427
1.95   0.393065
1.953   0.391866
1.956   0.390672
1.959   0.389483
1.962   0.3883
1.965   0.387122
1.968   0.385949
1.971   0.384782
1.974   0.383619
1.977   0.382461
1.98   0.381309
1.983   0.380162
1.986   0.379019
1.989   0.377882
1.992   0.37675
1.995   0.375622
1.998   0.3745
2.001   0.373382
2.004   0.372269
2.007   0.371161
2.01   0.370058
2.013   0.36896
2.016   0.367866
2.019   0.366777
2.022   0.365693
2.025   0.364614
2.028   0.363539
2.031   0.362468
2.034   0.361403
2.037   0.360341
2.04   0.359285
2.043   0.358233
2.046   0.357185
2.049   0.356142
2.052   0.355103
2.055   0.354069
2.058   0.353039
2.061   0.352014
2.064   0.350992
2.067   0.349976
2.07   0.348963
2.073   0.347955
2.076   0.346951
2.079   0.345951
2.082   0.344955
2.085   0.343964
2.088   0.342977
2.091   0.341993
2.094   0.341014
2.097   0.34004
2.1   0.339069
2.103   0.338102
2.106   0.337139
2.109   0.33618
2.112   0.335225
2.115   0.334275
2.118   0.333328
2.121   0.332385
2.124   0.331446
2.127   0.33051
2.13   0.329579
2.133   0.328651
2.136   0.327728
2.139   0.326808
2.142   0.325892
2.145   0.324979
2.148   0.324071
2.151   0.323166
2.154   0.322264
2.157   0.321367
2.16   0.320473
2.163   0.319583
2.166   0.318696
2.169   0.317813
2.172   0.316933
2.175   0.316057
2.178   0.315185
2.181   0.314316
2.184   0.313451
2.187   0.312589
2.19   0.31173
2.193   0.310875
2.196   0.310024
2.199   0.309176
2.202   0.308331
2.205   0.30749
2.208   0.306652
2.211   0.305817
2.214   0.304986
2.217   0.304158
2.22   0.303333
2.223   0.302511
2.226   0.301693
2.229   0.300878
2.232   0.300067
2.235   0.299258
2.238   0.298453
2.241   0.297651
2.244   0.296852
2.247   0.296056
2.25   0.295263
2.253   0.294473
2.256   0.293687
2.259   0.292903
2.262   0.292123
2.265   0.291346
2.268   0.290571
2.271   0.2898
2.274   0.289032
2.277   0.288266
2.28   0.287504
2.283   0.286745
2.286   0.285988
2.289   0.285235
2.292   0.284484
2.295   0.283737
2.298   0.282992
2.301   0.28225
2.304   0.281511
2.307   0.280774
2.31   0.280041
2.313   0.27931
2.316   0.278582
2.319   0.277857
2.322   0.277135
2.325   0.276416
2.328   0.275699
2.331   0.274985
2.334   0.274273
2.337   0.273565
2.34   0.272859
2.343   0.272156
2.346   0.271455
2.349   0.270757
2.352   0.270062
2.355   0.269369
2.358   0.268679
2.361   0.267991
2.364   0.267306
2.367   0.266624
2.37   0.265944
2.373   0.265267
2.376   0.264592
2.379   0.26392
2.382   0.26325
2.385   0.262583
2.388   0.261919
2.391   0.261256
2.394   0.260597
2.397   0.259939
2.4   0.259284
2.403   0.258632
2.406   0.257982
2.409   0.257334
2.412   0.256689
2.415   0.256046
2.418   0.255406
2.421   0.254767
2.424   0.254132
2.427   0.253498
2.43   0.252867
2.433   0.252238
2.436   0.251612
2.439   0.250987
2.442   0.250365
2.445   0.249746
2.448   0.249128
2.451   0.248513
2.454   0.2479
2.457   0.247289
2.46   0.246681
2.463   0.246074
2.466   0.24547
2.469   0.244868
2.472   0.244268
2.475   0.243671
2.478   0.243075
2.481   0.242482
2.484   0.241891
2.487   0.241302
2.49   0.240715
2.493   0.24013
2.496   0.239547
2.499   0.238966
2.502   0.238388
2.505   0.237811
2.508   0.237237
2.511   0.236664
2.514   0.236094
2.517   0.235525
2.52   0.234959
2.523   0.234395
2.526   0.233832
2.529   0.233272
2.532   0.232713
2.535   0.232157
2.538   0.231602
2.541   0.23105
2.544   0.230499
2.547   0.229951
2.55   0.229404
2.553   0.228859
2.556   0.228316
2.559   0.227775
2.562   0.227236
2.565   0.226699
2.568   0.226163
2.571   0.22563
2.574   0.225098
2.577   0.224568
2.58   0.22404
2.583   0.223514
2.586   0.22299
2.589   0.222467
2.592   0.221946
2.595   0.221428
2.598   0.22091
2.601   0.220395
2.604   0.219882
2.607   0.21937
2.61   0.21886
2.613   0.218351
2.616   0.217845
2.619   0.21734
2.622   0.216837
2.625   0.216335
2.628   0.215836
2.631   0.215338
2.634   0.214841
2.637   0.214347
2.64   0.213854
2.643   0.213363
2.646   0.212873
2.649   0.212385
2.652   0.211899
2.655   0.211414
2.658   0.210931
2.661   0.21045
2.664   0.20997
2.667   0.209492
2.67   0.209015
2.673   0.208541
2.676   0.208067
2.679   0.207595
2.682   0.207125
2.685   0.206657
2.688   0.20619
2.691   0.205724
2.694   0.20526
2.697   0.204798
2.7   0.204337
2.703   0.203878
2.706   0.20342
2.709   0.202964
2.712   0.202509
2.715   0.202056
2.718   0.201604
2.721   0.201154
2.724   0.200705
2.727   0.200257
2.73   0.199812
2.733   0.199367
2.736   0.198924
2.739   0.198483
2.742   0.198043
2.745   0.197604
2.748   0.197167
2.751   0.196731
2.754   0.196297
2.757   0.195864
2.76   0.195433
2.763   0.195003
2.766   0.194574
2.769   0.194147
2.772   0.193721
2.775   0.193296
2.778   0.192873
2.781   0.192452
2.784   0.192031
2.787   0.191612
2.79   0.191194
2.793   0.190778
2.796   0.190363
2.799   0.189949
2.802   0.189537
2.805   0.189126
2.808   0.188716
2.811   0.188308
2.814   0.187901
2.817   0.187495
2.82   0.187091
2.823   0.186687
2.826   0.186286
2.829   0.185885
2.832   0.185486
2.835   0.185088
2.838   0.184691
2.841   0.184295
2.844   0.183901
2.847   0.183508
2.85   0.183116
2.853   0.182725
2.856   0.182336
2.859   0.181948
2.862   0.181561
2.865   0.181175
2.868   0.180791
2.871   0.180407
2.874   0.180025
2.877   0.179645
2.88   0.179265
2.883   0.178886
2.886   0.178509
2.889   0.178133
2.892   0.177758
2.895   0.177384
2.898   0.177012
2.901   0.17664
2.904   0.17627
2.907   0.175901
2.91   0.175533
2.913   0.175166
2.916   0.1748
2.919   0.174435
2.922   0.174072
2.925   0.173709
2.928   0.173348
2.931   0.172988
2.934   0.172629
2.937   0.172271
2.94   0.171914
2.943   0.171558
2.946   0.171204
2.949   0.17085
2.952   0.170498
2.955   0.170146
2.958   0.169796
2.961   0.169447
2.964   0.169098
2.967   0.168751
2.97   0.168405
2.973   0.16806
2.976   0.167716
2.979   0.167373
2.982   0.167031
2.985   0.16669
2.988   0.16635
2.991   0.166012
2.994   0.165674
2.997   0.165337
