0.003			-nan(ind)
0.006			-nan(ind)
0.009			0
0.012			4.93432e-11
0.015			5.9054e-09
0.018			2.83493e-07
0.021			4.29393e-06
0.024			3.18099e-05
0.027			0.000146886
0.03			0.00048864
0.033			0.00128354
0.036			0.00282923
0.039			0.00545736
0.042			0.00949081
0.045			0.0152082
0.048			0.0228219
0.051			0.0324697
0.054			0.0442168
0.057			0.0580649
0.06			0.0739637
0.063			0.0918235
0.066			0.111527
0.069			0.132937
0.072			0.15591
0.075			0.180295
0.078			0.205942
0.081			0.232708
0.084			0.260454
0.087			0.289051
0.09			0.318377
0.093			0.348323
0.096			0.378787
0.099			0.40968
0.102			0.440923
0.105			0.472444
0.108			0.504183
0.111			0.536088
0.114			0.568115
0.117			0.600229
0.12			0.632399
0.123			0.664604
0.126			0.696826
0.129			0.729053
0.132			0.761276
0.135			0.793492
0.138			0.825698
0.141			0.857898
0.144			0.890094
0.147			0.92229
0.15			0.954493
0.153			0.98671
0.156			1.01895
0.159			1.05121
0.162			1.08351
0.165			1.11585
0.168			1.14824
0.171			1.18068
0.174			1.21318
0.177			1.24573
0.18			1.27835
0.183			1.31103
0.186			1.34377
0.189			1.37658
0.192			1.40944
0.195			1.44236
0.198			1.47532
0.201			1.50834
0.204			1.54138
0.207			1.57446
0.21			1.60756
0.213			1.64068
0.216			1.67379
0.219			1.70689
0.222			1.73997
0.225			1.77302
0.228			1.80602
0.231			1.83896
0.234			1.87183
0.237			1.90461
0.24			1.93729
0.243			1.96986
0.246			2.00229
0.249			2.03458
0.252			2.06671
0.255			2.09867
0.258			2.13044
0.261			2.162
0.264			2.19335
0.267			2.22447
0.27			2.25535
0.273			2.28596
0.276			2.31631
0.279			2.34637
0.282			2.37614
0.285			2.4056
0.288			2.43473
0.291			2.46354
0.294			2.492
0.297			2.52011
0.3			2.54785
0.303			2.57522
0.306			2.6022
0.309			2.6288
0.312			2.65499
0.315			2.68077
0.318			2.70614
0.321			2.73108
0.324			2.75559
0.327			2.77967
0.33			2.8033
0.333			2.82649
0.336			2.84922
0.339			2.87149
0.342			2.8933
0.345			2.91465
0.348			2.93553
0.351			2.95593
0.354			2.97586
0.357			2.99532
0.36			3.0143
0.363			3.03279
0.366			3.05081
0.369			3.06835
0.372			3.0854
0.375			3.10197
0.378			3.11807
0.381			3.13368
0.384			3.14881
0.387			3.16346
0.39			3.17764
0.393			3.19134
0.396			3.20457
0.399			3.21732
0.402			3.22961
0.405			3.24143
0.408			3.25279
0.411			3.26369
0.414			3.27414
0.417			3.28413
0.42			3.29367
0.423			3.30276
0.426			3.31142
0.429			3.31964
0.432			3.32742
0.435			3.33478
0.438			3.34172
0.441			3.34823
0.444			3.35433
0.447			3.36003
0.45			3.36532
0.453			3.37021
0.456			3.3747
0.459			3.37881
0.462			3.38254
0.465			3.38589
0.468			3.38886
0.471			3.39147
0.474			3.39372
0.477			3.39562
0.48			3.39716
0.483			3.39836
0.486			3.39922
0.489			3.39975
0.492			3.39996
0.495			3.39984
0.498			3.3994
0.501			3.39866
0.504			3.39761
0.507			3.39626
0.51			3.39463
0.513			3.3927
0.516			3.39049
0.519			3.38801
0.522			3.38526
0.525			3.38224
0.528			3.37896
0.531			3.37543
0.534			3.37166
0.537			3.36763
0.54			3.36338
0.543			3.35889
0.546			3.35417
0.549			3.34923
0.552			3.34408
0.555			3.33872
0.558			3.33315
0.561			3.32738
0.564			3.32141
0.567			3.31525
0.57			3.30891
0.573			3.30238
0.576			3.29568
0.579			3.28881
0.582			3.28177
0.585			3.27457
0.588			3.2672
0.591			3.25969
0.594			3.25203
0.597			3.24422
0.6			3.23627
0.603			3.22818
0.606			3.21996
0.609			3.21162
0.612			3.20315
0.615			3.19456
0.618			3.18585
0.621			3.17703
0.624			3.1681
0.627			3.15907
0.63			3.14993
0.633			3.1407
0.636			3.13137
0.639			3.12195
0.642			3.11244
0.645			3.10285
0.648			3.09318
0.651			3.08343
0.654			3.0736
0.657			3.06371
0.66			3.05374
0.663			3.04371
0.666			3.03361
0.669			3.02346
0.672			3.01325
0.675			3.00298
0.678			2.99266
0.681			2.98229
0.684			2.97188
0.687			2.96142
0.69			2.95092
0.693			2.94038
0.696			2.9298
0.699			2.91919
0.702			2.90854
0.705			2.89787
0.708			2.88716
0.711			2.87643
0.714			2.86568
0.717			2.8549
0.72			2.84411
0.723			2.83329
0.726			2.82246
0.729			2.81161
0.732			2.80076
0.735			2.78989
0.738			2.77901
0.741			2.76812
0.744			2.75723
0.747			2.74633
0.75			2.73543
0.753			2.72453
0.756			2.71363
0.759			2.70272
0.762			2.69183
0.765			2.68093
0.768			2.67004
0.771			2.65916
0.774			2.64829
0.777			2.63742
0.78			2.62656
0.783			2.61572
0.786			2.60489
0.789			2.59407
0.792			2.58327
0.795			2.57248
0.798			2.56171
0.801			2.55095
0.804			2.54022
0.807			2.5295
0.81			2.5188
0.813			2.50813
0.816			2.49748
0.819			2.48684
0.822			2.47624
0.825			2.46565
0.828			2.4551
0.831			2.44456
0.834			2.43406
0.837			2.42358
0.84			2.41313
0.843			2.4027
0.846			2.39231
0.849			2.38194
0.852			2.37161
0.855			2.3613
0.858			2.35103
0.861			2.34079
0.864			2.33058
0.867			2.3204
0.87			2.31025
0.873			2.30014
0.876			2.29006
0.879			2.28002
0.882			2.27001
0.885			2.26003
0.888			2.25009
0.891			2.24019
0.894			2.23032
0.897			2.22049
0.9			2.21069
0.903			2.20093
0.906			2.19121
0.909			2.18152
0.912			2.17187
0.915			2.16226
0.918			2.15269
0.921			2.14315
0.924			2.13366
0.927			2.1242
0.93			2.11478
0.933			2.1054
0.936			2.09605
0.939			2.08675
0.942			2.07749
0.945			2.06826
0.948			2.05908
0.951			2.04993
0.954			2.04082
0.957			2.03176
0.96			2.02273
0.963			2.01374
0.966			2.00479
0.969			1.99589
0.972			1.98702
0.975			1.97819
0.978			1.9694
0.981			1.96065
0.984			1.95195
0.987			1.94328
0.99			1.93465
0.993			1.92606
0.996			1.91751
0.999			1.90901
1.002			1.90054
1.005			1.89211
1.008			1.88372
1.011			1.87537
1.014			1.86707
1.017			1.8588
1.02			1.85057
1.023			1.84238
1.026			1.83423
1.029			1.82612
1.032			1.81805
1.035			1.81002
1.038			1.80203
1.041			1.79408
1.044			1.78616
1.047			1.77829
1.05			1.77045
1.053			1.76266
1.056			1.7549
1.059			1.74718
1.062			1.7395
1.065			1.73186
1.068			1.72426
1.071			1.71669
1.074			1.70917
1.077			1.70168
1.08			1.69423
1.083			1.68682
1.086			1.67944
1.089			1.67211
1.092			1.66481
1.095			1.65755
1.098			1.65032
1.101			1.64313
1.104			1.63598
1.107			1.62887
1.11			1.62179
1.113			1.61475
1.116			1.60775
1.119			1.60078
1.122			1.59385
1.125			1.58695
1.128			1.58009
1.131			1.57327
1.134			1.56648
1.137			1.55973
1.14			1.55301
1.143			1.54633
1.146			1.53968
1.149			1.53307
1.152			1.52649
1.155			1.51995
1.158			1.51344
1.161			1.50696
1.164			1.50052
1.167			1.49411
1.17			1.48774
1.173			1.4814
1.176			1.47509
1.179			1.46882
1.182			1.46258
1.185			1.45637
1.188			1.4502
1.191			1.44406
1.194			1.43795
1.197			1.43187
1.2			1.42583
1.203			1.41982
1.206			1.41384
1.209			1.40789
1.212			1.40197
1.215			1.39608
1.218			1.39023
1.221			1.38441
1.224			1.37861
1.227			1.37285
1.23			1.36712
1.233			1.36142
1.236			1.35575
1.239			1.35011
1.242			1.3445
1.245			1.33891
1.248			1.33336
1.251			1.32784
1.254			1.32235
1.257			1.31689
1.26			1.31145
1.263			1.30605
1.266			1.30067
1.269			1.29532
1.272			1.29
1.275			1.28471
1.278			1.27945
1.281			1.27421
1.284			1.269
1.287			1.26382
1.29			1.25867
1.293			1.25354
1.296			1.24845
1.299			1.24338
1.302			1.23833
1.305			1.23331
1.308			1.22832
1.311			1.22336
1.314			1.21842
1.317			1.21351
1.32			1.20862
1.323			1.20376
1.326			1.19893
1.329			1.19412
1.332			1.18933
1.335			1.18457
1.338			1.17984
1.341			1.17513
1.344			1.17045
1.347			1.16579
1.35			1.16115
1.353			1.15654
1.356			1.15196
1.359			1.1474
1.362			1.14286
1.365			1.13834
1.368			1.13385
1.371			1.12939
1.374			1.12494
1.377			1.12052
1.38			1.11613
1.383			1.11175
1.386			1.1074
1.389			1.10307
1.392			1.09877
1.395			1.09448
1.398			1.09022
1.401			1.08598
1.404			1.08177
1.407			1.07757
1.41			1.0734
1.413			1.06925
1.416			1.06512
1.419			1.06101
1.422			1.05692
1.425			1.05286
1.428			1.04881
1.431			1.04479
1.434			1.04079
1.437			1.03681
1.44			1.03284
1.443			1.0289
1.446			1.02498
1.449			1.02108
1.452			1.0172
1.455			1.01334
1.458			1.0095
1.461			1.00568
1.464			1.00188
1.467			0.998096
1.47			0.994334
1.473			0.99059
1.476			0.986866
1.479			0.983161
1.482			0.979475
1.485			0.975808
1.488			0.97216
1.491			0.96853
1.494			0.964918
1.497			0.961325
1.5			0.95775
1.503			0.954194
1.506			0.950655
1.509			0.947135
1.512			0.943632
1.515			0.940147
1.518			0.936679
1.521			0.933229
1.524			0.929797
1.527			0.926381
1.53			0.922983
1.533			0.919602
1.536			0.916238
1.539			0.912891
1.542			0.909561
1.545			0.906248
1.548			0.902951
1.551			0.89967
1.554			0.896406
1.557			0.893158
1.56			0.889927
1.563			0.886712
1.566			0.883512
1.569			0.880329
1.572			0.877161
1.575			0.874009
1.578			0.870873
1.581			0.867752
1.584			0.864647
1.587			0.861557
1.59			0.858482
1.593			0.855423
1.596			0.852379
1.599			0.849349
1.602			0.846335
1.605			0.843335
1.608			0.84035
1.611			0.83738
1.614			0.834424
1.617			0.831483
1.62			0.828556
1.623			0.825644
1.626			0.822746
1.629			0.819862
1.632			0.816992
1.635			0.814135
1.638			0.811293
1.641			0.808465
1.644			0.80565
1.647			0.802849
1.65			0.800062
1.653			0.797288
1.656			0.794527
1.659			0.79178
1.662			0.789046
1.665			0.786325
1.668			0.783618
1.671			0.780923
1.674			0.778241
1.677			0.775572
1.68			0.772916
1.683			0.770273
1.686			0.767642
1.689			0.765024
1.692			0.762418
1.695			0.759825
1.698			0.757244
1.701			0.754676
1.704			0.752119
1.707			0.749575
1.71			0.747043
1.713			0.744523
1.716			0.742014
1.719			0.739518
1.722			0.737033
1.725			0.73456
1.728			0.732099
1.731			0.729649
1.734			0.727211
1.737			0.724785
1.74			0.722369
1.743			0.719965
1.746			0.717573
1.749			0.715191
1.752			0.712821
1.755			0.710461
1.758			0.708113
1.761			0.705775
1.764			0.703449
1.767			0.701133
1.77			0.698828
1.773			0.696534
1.776			0.69425
1.779			0.691977
1.782			0.689714
1.785			0.687462
1.788			0.68522
1.791			0.682988
1.794			0.680767
1.797			0.678556
1.8			0.676355
1.803			0.674164
1.806			0.671984
1.809			0.669813
1.812			0.667652
1.815			0.665501
1.818			0.66336
1.821			0.661228
1.824			0.659106
1.827			0.656994
1.83			0.654892
1.833			0.652799
1.836			0.650715
1.839			0.648641
1.842			0.646576
1.845			0.644521
1.848			0.642475
1.851			0.640438
1.854			0.63841
1.857			0.636391
1.86			0.634382
1.863			0.632381
1.866			0.630389
1.869			0.628407
1.872			0.626433
1.875			0.624468
1.878			0.622511
1.881			0.620564
1.884			0.618625
1.887			0.616695
1.89			0.614773
1.893			0.612859
1.896			0.610955
1.899			0.609058
1.902			0.60717
1.905			0.605291
1.908			0.603419
1.911			0.601556
1.914			0.599701
1.917			0.597855
1.92			0.596016
1.923			0.594185
1.926			0.592363
1.929			0.590548
1.932			0.588741
1.935			0.586942
1.938			0.585151
1.941			0.583368
1.944			0.581593
1.947			0.579825
1.95			0.578065
1.953			0.576313
1.956			0.574568
1.959			0.572831
1.962			0.571101
1.965			0.569378
1.968			0.567663
1.971			0.565956
1.974			0.564256
1.977			0.562563
1.98			0.560877
1.983			0.559199
1.986			0.557528
1.989			0.555864
1.992			0.554207
1.995			0.552557
1.998			0.550914
2.001			0.549278
2.004			0.547649
2.007			0.546027
2.01			0.544412
2.013			0.542804
2.016			0.541202
2.019			0.539608
2.022			0.53802
2.025			0.536438
2.028			0.534864
2.031			0.533296
2.034			0.531734
2.037			0.530179
2.04			0.528631
2.043			0.527089
2.046			0.525554
2.049			0.524025
2.052			0.522502
2.055			0.520986
2.058			0.519476
2.061			0.517973
2.064			0.516475
2.067			0.514984
2.07			0.513499
2.073			0.51202
2.076			0.510548
2.079			0.509081
2.082			0.507621
2.085			0.506166
2.088			0.504717
2.091			0.503275
2.094			0.501838
2.097			0.500407
2.1			0.498983
2.103			0.497564
2.106			0.49615
2.109			0.494743
2.112			0.493341
2.115			0.491945
2.118			0.490555
2.121			0.48917
2.124			0.487791
2.127			0.486418
2.13			0.48505
2.133			0.483687
2.136			0.482331
2.139			0.480979
2.142			0.479633
2.145			0.478293
2.148			0.476958
2.151			0.475628
2.154			0.474304
2.157			0.472985
2.16			0.471671
2.163			0.470363
2.166			0.46906
2.169			0.467762
2.172			0.466469
2.175			0.465181
2.178			0.463898
2.181			0.462621
2.184			0.461349
2.187			0.460081
2.19			0.458819
2.193			0.457562
2.196			0.456309
2.199			0.455062
2.202			0.45382
2.205			0.452582
2.208			0.45135
2.211			0.450122
2.214			0.448899
2.217			0.447681
2.22			0.446467
2.223			0.445258
2.226			0.444055
2.229			0.442855
2.232			0.441661
2.235			0.440471
2.238			0.439286
2.241			0.438105
2.244			0.436929
2.247			0.435758
2.25			0.434591
2.253			0.433428
2.256			0.43227
2.259			0.431117
2.262			0.429968
2.265			0.428824
2.268			0.427683
2.271			0.426548
2.274			0.425416
2.277			0.424289
2.28			0.423167
2.283			0.422048
2.286			0.420934
2.289			0.419824
2.292			0.418719
2.295			0.417617
2.298			0.41652
2.301			0.415427
2.304			0.414338
2.307			0.413254
2.31			0.412173
2.313			0.411097
2.316			0.410024
2.319			0.408956
2.322			0.407891
2.325			0.406831
2.328			0.405775
2.331			0.404722
2.334			0.403674
2.337			0.40263
2.34			0.401589
2.343			0.400553
2.346			0.39952
2.349			0.398491
2.352			0.397466
2.355			0.396445
2.358			0.395427
2.361			0.394414
2.364			0.393404
2.367			0.392398
2.37			0.391396
2.373			0.390397
2.376			0.389402
2.379			0.388411
2.382			0.387423
2.385			0.38644
2.388			0.385459
2.391			0.384483
2.394			0.38351
2.397			0.38254
2.4			0.381574
2.403			0.380612
2.406			0.379653
2.409			0.378698
2.412			0.377746
2.415			0.376798
2.418			0.375853
2.421			0.374911
2.424			0.373973
2.427			0.373039
2.43			0.372107
2.433			0.37118
2.436			0.370255
2.439			0.369334
2.442			0.368416
2.445			0.367502
2.448			0.366591
2.451			0.365683
2.454			0.364778
2.457			0.363877
2.46			0.362979
2.463			0.362084
2.466			0.361193
2.469			0.360304
2.472			0.359419
2.475			0.358537
2.478			0.357658
2.481			0.356782
2.484			0.355909
2.487			0.35504
2.49			0.354173
2.493			0.35331
2.496			0.35245
2.499			0.351592
2.502			0.350738
2.505			0.349887
2.508			0.349039
2.511			0.348194
2.514			0.347351
2.517			0.346512
2.52			0.345676
2.523			0.344843
2.526			0.344012
2.529			0.343185
2.532			0.34236
2.535			0.341539
2.538			0.34072
2.541			0.339904
2.544			0.339091
2.547			0.33828
2.55			0.337473
2.553			0.336668
2.556			0.335867
2.559			0.335068
2.562			0.334271
2.565			0.333478
2.568			0.332687
2.571			0.331899
2.574			0.331114
2.577			0.330331
2.58			0.329551
2.583			0.328774
2.586			0.328
2.589			0.327228
2.592			0.326459
2.595			0.325692
2.598			0.324928
2.601			0.324167
2.604			0.323408
2.607			0.322652
2.61			0.321899
2.613			0.321148
2.616			0.320399
2.619			0.319653
2.622			0.31891
2.625			0.318169
2.628			0.317431
2.631			0.316695
2.634			0.315962
2.637			0.315231
2.64			0.314503
2.643			0.313777
2.646			0.313054
2.649			0.312333
2.652			0.311614
2.655			0.310898
2.658			0.310185
2.661			0.309473
2.664			0.308764
2.667			0.308058
2.67			0.307354
2.673			0.306652
2.676			0.305952
2.679			0.305255
2.682			0.30456
2.685			0.303868
2.688			0.303178
2.691			0.30249
2.694			0.301804
2.697			0.301121
2.7			0.30044
2.703			0.299761
2.706			0.299084
2.709			0.29841
2.712			0.297738
2.715			0.297068
2.718			0.2964
2.721			0.295735
2.724			0.295072
2.727			0.29441
2.73			0.293751
2.733			0.293095
2.736			0.29244
2.739			0.291788
2.742			0.291137
2.745			0.290489
2.748			0.289843
2.751			0.289199
2.754			0.288557
2.757			0.287917
2.76			0.287279
2.763			0.286644
2.766			0.28601
2.769			0.285378
2.772			0.284749
2.775			0.284121
2.778			0.283496
2.781			0.282872
2.784			0.282251
2.787			0.281632
2.79			0.281014
2.793			0.280399
2.796			0.279785
2.799			0.279174
2.802			0.278564
2.805			0.277956
2.808			0.277351
2.811			0.276747
2.814			0.276145
2.817			0.275545
2.82			0.274947
2.823			0.274351
2.826			0.273757
2.829			0.273165
2.832			0.272575
2.835			0.271986
2.838			0.271399
2.841			0.270815
2.844			0.270232
2.847			0.269651
2.85			0.269071
2.853			0.268494
2.856			0.267918
2.859			0.267344
2.862			0.266772
2.865			0.266202
2.868			0.265634
2.871			0.265067
2.874			0.264502
2.877			0.263939
2.88			0.263378
2.883			0.262818
2.886			0.26226
2.889			0.261704
2.892			0.26115
2.895			0.260597
2.898			0.260046
2.901			0.259497
2.904			0.258949
2.907			0.258404
2.91			0.25786
2.913			0.257317
2.916			0.256776
2.919			0.256237
2.922			0.2557
2.925			0.255164
2.928			0.25463
2.931			0.254097
2.934			0.253566
2.937			0.253037
2.94			0.25251
2.943			0.251984
2.946			0.251459
2.949			0.250937
2.952			0.250415
2.955			0.249896
2.958			0.249378
2.961			0.248861
2.964			0.248347
2.967			0.247833
2.97			0.247322
2.973			0.246811
2.976			0.246303
2.979			0.245796
2.982			0.24529
2.985			0.244786
2.988			0.244284
2.991			0.243783
2.994			0.243283
2.997			0.242785
