0.003   -nan(ind)
0.006   -nan(ind)
0.009   -nan(ind)
0.012   3.87019e-06
0.015   9.57394e-05
0.018   0.000760052
0.021   0.00318224
0.024   0.00898572
0.027   0.0195902
0.03   0.0357346
0.033   0.0573735
0.036   0.083843
0.039   0.114124
0.042   0.147085
0.045   0.181661
0.048   0.216948
0.051   0.252254
0.054   0.287092
0.057   0.321162
0.06   0.354316
0.063   0.386524
0.066   0.417841
0.069   0.448377
0.072   0.478277
0.075   0.507701
0.078   0.536813
0.081   0.565771
0.084   0.594725
0.087   0.623808
0.09   0.653138
0.093   0.682817
0.096   0.712931
0.099   0.743553
0.102   0.774741
0.105   0.806541
0.108   0.838991
0.111   0.872116
0.114   0.905938
0.117   0.94047
0.12   0.975721
0.123   1.01169
0.126   1.04839
0.129   1.0858
0.132   1.12393
0.135   1.16277
0.138   1.20231
0.141   1.24254
0.144   1.28344
0.147   1.32502
0.15   1.36725
0.153   1.41012
0.156   1.45361
0.159   1.49772
0.162   1.54242
0.165   1.5877
0.168   1.63353
0.171   1.67991
0.174   1.72681
0.177   1.77421
0.18   1.82209
0.183   1.87042
0.186   1.91919
0.189   1.96837
0.192   2.01793
0.195   2.06786
0.198   2.11812
0.201   2.16869
0.204   2.21953
0.207   2.27063
0.21   2.32195
0.213   2.37347
0.216   2.42515
0.219   2.47697
0.222   2.5289
0.225   2.5809
0.228   2.63294
0.231   2.685
0.234   2.73705
0.237   2.78905
0.24   2.84098
0.243   2.8928
0.246   2.94449
0.249   2.99601
0.252   3.04735
0.255   3.09846
0.258   3.14932
0.261   3.19991
0.264   3.25019
0.267   3.30015
0.27   3.34975
0.273   3.39897
0.276   3.44778
0.279   3.49617
0.282   3.5441
0.285   3.59156
0.288   3.63852
0.291   3.68497
0.294   3.73089
0.297   3.77624
0.3   3.82103
0.303   3.86522
0.306   3.9088
0.309   3.95177
0.312   3.99409
0.315   4.03576
0.318   4.07676
0.321   4.11708
0.324   4.15672
0.327   4.19565
0.33   4.23387
0.333   4.27137
0.336   4.30814
0.339   4.34417
0.342   4.37945
0.345   4.41398
0.348   4.44776
0.351   4.48077
0.354   4.51302
0.357   4.54449
0.36   4.5752
0.363   4.60512
0.366   4.63427
0.369   4.66264
0.372   4.69023
0.375   4.71705
0.378   4.74308
0.381   4.76833
0.384   4.79281
0.387   4.81652
0.39   4.83945
0.393   4.86161
0.396   4.88301
0.399   4.90365
0.402   4.92353
0.405   4.94266
0.408   4.96103
0.411   4.97867
0.414   4.99557
0.417   5.01174
0.42   5.02719
0.423   5.04191
0.426   5.05593
0.429   5.06924
0.432   5.08185
0.435   5.09378
0.438   5.10502
0.441   5.11559
0.444   5.1255
0.447   5.13475
0.45   5.14334
0.453   5.1513
0.456   5.15863
0.459   5.16533
0.462   5.17142
0.465   5.17691
0.468   5.1818
0.471   5.1861
0.474   5.18982
0.477   5.19298
0.48   5.19558
0.483   5.19763
0.486   5.19914
0.489   5.20011
0.492   5.20057
0.495   5.20052
0.498   5.19996
0.501   5.19891
0.504   5.19737
0.507   5.19536
0.51   5.19289
0.513   5.18996
0.516   5.18658
0.519   5.18277
0.522   5.17853
0.525   5.17387
0.528   5.1688
0.531   5.16333
0.534   5.15746
0.537   5.15122
0.54   5.1446
0.543   5.13761
0.546   5.13026
0.549   5.12257
0.552   5.11454
0.555   5.10617
0.558   5.09748
0.561   5.08848
0.564   5.07916
0.567   5.06955
0.57   5.05965
0.573   5.04946
0.576   5.039
0.579   5.02826
0.582   5.01727
0.585   5.00602
0.588   4.99453
0.591   4.98279
0.594   4.97083
0.597   4.95863
0.6   4.94622
0.603   4.9336
0.606   4.92077
0.609   4.90774
0.612   4.89452
0.615   4.88111
0.618   4.86752
0.621   4.85376
0.624   4.83983
0.627   4.82574
0.63   4.81149
0.633   4.79709
0.636   4.78254
0.639   4.76786
0.642   4.75304
0.645   4.73809
0.648   4.72302
0.651   4.70782
0.654   4.69252
0.657   4.6771
0.66   4.66158
0.663   4.64596
0.666   4.63024
0.669   4.61443
0.672   4.59854
0.675   4.58256
0.678   4.56651
0.681   4.55038
0.684   4.53418
0.687   4.51791
0.69   4.50158
0.693   4.4852
0.696   4.46876
0.699   4.45226
0.702   4.43572
0.705   4.41914
0.708   4.40251
0.711   4.38584
0.714   4.36915
0.717   4.35241
0.72   4.33566
0.723   4.31887
0.726   4.30206
0.729   4.28524
0.732   4.26839
0.735   4.25153
0.738   4.23466
0.741   4.21778
0.744   4.20089
0.747   4.184
0.75   4.16711
0.753   4.15021
0.756   4.13332
0.759   4.11644
0.762   4.09956
0.765   4.08269
0.768   4.06583
0.771   4.04898
0.774   4.03215
0.777   4.01533
0.78   3.99854
0.783   3.98176
0.786   3.96501
0.789   3.94827
0.792   3.93157
0.795   3.91489
0.798   3.89823
0.801   3.88161
0.804   3.86502
0.807   3.84846
0.81   3.83193
0.813   3.81544
0.816   3.79899
0.819   3.78257
0.822   3.76619
0.825   3.74985
0.828   3.73356
0.831   3.7173
0.834   3.70109
0.837   3.68492
0.84   3.66879
0.843   3.65271
0.846   3.63668
0.849   3.62069
0.852   3.60476
0.855   3.58887
0.858   3.57303
0.861   3.55724
0.864   3.54151
0.867   3.52582
0.87   3.51019
0.873   3.49461
0.876   3.47909
0.879   3.46362
0.882   3.4482
0.885   3.43284
0.888   3.41754
0.891   3.40229
0.894   3.3871
0.897   3.37197
0.9   3.35689
0.903   3.34188
0.906   3.32692
0.909   3.31202
0.912   3.29718
0.915   3.2824
0.918   3.26768
0.921   3.25302
0.924   3.23842
0.927   3.22388
0.93   3.2094
0.933   3.19498
0.936   3.18063
0.939   3.16633
0.942   3.1521
0.945   3.13793
0.948   3.12382
0.951   3.10978
0.954   3.09579
0.957   3.08187
0.96   3.06801
0.963   3.05421
0.966   3.04048
0.969   3.02681
0.972   3.0132
0.975   2.99965
0.978   2.98617
0.981   2.97275
0.984   2.95939
0.987   2.94609
0.99   2.93286
0.993   2.91969
0.996   2.90658
0.999   2.89354
1.002   2.88056
1.005   2.86764
1.008   2.85478
1.011   2.84199
1.014   2.82925
1.017   2.81659
1.02   2.80398
1.023   2.79143
1.026   2.77895
1.029   2.76653
1.032   2.75417
1.035   2.74187
1.038   2.72963
1.041   2.71745
1.044   2.70534
1.047   2.69328
1.05   2.68129
1.053   2.66936
1.056   2.65749
1.059   2.64568
1.062   2.63392
1.065   2.62223
1.068   2.6106
1.071   2.59903
1.074   2.58752
1.077   2.57606
1.08   2.56467
1.083   2.55333
1.086   2.54206
1.089   2.53084
1.092   2.51968
1.095   2.50858
1.098   2.49753
1.101   2.48655
1.104   2.47562
1.107   2.46475
1.11   2.45393
1.113   2.44318
1.116   2.43247
1.119   2.42183
1.122   2.41124
1.125   2.40071
1.128   2.39023
1.131   2.37981
1.134   2.36944
1.137   2.35913
1.14   2.34887
1.143   2.33867
1.146   2.32852
1.149   2.31842
1.152   2.30838
1.155   2.29839
1.158   2.28846
1.161   2.27857
1.164   2.26874
1.167   2.25897
1.17   2.24924
1.173   2.23957
1.176   2.22995
1.179   2.22038
1.182   2.21086
1.185   2.20139
1.188   2.19198
1.191   2.18261
1.194   2.17329
1.197   2.16403
1.2   2.15481
1.203   2.14564
1.206   2.13653
1.209   2.12746
1.212   2.11844
1.215   2.10947
1.218   2.10054
1.221   2.09167
1.224   2.08284
1.227   2.07406
1.23   2.06532
1.233   2.05664
1.236   2.048
1.239   2.0394
1.242   2.03086
1.245   2.02236
1.248   2.0139
1.251   2.00549
1.254   1.99712
1.257   1.9888
1.26   1.98053
1.263   1.9723
1.266   1.96411
1.269   1.95597
1.272   1.94787
1.275   1.93981
1.278   1.9318
1.281   1.92383
1.284   1.9159
1.287   1.90802
1.29   1.90018
1.293   1.89238
1.296   1.88462
1.299   1.8769
1.302   1.86923
1.305   1.86159
1.308   1.854
1.311   1.84645
1.314   1.83893
1.317   1.83146
1.32   1.82403
1.323   1.81664
1.326   1.80928
1.329   1.80197
1.332   1.79469
1.335   1.78746
1.338   1.78026
1.341   1.7731
1.344   1.76598
1.347   1.7589
1.35   1.75185
1.353   1.74484
1.356   1.73787
1.359   1.73094
1.362   1.72404
1.365   1.71718
1.368   1.71035
1.371   1.70357
1.374   1.69681
1.377   1.6901
1.38   1.68342
1.383   1.67677
1.386   1.67016
1.389   1.66358
1.392   1.65704
1.395   1.65053
1.398   1.64406
1.401   1.63762
1.404   1.63122
1.407   1.62485
1.41   1.61851
1.413   1.61221
1.416   1.60594
1.419   1.5997
1.422   1.59349
1.425   1.58732
1.428   1.58118
1.431   1.57507
1.434   1.56899
1.437   1.56295
1.44   1.55693
1.443   1.55095
1.446   1.545
1.449   1.53908
1.452   1.53319
1.455   1.52733
1.458   1.5215
1.461   1.5157
1.464   1.50993
1.467   1.50419
1.47   1.49849
1.473   1.49281
1.476   1.48716
1.479   1.48153
1.482   1.47594
1.485   1.47038
1.488   1.46484
1.491   1.45934
1.494   1.45386
1.497   1.44841
1.5   1.44299
1.503   1.43759
1.506   1.43223
1.509   1.42689
1.512   1.42158
1.515   1.41629
1.518   1.41103
1.521   1.4058
1.524   1.4006
1.527   1.39542
1.53   1.39027
1.533   1.38514
1.536   1.38004
1.539   1.37497
1.542   1.36992
1.545   1.3649
1.548   1.3599
1.551   1.35493
1.554   1.34998
1.557   1.34506
1.56   1.34016
1.563   1.33529
1.566   1.33044
1.569   1.32562
1.572   1.32082
1.575   1.31604
1.578   1.31129
1.581   1.30656
1.584   1.30186
1.587   1.29717
1.59   1.29252
1.593   1.28788
1.596   1.28327
1.599   1.27868
1.602   1.27411
1.605   1.26957
1.608   1.26505
1.611   1.26055
1.614   1.25608
1.617   1.25162
1.62   1.24719
1.623   1.24278
1.626   1.23839
1.629   1.23402
1.632   1.22968
1.635   1.22535
1.638   1.22105
1.641   1.21677
1.644   1.2125
1.647   1.20826
1.65   1.20404
1.653   1.19984
1.656   1.19567
1.659   1.19151
1.662   1.18737
1.665   1.18325
1.668   1.17915
1.671   1.17507
1.674   1.17101
1.677   1.16698
1.68   1.16296
1.683   1.15896
1.686   1.15497
1.689   1.15101
1.692   1.14707
1.695   1.14315
1.698   1.13924
1.701   1.13535
1.704   1.13149
1.707   1.12764
1.71   1.12381
1.713   1.11999
1.716   1.1162
1.719   1.11242
1.722   1.10866
1.725   1.10492
1.728   1.1012
1.731   1.09749
1.734   1.09381
1.737   1.09014
1.74   1.08648
1.743   1.08285
1.746   1.07923
1.749   1.07563
1.752   1.07204
1.755   1.06847
1.758   1.06492
1.761   1.06139
1.764   1.05787
1.767   1.05437
1.77   1.05088
1.773   1.04741
1.776   1.04396
1.779   1.04053
1.782   1.0371
1.785   1.0337
1.788   1.03031
1.791   1.02694
1.794   1.02358
1.797   1.02024
1.8   1.01691
1.803   1.0136
1.806   1.0103
1.809   1.00702
1.812   1.00376
1.815   1.0005
1.818   0.997268
1.821   0.994047
1.824   0.99084
1.827   0.987649
1.83   0.984471
1.833   0.981308
1.836   0.97816
1.839   0.975026
1.842   0.971906
1.845   0.9688
1.848   0.965709
1.851   0.962631
1.854   0.959568
1.857   0.956518
1.86   0.953482
1.863   0.950459
1.866   0.94745
1.869   0.944455
1.872   0.941473
1.875   0.938505
1.878   0.93555
1.881   0.932608
1.884   0.929679
1.887   0.926764
1.89   0.923861
1.893   0.920972
1.896   0.918095
1.899   0.915231
1.902   0.912379
1.905   0.909541
1.908   0.906715
1.911   0.903901
1.914   0.9011
1.917   0.898311
1.92   0.895535
1.923   0.892771
1.926   0.890019
1.929   0.887279
1.932   0.884551
1.935   0.881835
1.938   0.879131
1.941   0.876439
1.944   0.873758
1.947   0.87109
1.95   0.868433
1.953   0.865787
1.956   0.863153
1.959   0.860531
1.962   0.85792
1.965   0.85532
1.968   0.852731
1.971   0.850154
1.974   0.847588
1.977   0.845032
1.98   0.842488
1.983   0.839955
1.986   0.837433
1.989   0.834922
1.992   0.832421
1.995   0.829931
1.998   0.827452
2.001   0.824983
2.004   0.822525
2.007   0.820077
2.01   0.81764
2.013   0.815214
2.016   0.812797
2.019   0.810391
2.022   0.807995
2.025   0.805609
2.028   0.803233
2.031   0.800868
2.034   0.798512
2.037   0.796166
2.04   0.79383
2.043   0.791504
2.046   0.789188
2.049   0.786882
2.052   0.784585
2.055   0.782298
2.058   0.78002
2.061   0.777752
2.064   0.775493
2.067   0.773244
2.07   0.771004
2.073   0.768774
2.076   0.766553
2.079   0.764341
2.082   0.762138
2.085   0.759944
2.088   0.75776
2.091   0.755584
2.094   0.753417
2.097   0.75126
2.1   0.749111
2.103   0.746971
2.106   0.74484
2.109   0.742718
2.112   0.740604
2.115   0.738499
2.118   0.736403
2.121   0.734315
2.124   0.732236
2.127   0.730165
2.13   0.728102
2.133   0.726049
2.136   0.724003
2.139   0.721966
2.142   0.719937
2.145   0.717916
2.148   0.715903
2.151   0.713899
2.154   0.711902
2.157   0.709914
2.16   0.707933
2.163   0.705961
2.166   0.703997
2.169   0.70204
2.172   0.700091
2.175   0.698151
2.178   0.696217
2.181   0.694292
2.184   0.692374
2.187   0.690464
2.19   0.688562
2.193   0.686667
2.196   0.68478
2.199   0.6829
2.202   0.681027
2.205   0.679162
2.208   0.677305
2.211   0.675454
2.214   0.673611
2.217   0.671776
2.22   0.669947
2.223   0.668126
2.226   0.666312
2.229   0.664505
2.232   0.662705
2.235   0.660912
2.238   0.659126
2.241   0.657348
2.244   0.655576
2.247   0.653811
2.25   0.652053
2.253   0.650301
2.256   0.648557
2.259   0.646819
2.262   0.645088
2.265   0.643364
2.268   0.641647
2.271   0.639936
2.274   0.638232
2.277   0.636534
2.28   0.634843
2.283   0.633158
2.286   0.63148
2.289   0.629808
2.292   0.628143
2.295   0.626484
2.298   0.624831
2.301   0.623185
2.304   0.621545
2.307   0.619911
2.31   0.618284
2.313   0.616662
2.316   0.615047
2.319   0.613438
2.322   0.611835
2.325   0.610239
2.328   0.608648
2.331   0.607063
2.334   0.605484
2.337   0.603912
2.34   0.602345
2.343   0.600784
2.346   0.599229
2.349   0.597679
2.352   0.596136
2.355   0.594598
2.358   0.593067
2.361   0.59154
2.364   0.59002
2.367   0.588505
2.37   0.586996
2.373   0.585493
2.376   0.583995
2.379   0.582502
2.382   0.581016
2.385   0.579534
2.388   0.578059
2.391   0.576588
2.394   0.575123
2.397   0.573664
2.4   0.57221
2.403   0.570761
2.406   0.569318
2.409   0.56788
2.412   0.566447
2.415   0.565019
2.418   0.563597
2.421   0.56218
2.424   0.560768
2.427   0.559361
2.43   0.55796
2.433   0.556563
2.436   0.555172
2.439   0.553785
2.442   0.552404
2.445   0.551028
2.448   0.549656
2.451   0.54829
2.454   0.546929
2.457   0.545572
2.46   0.544221
2.463   0.542874
2.466   0.541532
2.469   0.540195
2.472   0.538863
2.475   0.537536
2.478   0.536213
2.481   0.534895
2.484   0.533582
2.487   0.532273
2.49   0.53097
2.493   0.529671
2.496   0.528376
2.499   0.527086
2.502   0.525801
2.505   0.52452
2.508   0.523244
2.511   0.521972
2.514   0.520705
2.517   0.519442
2.52   0.518184
2.523   0.51693
2.526   0.515681
2.529   0.514436
2.532   0.513196
2.535   0.511959
2.538   0.510728
2.541   0.5095
2.544   0.508277
2.547   0.507058
2.55   0.505843
2.553   0.504633
2.556   0.503427
2.559   0.502225
2.562   0.501027
2.565   0.499833
2.568   0.498644
2.571   0.497459
2.574   0.496277
2.577   0.4951
2.58   0.493927
2.583   0.492758
2.586   0.491593
2.589   0.490433
2.592   0.489276
2.595   0.488123
2.598   0.486974
2.601   0.485829
2.604   0.484688
2.607   0.483551
2.61   0.482417
2.613   0.481288
2.616   0.480162
2.619   0.479041
2.622   0.477923
2.625   0.476809
2.628   0.475699
2.631   0.474592
2.634   0.47349
2.637   0.472391
2.64   0.471296
2.643   0.470204
2.646   0.469116
2.649   0.468032
2.652   0.466952
2.655   0.465875
2.658   0.464802
2.661   0.463732
2.664   0.462666
2.667   0.461604
2.67   0.460545
2.673   0.45949
2.676   0.458438
2.679   0.45739
2.682   0.456346
2.685   0.455304
2.688   0.454267
2.691   0.453232
2.694   0.452202
2.697   0.451174
2.7   0.45015
2.703   0.44913
2.706   0.448113
2.709   0.447099
2.712   0.446089
2.715   0.445081
2.718   0.444078
2.721   0.443077
2.724   0.44208
2.727   0.441086
2.73   0.440096
2.733   0.439109
2.736   0.438124
2.739   0.437144
2.742   0.436166
2.745   0.435192
2.748   0.43422
2.751   0.433252
2.754   0.432288
2.757   0.431326
2.76   0.430367
2.763   0.429412
2.766   0.428459
2.769   0.42751
2.772   0.426564
2.775   0.425621
2.778   0.424681
2.781   0.423744
2.784   0.42281
2.787   0.421879
2.79   0.420951
2.793   0.420026
2.796   0.419104
2.799   0.418185
2.802   0.417269
2.805   0.416356
2.808   0.415446
2.811   0.414538
2.814   0.413634
2.817   0.412733
2.82   0.411834
2.823   0.410938
2.826   0.410045
2.829   0.409155
2.832   0.408268
2.835   0.407384
2.838   0.406502
2.841   0.405624
2.844   0.404748
2.847   0.403875
2.85   0.403004
2.853   0.402136
2.856   0.401272
2.859   0.400409
2.862   0.39955
2.865   0.398693
2.868   0.397839
2.871   0.396988
2.874   0.396139
2.877   0.395293
2.88   0.39445
2.883   0.393609
2.886   0.392771
2.889   0.391935
2.892   0.391103
2.895   0.390272
2.898   0.389445
2.901   0.388619
2.904   0.387797
2.907   0.386977
2.91   0.38616
2.913   0.385345
2.916   0.384532
2.919   0.383722
2.922   0.382915
2.925   0.38211
2.928   0.381308
2.931   0.380508
2.934   0.379711
2.937   0.378916
2.94   0.378123
2.943   0.377333
2.946   0.376545
2.949   0.37576
2.952   0.374977
2.955   0.374197
2.958   0.373419
2.961   0.372643
2.964   0.37187
2.967   0.371099
2.97   0.37033
2.973   0.369564
2.976   0.3688
2.979   0.368039
2.982   0.367279
2.985   0.366522
2.988   0.365768
2.991   0.365015
2.994   0.364265
2.997   0.363517
