0.003			-nan(ind)
0.006			0
0.009			0
0.012			-1.23358e-11
0.015			7.10543e-11
0.018			7.43986e-09
0.021			1.98803e-07
0.024			2.2575e-06
0.027			1.45301e-05
0.03			6.30316e-05
0.033			0.000205663
0.036			0.000542881
0.039			0.00121907
0.042			0.00241354
0.045			0.00432446
0.048			0.00715046
0.051			0.0110743
0.054			0.0162507
0.057			0.0227996
0.06			0.0308036
0.063			0.0403092
0.066			0.0513302
0.069			0.0638524
0.072			0.0778388
0.075			0.0932346
0.078			0.109972
0.081			0.127973
0.084			0.147155
0.087			0.167433
0.09			0.188719
0.093			0.210928
0.096			0.233976
0.099			0.257782
0.102			0.28227
0.105			0.307367
0.108			0.333007
0.111			0.359125
0.114			0.385664
0.117			0.412571
0.12			0.439796
0.123			0.467297
0.126			0.495033
0.129			0.522968
0.132			0.55107
0.135			0.579312
0.138			0.607668
0.141			0.636115
0.144			0.664634
0.147			0.693209
0.15			0.721824
0.153			0.750465
0.156			0.779123
0.159			0.807786
0.162			0.836446
0.165			0.865095
0.168			0.893726
0.171			0.922334
0.174			0.950912
0.177			0.979455
0.18			1.00796
0.183			1.03642
0.186			1.06483
0.189			1.09318
0.192			1.12148
0.195			1.14971
0.198			1.17788
0.201			1.20597
0.204			1.23398
0.207			1.26191
0.21			1.28975
0.213			1.31749
0.216			1.34513
0.219			1.37265
0.222			1.40007
0.225			1.42736
0.228			1.45452
0.231			1.48154
0.234			1.50842
0.237			1.53514
0.24			1.56171
0.243			1.5881
0.246			1.61432
0.249			1.64036
0.252			1.6662
0.255			1.69184
0.258			1.71728
0.261			1.74249
0.264			1.76749
0.267			1.79224
0.27			1.81676
0.273			1.84103
0.276			1.86505
0.279			1.8888
0.282			1.91228
0.285			1.93548
0.288			1.95839
0.291			1.98102
0.294			2.00335
0.297			2.02537
0.3			2.04708
0.303			2.06848
0.306			2.08955
0.309			2.1103
0.312			2.13071
0.315			2.15079
0.318			2.17052
0.321			2.18991
0.324			2.20895
0.327			2.22764
0.33			2.24597
0.333			2.26394
0.336			2.28154
0.339			2.29878
0.342			2.31566
0.345			2.33216
0.348			2.34829
0.351			2.36404
0.354			2.37943
0.357			2.39443
0.36			2.40906
0.363			2.42332
0.366			2.43719
0.369			2.45069
0.372			2.46381
0.375			2.47655
0.378			2.48892
0.381			2.50091
0.384			2.51253
0.387			2.52377
0.39			2.53465
0.393			2.54515
0.396			2.55528
0.399			2.56505
0.402			2.57445
0.405			2.5835
0.408			2.59218
0.411			2.6005
0.414			2.60847
0.417			2.61609
0.42			2.62336
0.423			2.63029
0.426			2.63687
0.429			2.64312
0.432			2.64902
0.435			2.6546
0.438			2.65985
0.441			2.66478
0.444			2.66938
0.447			2.67367
0.45			2.67764
0.453			2.68131
0.456			2.68467
0.459			2.68773
0.462			2.69049
0.465			2.69296
0.468			2.69514
0.471			2.69704
0.474			2.69866
0.477			2.7
0.48			2.70108
0.483			2.70188
0.486			2.70243
0.489			2.70271
0.492			2.70275
0.495			2.70253
0.498			2.70207
0.501			2.70137
0.504			2.70044
0.507			2.69927
0.51			2.69787
0.513			2.69626
0.516			2.69442
0.519			2.69237
0.522			2.69012
0.525			2.68765
0.528			2.68499
0.531			2.68213
0.534			2.67907
0.537			2.67583
0.54			2.67241
0.543			2.6688
0.546			2.66502
0.549			2.66107
0.552			2.65694
0.555			2.65266
0.558			2.64821
0.561			2.64361
0.564			2.63886
0.567			2.63396
0.57			2.62891
0.573			2.62372
0.576			2.6184
0.579			2.61294
0.582			2.60735
0.585			2.60163
0.588			2.5958
0.591			2.58984
0.594			2.58376
0.597			2.57758
0.6			2.57128
0.603			2.56488
0.606			2.55837
0.609			2.55177
0.612			2.54506
0.615			2.53827
0.618			2.53138
0.621			2.5244
0.624			2.51734
0.627			2.5102
0.63			2.50298
0.633			2.49568
0.636			2.48831
0.639			2.48086
0.642			2.47335
0.645			2.46577
0.648			2.45813
0.651			2.45043
0.654			2.44267
0.657			2.43485
0.66			2.42698
0.663			2.41906
0.666			2.41109
0.669			2.40307
0.672			2.395
0.675			2.38689
0.678			2.37875
0.681			2.37056
0.684			2.36234
0.687			2.35408
0.69			2.34579
0.693			2.33746
0.696			2.32911
0.699			2.32073
0.702			2.31233
0.705			2.3039
0.708			2.29545
0.711			2.28698
0.714			2.27849
0.717			2.26998
0.72			2.26146
0.723			2.25292
0.726			2.24436
0.729			2.2358
0.732			2.22723
0.735			2.21864
0.738			2.21005
0.741			2.20146
0.744			2.19286
0.747			2.18425
0.75			2.17564
0.753			2.16703
0.756			2.15842
0.759			2.14981
0.762			2.14121
0.765			2.1326
0.768			2.124
0.771			2.1154
0.774			2.10682
0.777			2.09823
0.78			2.08966
0.783			2.08109
0.786			2.07253
0.789			2.06399
0.792			2.05545
0.795			2.04693
0.798			2.03842
0.801			2.02992
0.804			2.02144
0.807			2.01297
0.81			2.00452
0.813			1.99608
0.816			1.98766
0.819			1.97926
0.822			1.97088
0.825			1.96251
0.828			1.95417
0.831			1.94584
0.834			1.93753
0.837			1.92925
0.84			1.92099
0.843			1.91275
0.846			1.90453
0.849			1.89633
0.852			1.88816
0.855			1.88001
0.858			1.87189
0.861			1.86379
0.864			1.85571
0.867			1.84766
0.87			1.83964
0.873			1.83164
0.876			1.82367
0.879			1.81572
0.882			1.8078
0.885			1.79991
0.888			1.79205
0.891			1.78421
0.894			1.7764
0.897			1.76862
0.9			1.76087
0.903			1.75315
0.906			1.74546
0.909			1.73779
0.912			1.73015
0.915			1.72255
0.918			1.71497
0.921			1.70742
0.924			1.69991
0.927			1.69242
0.93			1.68496
0.933			1.67754
0.936			1.67014
0.939			1.66277
0.942			1.65544
0.945			1.64813
0.948			1.64086
0.951			1.63362
0.954			1.62641
0.957			1.61923
0.96			1.61208
0.963			1.60496
0.966			1.59787
0.969			1.59081
0.972			1.58379
0.975			1.5768
0.978			1.56983
0.981			1.5629
0.984			1.55601
0.987			1.54914
0.99			1.5423
0.993			1.5355
0.996			1.52872
0.999			1.52198
1.002			1.51527
1.005			1.50859
1.008			1.50194
1.011			1.49533
1.014			1.48874
1.017			1.48219
1.02			1.47567
1.023			1.46917
1.026			1.46271
1.029			1.45628
1.032			1.44989
1.035			1.44352
1.038			1.43718
1.041			1.43088
1.044			1.4246
1.047			1.41836
1.05			1.41215
1.053			1.40596
1.056			1.39981
1.059			1.39369
1.062			1.3876
1.065			1.38154
1.068			1.37551
1.071			1.36951
1.074			1.36354
1.077			1.3576
1.08			1.35169
1.083			1.34581
1.086			1.33996
1.089			1.33414
1.092			1.32834
1.095			1.32258
1.098			1.31685
1.101			1.31114
1.104			1.30547
1.107			1.29982
1.11			1.29421
1.113			1.28862
1.116			1.28306
1.119			1.27753
1.122			1.27203
1.125			1.26656
1.128			1.26111
1.131			1.25569
1.134			1.2503
1.137			1.24494
1.14			1.23961
1.143			1.2343
1.146			1.22903
1.149			1.22377
1.152			1.21855
1.155			1.21336
1.158			1.20819
1.161			1.20304
1.164			1.19793
1.167			1.19284
1.17			1.18778
1.173			1.18274
1.176			1.17773
1.179			1.17275
1.182			1.16779
1.185			1.16286
1.188			1.15796
1.191			1.15308
1.194			1.14823
1.197			1.1434
1.2			1.1386
1.203			1.13382
1.206			1.12907
1.209			1.12434
1.212			1.11964
1.215			1.11496
1.218			1.11031
1.221			1.10568
1.224			1.10108
1.227			1.0965
1.23			1.09194
1.233			1.08741
1.236			1.08291
1.239			1.07842
1.242			1.07396
1.245			1.06953
1.248			1.06511
1.251			1.06072
1.254			1.05636
1.257			1.05201
1.26			1.04769
1.263			1.0434
1.266			1.03912
1.269			1.03487
1.272			1.03064
1.275			1.02643
1.278			1.02225
1.281			1.01808
1.284			1.01394
1.287			1.00982
1.29			1.00572
1.293			1.00165
1.296			0.997593
1.299			0.993559
1.302			0.989547
1.305			0.985556
1.308			0.981586
1.311			0.977637
1.314			0.973709
1.317			0.969801
1.32			0.965914
1.323			0.962047
1.326			0.958201
1.329			0.954375
1.332			0.950569
1.335			0.946783
1.338			0.943016
1.341			0.93927
1.344			0.935543
1.347			0.931836
1.35			0.928148
1.353			0.924479
1.356			0.92083
1.359			0.9172
1.362			0.913588
1.365			0.909996
1.368			0.906422
1.371			0.902867
1.374			0.89933
1.377			0.895812
1.38			0.892312
1.383			0.888831
1.386			0.885367
1.389			0.881922
1.392			0.878494
1.395			0.875084
1.398			0.871692
1.401			0.868318
1.404			0.864961
1.407			0.861621
1.41			0.858299
1.413			0.854994
1.416			0.851706
1.419			0.848435
1.422			0.845181
1.425			0.841943
1.428			0.838723
1.431			0.835519
1.434			0.832331
1.437			0.82916
1.44			0.826005
1.443			0.822866
1.446			0.819744
1.449			0.816637
1.452			0.813547
1.455			0.810472
1.458			0.807413
1.461			0.804369
1.464			0.801341
1.467			0.798329
1.47			0.795332
1.473			0.79235
1.476			0.789384
1.479			0.786432
1.482			0.783496
1.485			0.780574
1.488			0.777667
1.491			0.774775
1.494			0.771898
1.497			0.769035
1.5			0.766187
1.503			0.763353
1.506			0.760534
1.509			0.757728
1.512			0.754937
1.515			0.75216
1.518			0.749397
1.521			0.746648
1.524			0.743912
1.527			0.741191
1.53			0.738483
1.533			0.735788
1.536			0.733107
1.539			0.730439
1.542			0.727785
1.545			0.725144
1.548			0.722516
1.551			0.719902
1.554			0.7173
1.557			0.714711
1.56			0.712135
1.563			0.709572
1.566			0.707022
1.569			0.704484
1.572			0.701959
1.575			0.699446
1.578			0.696946
1.581			0.694458
1.584			0.691982
1.587			0.689519
1.59			0.687067
1.593			0.684628
1.596			0.682201
1.599			0.679785
1.602			0.677382
1.605			0.67499
1.608			0.67261
1.611			0.670241
1.614			0.667884
1.617			0.665539
1.62			0.663205
1.623			0.660882
1.626			0.658571
1.629			0.656271
1.632			0.653982
1.635			0.651704
1.638			0.649437
1.641			0.647182
1.644			0.644937
1.647			0.642703
1.65			0.640479
1.653			0.638267
1.656			0.636065
1.659			0.633873
1.662			0.631693
1.665			0.629522
1.668			0.627362
1.671			0.625213
1.674			0.623073
1.677			0.620944
1.68			0.618825
1.683			0.616716
1.686			0.614618
1.689			0.612529
1.692			0.61045
1.695			0.608381
1.698			0.606322
1.701			0.604273
1.704			0.602233
1.707			0.600203
1.71			0.598182
1.713			0.596171
1.716			0.59417
1.719			0.592178
1.722			0.590195
1.725			0.588222
1.728			0.586258
1.731			0.584303
1.734			0.582357
1.737			0.580421
1.74			0.578493
1.743			0.576574
1.746			0.574665
1.749			0.572764
1.752			0.570872
1.755			0.568989
1.758			0.567115
1.761			0.565249
1.764			0.563392
1.767			0.561544
1.77			0.559704
1.773			0.557872
1.776			0.556049
1.779			0.554235
1.782			0.552429
1.785			0.550631
1.788			0.548841
1.791			0.54706
1.794			0.545287
1.797			0.543522
1.8			0.541764
1.803			0.540015
1.806			0.538274
1.809			0.536541
1.812			0.534816
1.815			0.533099
1.818			0.531389
1.821			0.529687
1.824			0.527993
1.827			0.526307
1.83			0.524628
1.833			0.522957
1.836			0.521293
1.839			0.519637
1.842			0.517988
1.845			0.516347
1.848			0.514713
1.851			0.513086
1.854			0.511467
1.857			0.509855
1.86			0.50825
1.863			0.506652
1.866			0.505062
1.869			0.503478
1.872			0.501902
1.875			0.500332
1.878			0.49877
1.881			0.497215
1.884			0.495666
1.887			0.494124
1.89			0.492589
1.893			0.491061
1.896			0.48954
1.899			0.488025
1.902			0.486517
1.905			0.485015
1.908			0.483521
1.911			0.482032
1.914			0.480551
1.917			0.479075
1.92			0.477607
1.923			0.476144
1.926			0.474688
1.929			0.473239
1.932			0.471795
1.935			0.470358
1.938			0.468927
1.941			0.467503
1.944			0.466084
1.947			0.464672
1.95			0.463266
1.953			0.461866
1.956			0.460472
1.959			0.459084
1.962			0.457702
1.965			0.456325
1.968			0.454955
1.971			0.453591
1.974			0.452232
1.977			0.45088
1.98			0.449533
1.983			0.448192
1.986			0.446856
1.989			0.445526
1.992			0.444202
1.995			0.442884
1.998			0.441571
2.001			0.440264
2.004			0.438962
2.007			0.437666
2.01			0.436375
2.013			0.43509
2.016			0.43381
2.019			0.432535
2.022			0.431266
2.025			0.430003
2.028			0.428744
2.031			0.427491
2.034			0.426243
2.037			0.425
2.04			0.423763
2.043			0.42253
2.046			0.421303
2.049			0.420081
2.052			0.418864
2.055			0.417652
2.058			0.416445
2.061			0.415243
2.064			0.414046
2.067			0.412854
2.07			0.411667
2.073			0.410485
2.076			0.409308
2.079			0.408136
2.082			0.406968
2.085			0.405805
2.088			0.404647
2.091			0.403494
2.094			0.402345
2.097			0.401202
2.1			0.400062
2.103			0.398928
2.106			0.397798
2.109			0.396673
2.112			0.395552
2.115			0.394436
2.118			0.393324
2.121			0.392217
2.124			0.391115
2.127			0.390016
2.13			0.388923
2.133			0.387833
2.136			0.386749
2.139			0.385668
2.142			0.384592
2.145			0.38352
2.148			0.382453
2.151			0.381389
2.154			0.38033
2.157			0.379276
2.16			0.378225
2.163			0.377179
2.166			0.376137
2.169			0.375099
2.172			0.374065
2.175			0.373035
2.178			0.372009
2.181			0.370988
2.184			0.36997
2.187			0.368957
2.19			0.367947
2.193			0.366941
2.196			0.36594
2.199			0.364942
2.202			0.363949
2.205			0.362959
2.208			0.361973
2.211			0.360991
2.214			0.360013
2.217			0.359038
2.22			0.358068
2.223			0.357101
2.226			0.356138
2.229			0.355179
2.232			0.354223
2.235			0.353272
2.238			0.352324
2.241			0.351379
2.244			0.350439
2.247			0.349501
2.25			0.348568
2.253			0.347638
2.256			0.346712
2.259			0.345789
2.262			0.34487
2.265			0.343955
2.268			0.343042
2.271			0.342134
2.274			0.341229
2.277			0.340327
2.28			0.339429
2.283			0.338534
2.286			0.337643
2.289			0.336755
2.292			0.335871
2.295			0.334989
2.298			0.334112
2.301			0.333237
2.304			0.332366
2.307			0.331498
2.31			0.330633
2.313			0.329772
2.316			0.328914
2.319			0.328059
2.322			0.327208
2.325			0.326359
2.328			0.325514
2.331			0.324672
2.334			0.323833
2.337			0.322997
2.34			0.322165
2.343			0.321335
2.346			0.320509
2.349			0.319686
2.352			0.318866
2.355			0.318048
2.358			0.317234
2.361			0.316423
2.364			0.315615
2.367			0.31481
2.37			0.314008
2.373			0.313209
2.376			0.312413
2.379			0.311619
2.382			0.310829
2.385			0.310042
2.388			0.309257
2.391			0.308475
2.394			0.307697
2.397			0.306921
2.4			0.306148
2.403			0.305378
2.406			0.30461
2.409			0.303846
2.412			0.303084
2.415			0.302325
2.418			0.301568
2.421			0.300815
2.424			0.300064
2.427			0.299316
2.43			0.298571
2.433			0.297828
2.436			0.297088
2.439			0.296351
2.442			0.295616
2.445			0.294884
2.448			0.294155
2.451			0.293428
2.454			0.292704
2.457			0.291983
2.46			0.291264
2.463			0.290548
2.466			0.289834
2.469			0.289123
2.472			0.288414
2.475			0.287708
2.478			0.287004
2.481			0.286303
2.484			0.285605
2.487			0.284909
2.49			0.284215
2.493			0.283524
2.496			0.282835
2.499			0.282149
2.502			0.281465
2.505			0.280783
2.508			0.280104
2.511			0.279428
2.514			0.278753
2.517			0.278081
2.52			0.277412
2.523			0.276745
2.526			0.27608
2.529			0.275417
2.532			0.274757
2.535			0.274099
2.538			0.273444
2.541			0.27279
2.544			0.272139
2.547			0.271491
2.55			0.270844
2.553			0.2702
2.556			0.269558
2.559			0.268918
2.562			0.268281
2.565			0.267645
2.568			0.267012
2.571			0.266381
2.574			0.265752
2.577			0.265126
2.58			0.264501
2.583			0.263879
2.586			0.263259
2.589			0.262641
2.592			0.262025
2.595			0.261411
2.598			0.260799
2.601			0.260189
2.604			0.259582
2.607			0.258976
2.61			0.258373
2.613			0.257772
2.616			0.257172
2.619			0.256575
2.622			0.25598
2.625			0.255386
2.628			0.254795
2.631			0.254206
2.634			0.253619
2.637			0.253033
2.64			0.25245
2.643			0.251869
2.646			0.251289
2.649			0.250712
2.652			0.250137
2.655			0.249563
2.658			0.248991
2.661			0.248422
2.664			0.247854
2.667			0.247288
2.67			0.246724
2.673			0.246162
2.676			0.245602
2.679			0.245043
2.682			0.244487
2.685			0.243932
2.688			0.243379
2.691			0.242828
2.694			0.242279
2.697			0.241732
2.7			0.241186
2.703			0.240642
2.706			0.240101
2.709			0.23956
2.712			0.239022
2.715			0.238485
2.718			0.237951
2.721			0.237417
2.724			0.236886
2.727			0.236356
2.73			0.235829
2.733			0.235302
2.736			0.234778
2.739			0.234255
2.742			0.233734
2.745			0.233215
2.748			0.232697
2.751			0.232182
2.754			0.231667
2.757			0.231155
2.76			0.230644
2.763			0.230134
2.766			0.229627
2.769			0.229121
2.772			0.228617
2.775			0.228114
2.778			0.227613
2.781			0.227113
2.784			0.226615
2.787			0.226119
2.79			0.225624
2.793			0.225131
2.796			0.22464
2.799			0.22415
2.802			0.223661
2.805			0.223175
2.808			0.222689
2.811			0.222206
2.814			0.221724
2.817			0.221243
2.82			0.220764
2.823			0.220286
2.826			0.21981
2.829			0.219336
2.832			0.218862
2.835			0.218391
2.838			0.217921
2.841			0.217452
2.844			0.216985
2.847			0.21652
2.85			0.216055
2.853			0.215593
2.856			0.215131
2.859			0.214672
2.862			0.214213
2.865			0.213756
2.868			0.213301
2.871			0.212847
2.874			0.212394
2.877			0.211943
2.88			0.211493
2.883			0.211045
2.886			0.210598
2.889			0.210152
2.892			0.209708
2.895			0.209265
2.898			0.208823
2.901			0.208383
2.904			0.207944
2.907			0.207507
2.91			0.207071
2.913			0.206636
2.916			0.206203
2.919			0.205771
2.922			0.20534
2.925			0.204911
2.928			0.204483
2.931			0.204056
2.934			0.20363
2.937			0.203206
2.94			0.202783
2.943			0.202362
2.946			0.201942
2.949			0.201523
2.952			0.201105
2.955			0.200689
2.958			0.200273
2.961			0.199859
2.964			0.199447
2.967			0.199035
2.97			0.198625
2.973			0.198216
2.976			0.197809
2.979			0.197402
2.982			0.196997
2.985			0.196593
2.988			0.19619
2.991			0.195789
2.994			0.195389
2.997			0.194989
