0.003   -nan(ind)
0.006   -nan(ind)
0.009   0
0.012   1.06088e-09
0.015   1.58404e-07
0.018   4.17931e-06
0.021   4.12622e-05
0.024   0.000221731
0.027   0.000797478
0.03   0.00217148
0.033   0.0048392
0.036   0.0092935
0.039   0.0159362
0.042   0.025022
0.045   0.0366406
0.048   0.0507282
0.051   0.0670972
0.054   0.0854729
0.057   0.10553
0.06   0.126925
0.063   0.14932
0.066   0.1724
0.069   0.195887
0.072   0.219543
0.075   0.243177
0.078   0.266637
0.081   0.289812
0.084   0.312629
0.087   0.335043
0.09   0.357038
0.093   0.378619
0.096   0.399807
0.099   0.420639
0.102   0.441158
0.105   0.461418
0.108   0.481475
0.111   0.501388
0.114   0.521216
0.117   0.541018
0.12   0.560849
0.123   0.580766
0.126   0.600817
0.129   0.621051
0.132   0.641509
0.135   0.662232
0.138   0.683254
0.141   0.704606
0.144   0.726313
0.147   0.748399
0.15   0.770882
0.153   0.793776
0.156   0.817094
0.159   0.840843
0.162   0.865028
0.165   0.889651
0.168   0.914711
0.171   0.940204
0.174   0.966126
0.177   0.992468
0.18   1.01922
0.183   1.04637
0.186   1.07391
0.189   1.10182
0.192   1.13008
0.195   1.15868
0.198   1.18761
0.201   1.21683
0.204   1.24634
0.207   1.2761
0.21   1.30611
0.213   1.33634
0.216   1.36676
0.219   1.39736
0.222   1.42812
0.225   1.459
0.228   1.49
0.231   1.52108
0.234   1.55223
0.237   1.58342
0.24   1.61463
0.243   1.64584
0.246   1.67703
0.249   1.70817
0.252   1.73926
0.255   1.77026
0.258   1.80116
0.261   1.83193
0.264   1.86257
0.267   1.89304
0.27   1.92334
0.273   1.95345
0.276   1.98334
0.279   2.01301
0.282   2.04243
0.285   2.07159
0.288   2.10048
0.291   2.12909
0.294   2.15739
0.297   2.18538
0.3   2.21304
0.303   2.24037
0.306   2.26735
0.309   2.29396
0.312   2.32021
0.315   2.34608
0.318   2.37156
0.321   2.39664
0.324   2.42131
0.327   2.44558
0.33   2.46942
0.333   2.49284
0.336   2.51583
0.339   2.53838
0.342   2.56049
0.345   2.58215
0.348   2.60337
0.351   2.62412
0.354   2.64442
0.357   2.66426
0.36   2.68364
0.363   2.70256
0.366   2.721
0.369   2.73898
0.372   2.7565
0.375   2.77354
0.378   2.79012
0.381   2.80623
0.384   2.82187
0.387   2.83704
0.39   2.85175
0.393   2.866
0.396   2.87978
0.399   2.8931
0.402   2.90597
0.405   2.91838
0.408   2.93033
0.411   2.94184
0.414   2.9529
0.417   2.96352
0.42   2.97369
0.423   2.98343
0.426   2.99274
0.429   3.00162
0.432   3.01008
0.435   3.01812
0.438   3.02574
0.441   3.03295
0.444   3.03975
0.447   3.04615
0.45   3.05216
0.453   3.05778
0.456   3.06301
0.459   3.06786
0.462   3.07233
0.465   3.07643
0.468   3.08017
0.471   3.08355
0.474   3.08657
0.477   3.08925
0.48   3.09158
0.483   3.09357
0.486   3.09523
0.489   3.09657
0.492   3.09758
0.495   3.09828
0.498   3.09867
0.501   3.09876
0.504   3.09854
0.507   3.09804
0.51   3.09724
0.513   3.09617
0.516   3.09481
0.519   3.09319
0.522   3.0913
0.525   3.08916
0.528   3.08675
0.531   3.0841
0.534   3.08121
0.537   3.07808
0.54   3.07471
0.543   3.07112
0.546   3.0673
0.549   3.06327
0.552   3.05902
0.555   3.05457
0.558   3.04991
0.561   3.04506
0.564   3.04001
0.567   3.03478
0.57   3.02936
0.573   3.02377
0.576   3.018
0.579   3.01206
0.582   3.00596
0.585   2.9997
0.588   2.99328
0.591   2.98671
0.594   2.97999
0.597   2.97313
0.6   2.96613
0.603   2.959
0.606   2.95174
0.609   2.94435
0.612   2.93684
0.615   2.92921
0.618   2.92146
0.621   2.9136
0.624   2.90564
0.627   2.89757
0.63   2.8894
0.633   2.88113
0.636   2.87277
0.639   2.86432
0.642   2.85578
0.645   2.84716
0.648   2.83845
0.651   2.82967
0.654   2.82082
0.657   2.81189
0.66   2.80289
0.663   2.79383
0.666   2.78471
0.669   2.77552
0.672   2.76628
0.675   2.75698
0.678   2.74763
0.681   2.73823
0.684   2.72878
0.687   2.71928
0.69   2.70975
0.693   2.70017
0.696   2.69056
0.699   2.68091
0.702   2.67122
0.705   2.66151
0.708   2.65176
0.711   2.64199
0.714   2.63219
0.717   2.62237
0.72   2.61253
0.723   2.60267
0.726   2.59279
0.729   2.58289
0.732   2.57298
0.735   2.56305
0.738   2.55312
0.741   2.54317
0.744   2.53322
0.747   2.52326
0.75   2.51329
0.753   2.50332
0.756   2.49335
0.759   2.48338
0.762   2.47341
0.765   2.46344
0.768   2.45347
0.771   2.44351
0.774   2.43355
0.777   2.4236
0.78   2.41366
0.783   2.40372
0.786   2.3938
0.789   2.38388
0.792   2.37398
0.795   2.36409
0.798   2.35422
0.801   2.34436
0.804   2.33451
0.807   2.32469
0.81   2.31487
0.813   2.30508
0.816   2.29531
0.819   2.28555
0.822   2.27582
0.825   2.26611
0.828   2.25642
0.831   2.24675
0.834   2.23711
0.837   2.22749
0.84   2.21789
0.843   2.20832
0.846   2.19877
0.849   2.18925
0.852   2.17976
0.855   2.1703
0.858   2.16086
0.861   2.15145
0.864   2.14207
0.867   2.13272
0.87   2.1234
0.873   2.11411
0.876   2.10484
0.879   2.09561
0.882   2.08641
0.885   2.07725
0.888   2.06811
0.891   2.05901
0.894   2.04993
0.897   2.0409
0.9   2.03189
0.903   2.02292
0.906   2.01398
0.909   2.00507
0.912   1.9962
0.915   1.98737
0.918   1.97856
0.921   1.9698
0.924   1.96106
0.927   1.95237
0.93   1.9437
0.933   1.93508
0.936   1.92648
0.939   1.91793
0.942   1.90941
0.945   1.90092
0.948   1.89247
0.951   1.88406
0.954   1.87568
0.957   1.86734
0.96   1.85904
0.963   1.85077
0.966   1.84254
0.969   1.83435
0.972   1.82619
0.975   1.81807
0.978   1.80998
0.981   1.80194
0.984   1.79392
0.987   1.78595
0.99   1.77801
0.993   1.77011
0.996   1.76225
0.999   1.75442
1.002   1.74663
1.005   1.73887
1.008   1.73116
1.011   1.72348
1.014   1.71583
1.017   1.70822
1.02   1.70065
1.023   1.69312
1.026   1.68562
1.029   1.67816
1.032   1.67073
1.035   1.66334
1.038   1.65599
1.041   1.64867
1.044   1.64139
1.047   1.63414
1.05   1.62693
1.053   1.61976
1.056   1.61262
1.059   1.60552
1.062   1.59845
1.065   1.59142
1.068   1.58443
1.071   1.57747
1.074   1.57054
1.077   1.56365
1.08   1.5568
1.083   1.54998
1.086   1.54319
1.089   1.53644
1.092   1.52972
1.095   1.52304
1.098   1.51639
1.101   1.50978
1.104   1.5032
1.107   1.49665
1.11   1.49014
1.113   1.48366
1.116   1.47722
1.119   1.4708
1.122   1.46443
1.125   1.45808
1.128   1.45177
1.131   1.44549
1.134   1.43924
1.137   1.43303
1.14   1.42685
1.143   1.4207
1.146   1.41458
1.149   1.4085
1.152   1.40244
1.155   1.39642
1.158   1.39043
1.161   1.38448
1.164   1.37855
1.167   1.37265
1.17   1.36679
1.173   1.36096
1.176   1.35515
1.179   1.34938
1.182   1.34364
1.185   1.33793
1.188   1.33225
1.191   1.3266
1.194   1.32098
1.197   1.31539
1.2   1.30983
1.203   1.30429
1.206   1.29879
1.209   1.29332
1.212   1.28787
1.215   1.28246
1.218   1.27707
1.221   1.27171
1.224   1.26638
1.227   1.26108
1.23   1.25581
1.233   1.25056
1.236   1.24535
1.239   1.24016
1.242   1.235
1.245   1.22986
1.248   1.22475
1.251   1.21967
1.254   1.21462
1.257   1.2096
1.26   1.2046
1.263   1.19962
1.266   1.19468
1.269   1.18976
1.272   1.18486
1.275   1.18
1.278   1.17515
1.281   1.17034
1.284   1.16555
1.287   1.16078
1.29   1.15604
1.293   1.15133
1.296   1.14664
1.299   1.14197
1.302   1.13733
1.305   1.13272
1.308   1.12813
1.311   1.12356
1.314   1.11902
1.317   1.1145
1.32   1.11
1.323   1.10553
1.326   1.10109
1.329   1.09666
1.332   1.09226
1.335   1.08789
1.338   1.08353
1.341   1.0792
1.344   1.07489
1.347   1.07061
1.35   1.06635
1.353   1.06211
1.356   1.05789
1.359   1.05369
1.362   1.04952
1.365   1.04537
1.368   1.04124
1.371   1.03713
1.374   1.03304
1.377   1.02898
1.38   1.02493
1.383   1.02091
1.386   1.01691
1.389   1.01293
1.392   1.00897
1.395   1.00503
1.398   1.00111
1.401   0.997214
1.404   0.993336
1.407   0.989478
1.41   0.985641
1.413   0.981824
1.416   0.978026
1.419   0.974249
1.422   0.97049
1.425   0.966752
1.428   0.963033
1.431   0.959333
1.434   0.955652
1.437   0.95199
1.44   0.948348
1.443   0.944724
1.446   0.941119
1.449   0.937532
1.452   0.933964
1.455   0.930414
1.458   0.926883
1.461   0.92337
1.464   0.919874
1.467   0.916397
1.47   0.912938
1.473   0.909496
1.476   0.906072
1.479   0.902666
1.482   0.899277
1.485   0.895905
1.488   0.892551
1.491   0.889213
1.494   0.885893
1.497   0.88259
1.5   0.879303
1.503   0.876033
1.506   0.87278
1.509   0.869543
1.512   0.866323
1.515   0.863119
1.518   0.859931
1.521   0.856759
1.524   0.853604
1.527   0.850464
1.53   0.84734
1.533   0.844232
1.536   0.84114
1.539   0.838063
1.542   0.835001
1.545   0.831955
1.548   0.828925
1.551   0.825909
1.554   0.822909
1.557   0.819923
1.56   0.816953
1.563   0.813997
1.566   0.811056
1.569   0.80813
1.572   0.805218
1.575   0.802321
1.578   0.799438
1.581   0.796569
1.584   0.793715
1.587   0.790875
1.59   0.788049
1.593   0.785237
1.596   0.782438
1.599   0.779654
1.602   0.776883
1.605   0.774126
1.608   0.771383
1.611   0.768653
1.614   0.765936
1.617   0.763233
1.62   0.760543
1.623   0.757866
1.626   0.755202
1.629   0.752552
1.632   0.749914
1.635   0.747289
1.638   0.744677
1.641   0.742077
1.644   0.73949
1.647   0.736916
1.65   0.734354
1.653   0.731805
1.656   0.729268
1.659   0.726743
1.662   0.724231
1.665   0.72173
1.668   0.719242
1.671   0.716766
1.674   0.714301
1.677   0.711848
1.68   0.709408
1.683   0.706978
1.686   0.704561
1.689   0.702155
1.692   0.699761
1.695   0.697377
1.698   0.695006
1.701   0.692645
1.704   0.690296
1.707   0.687958
1.71   0.685631
1.713   0.683316
1.716   0.681011
1.719   0.678717
1.722   0.676434
1.725   0.674161
1.728   0.6719
1.731   0.669649
1.734   0.667409
1.737   0.665179
1.74   0.662959
1.743   0.660751
1.746   0.658552
1.749   0.656364
1.752   0.654186
1.755   0.652018
1.758   0.64986
1.761   0.647712
1.764   0.645575
1.767   0.643447
1.77   0.641329
1.773   0.639221
1.776   0.637123
1.779   0.635034
1.782   0.632955
1.785   0.630886
1.788   0.628826
1.791   0.626776
1.794   0.624735
1.797   0.622704
1.8   0.620682
1.803   0.618669
1.806   0.616666
1.809   0.614671
1.812   0.612686
1.815   0.61071
1.818   0.608743
1.821   0.606785
1.824   0.604835
1.827   0.602895
1.83   0.600963
1.833   0.59904
1.836   0.597126
1.839   0.595221
1.842   0.593324
1.845   0.591436
1.848   0.589556
1.851   0.587685
1.854   0.585822
1.857   0.583968
1.86   0.582122
1.863   0.580284
1.866   0.578454
1.869   0.576633
1.872   0.57482
1.875   0.573014
1.878   0.571217
1.881   0.569428
1.884   0.567647
1.887   0.565874
1.89   0.564109
1.893   0.562351
1.896   0.560602
1.899   0.55886
1.902   0.557125
1.905   0.555399
1.908   0.55368
1.911   0.551969
1.914   0.550265
1.917   0.548568
1.92   0.546879
1.923   0.545198
1.926   0.543524
1.929   0.541857
1.932   0.540198
1.935   0.538545
1.938   0.5369
1.941   0.535263
1.944   0.533632
1.947   0.532008
1.95   0.530392
1.953   0.528782
1.956   0.527179
1.959   0.525584
1.962   0.523995
1.965   0.522413
1.968   0.520838
1.971   0.51927
1.974   0.517708
1.977   0.516153
1.98   0.514605
1.983   0.513064
1.986   0.511529
1.989   0.510001
1.992   0.508479
1.995   0.506964
1.998   0.505455
2.001   0.503952
2.004   0.502456
2.007   0.500967
2.01   0.499483
2.013   0.498006
2.016   0.496536
2.019   0.495071
2.022   0.493613
2.025   0.492161
2.028   0.490714
2.031   0.489274
2.034   0.487841
2.037   0.486413
2.04   0.484991
2.043   0.483575
2.046   0.482165
2.049   0.480761
2.052   0.479363
2.055   0.47797
2.058   0.476584
2.061   0.475203
2.064   0.473828
2.067   0.472458
2.07   0.471095
2.073   0.469737
2.076   0.468384
2.079   0.467038
2.082   0.465696
2.085   0.464361
2.088   0.463031
2.091   0.461706
2.094   0.460387
2.097   0.459073
2.1   0.457764
2.103   0.456461
2.106   0.455164
2.109   0.453871
2.112   0.452584
2.115   0.451302
2.118   0.450026
2.121   0.448754
2.124   0.447488
2.127   0.446227
2.13   0.444971
2.133   0.44372
2.136   0.442474
2.139   0.441233
2.142   0.439997
2.145   0.438767
2.148   0.437541
2.151   0.43632
2.154   0.435104
2.157   0.433893
2.16   0.432687
2.163   0.431485
2.166   0.430289
2.169   0.429097
2.172   0.42791
2.175   0.426727
2.178   0.42555
2.181   0.424377
2.184   0.423209
2.187   0.422045
2.19   0.420886
2.193   0.419732
2.196   0.418582
2.199   0.417437
2.202   0.416296
2.205   0.41516
2.208   0.414028
2.211   0.412901
2.214   0.411778
2.217   0.41066
2.22   0.409546
2.223   0.408436
2.226   0.407331
2.229   0.40623
2.232   0.405133
2.235   0.404041
2.238   0.402952
2.241   0.401868
2.244   0.400789
2.247   0.399713
2.25   0.398642
2.253   0.397575
2.256   0.396512
2.259   0.395453
2.262   0.394398
2.265   0.393347
2.268   0.392301
2.271   0.391258
2.274   0.390219
2.277   0.389185
2.28   0.388154
2.283   0.387127
2.286   0.386105
2.289   0.385086
2.292   0.384071
2.295   0.38306
2.298   0.382052
2.301   0.381049
2.304   0.380049
2.307   0.379054
2.31   0.378062
2.313   0.377073
2.316   0.376089
2.319   0.375108
2.322   0.374131
2.325   0.373158
2.328   0.372188
2.331   0.371222
2.334   0.37026
2.337   0.369301
2.34   0.368346
2.343   0.367394
2.346   0.366446
2.349   0.365502
2.352   0.364561
2.355   0.363624
2.358   0.36269
2.361   0.361759
2.364   0.360832
2.367   0.359909
2.37   0.358989
2.373   0.358072
2.376   0.357159
2.379   0.356249
2.382   0.355342
2.385   0.354439
2.388   0.35354
2.391   0.352643
2.394   0.35175
2.397   0.35086
2.4   0.349973
2.403   0.34909
2.406   0.34821
2.409   0.347333
2.412   0.346459
2.415   0.345589
2.418   0.344722
2.421   0.343857
2.424   0.342996
2.427   0.342139
2.43   0.341284
2.433   0.340432
2.436   0.339584
2.439   0.338738
2.442   0.337896
2.445   0.337057
2.448   0.33622
2.451   0.335387
2.454   0.334557
2.457   0.33373
2.46   0.332905
2.463   0.332084
2.466   0.331266
2.469   0.33045
2.472   0.329638
2.475   0.328828
2.478   0.328021
2.481   0.327217
2.484   0.326416
2.487   0.325618
2.49   0.324823
2.493   0.324031
2.496   0.323241
2.499   0.322454
2.502   0.32167
2.505   0.320889
2.508   0.320111
2.511   0.319335
2.514   0.318562
2.517   0.317792
2.52   0.317024
2.523   0.316259
2.526   0.315497
2.529   0.314738
2.532   0.313981
2.535   0.313227
2.538   0.312475
2.541   0.311727
2.544   0.31098
2.547   0.310237
2.55   0.309496
2.553   0.308757
2.556   0.308021
2.559   0.307288
2.562   0.306557
2.565   0.305829
2.568   0.305103
2.571   0.30438
2.574   0.303659
2.577   0.302941
2.58   0.302226
2.583   0.301512
2.586   0.300801
2.589   0.300093
2.592   0.299387
2.595   0.298684
2.598   0.297983
2.601   0.297284
2.604   0.296588
2.607   0.295894
2.61   0.295202
2.613   0.294513
2.616   0.293826
2.619   0.293142
2.622   0.29246
2.625   0.29178
2.628   0.291103
2.631   0.290427
2.634   0.289754
2.637   0.289084
2.64   0.288416
2.643   0.287749
2.646   0.287086
2.649   0.286424
2.652   0.285765
2.655   0.285107
2.658   0.284453
2.661   0.2838
2.664   0.283149
2.667   0.282501
2.67   0.281855
2.673   0.281211
2.676   0.280569
2.679   0.279929
2.682   0.279291
2.685   0.278656
2.688   0.278023
2.691   0.277391
2.694   0.276762
2.697   0.276135
2.7   0.27551
2.703   0.274887
2.706   0.274266
2.709   0.273648
2.712   0.273031
2.715   0.272416
2.718   0.271803
2.721   0.271193
2.724   0.270584
2.727   0.269977
2.73   0.269373
2.733   0.26877
2.736   0.268169
2.739   0.267571
2.742   0.266974
2.745   0.266379
2.748   0.265786
2.751   0.265195
2.754   0.264606
2.757   0.264019
2.76   0.263434
2.763   0.26285
2.766   0.262269
2.769   0.26169
2.772   0.261112
2.775   0.260536
2.778   0.259962
2.781   0.25939
2.784   0.25882
2.787   0.258252
2.79   0.257685
2.793   0.25712
2.796   0.256557
2.799   0.255996
2.802   0.255437
2.805   0.254879
2.808   0.254324
2.811   0.25377
2.814   0.253218
2.817   0.252667
2.82   0.252118
2.823   0.251572
2.826   0.251026
2.829   0.250483
2.832   0.249941
2.835   0.249401
2.838   0.248863
2.841   0.248326
2.844   0.247791
2.847   0.247258
2.85   0.246727
2.853   0.246197
2.856   0.245669
2.859   0.245142
2.862   0.244617
2.865   0.244094
2.868   0.243573
2.871   0.243053
2.874   0.242535
2.877   0.242018
2.88   0.241503
2.883   0.240989
2.886   0.240478
2.889   0.239967
2.892   0.239459
2.895   0.238952
2.898   0.238446
2.901   0.237942
2.904   0.23744
2.907   0.236939
2.91   0.23644
2.913   0.235942
2.916   0.235446
2.919   0.234951
2.922   0.234458
2.925   0.233967
2.928   0.233477
2.931   0.232988
2.934   0.232501
2.937   0.232016
2.94   0.231532
2.943   0.231049
2.946   0.230568
2.949   0.230088
2.952   0.22961
2.955   0.229133
2.958   0.228658
2.961   0.228184
2.964   0.227712
2.967   0.227241
2.97   0.226772
2.973   0.226304
2.976   0.225837
2.979   0.225372
2.982   0.224908
2.985   0.224446
2.988   0.223984
2.991   0.223525
2.994   0.223067
2.997   0.22261
