0.003   -nan(ind)
0.006   0
0.009   0
0.012   1.23358e-11
0.015   2.93691e-09
0.018   1.59549e-07
0.021   2.64558e-06
0.024   2.0974e-05
0.027   0.000102078
0.03   0.000354046
0.033   0.00096177
0.036   0.00217848
0.039   0.00429561
0.042   0.00760297
0.045   0.0123516
0.048   0.0187276
0.051   0.0268386
0.054   0.0367124
0.057   0.0483047
0.06   0.0615111
0.063   0.0761824
0.066   0.0921399
0.069   0.109188
0.072   0.127129
0.075   0.145766
0.078   0.164919
0.081   0.184419
0.084   0.204123
0.087   0.223903
0.09   0.243656
0.093   0.263299
0.096   0.282768
0.099   0.302017
0.102   0.321016
0.105   0.33975
0.108   0.358215
0.111   0.376417
0.114   0.394371
0.117   0.412099
0.12   0.429627
0.123   0.446986
0.126   0.464209
0.129   0.481331
0.132   0.498388
0.135   0.515414
0.138   0.532444
0.141   0.549513
0.144   0.566652
0.147   0.583891
0.15   0.601258
0.153   0.618779
0.156   0.636476
0.159   0.654372
0.162   0.672482
0.165   0.690824
0.168   0.709409
0.171   0.728249
0.174   0.747351
0.177   0.766721
0.18   0.786363
0.183   0.806278
0.186   0.826465
0.189   0.846923
0.192   0.867647
0.195   0.888631
0.198   0.909869
0.201   0.931351
0.204   0.953069
0.207   0.975011
0.21   0.997166
0.213   1.01952
0.216   1.04206
0.219   1.06477
0.222   1.08764
0.225   1.11066
0.228   1.13379
0.231   1.15704
0.234   1.18039
0.237   1.20381
0.24   1.22729
0.243   1.25082
0.246   1.27438
0.249   1.29795
0.252   1.32152
0.255   1.34506
0.258   1.36857
0.261   1.39203
0.264   1.41541
0.267   1.43872
0.27   1.46193
0.273   1.48502
0.276   1.50799
0.279   1.53082
0.282   1.55349
0.285   1.576
0.288   1.59833
0.291   1.62046
0.294   1.6424
0.297   1.66411
0.3   1.68561
0.303   1.70686
0.306   1.72787
0.309   1.74863
0.312   1.76912
0.315   1.78934
0.318   1.80928
0.321   1.82893
0.324   1.84828
0.327   1.86733
0.33   1.88607
0.333   1.9045
0.336   1.9226
0.339   1.94039
0.342   1.95784
0.345   1.97495
0.348   1.99173
0.351   2.00817
0.354   2.02426
0.357   2.04
0.36   2.05539
0.363   2.07043
0.366   2.08512
0.369   2.09945
0.372   2.11342
0.375   2.12704
0.378   2.1403
0.381   2.1532
0.384   2.16574
0.387   2.17792
0.39   2.18974
0.393   2.20121
0.396   2.21232
0.399   2.22307
0.402   2.23347
0.405   2.24352
0.408   2.25322
0.411   2.26257
0.414   2.27157
0.417   2.28023
0.42   2.28855
0.423   2.29653
0.426   2.30417
0.429   2.31148
0.432   2.31846
0.435   2.32512
0.438   2.33144
0.441   2.33745
0.444   2.34315
0.447   2.34852
0.45   2.35359
0.453   2.35836
0.456   2.36282
0.459   2.36698
0.462   2.37085
0.465   2.37443
0.468   2.37772
0.471   2.38073
0.474   2.38346
0.477   2.38592
0.48   2.38811
0.483   2.39004
0.486   2.3917
0.489   2.3931
0.492   2.39426
0.495   2.39516
0.498   2.39582
0.501   2.39624
0.504   2.39643
0.507   2.39639
0.51   2.39611
0.513   2.39562
0.516   2.39491
0.519   2.39398
0.522   2.39284
0.525   2.3915
0.528   2.38996
0.531   2.38822
0.534   2.38629
0.537   2.38416
0.54   2.38186
0.543   2.37937
0.546   2.37671
0.549   2.37387
0.552   2.37086
0.555   2.36769
0.558   2.36436
0.561   2.36087
0.564   2.35723
0.567   2.35344
0.57   2.3495
0.573   2.34542
0.576   2.34121
0.579   2.33685
0.582   2.33237
0.585   2.32776
0.588   2.32302
0.591   2.31816
0.594   2.31319
0.597   2.3081
0.6   2.30289
0.603   2.29758
0.606   2.29217
0.609   2.28665
0.612   2.28104
0.615   2.27533
0.618   2.26952
0.621   2.26363
0.624   2.25765
0.627   2.25159
0.63   2.24544
0.633   2.23921
0.636   2.23291
0.639   2.22654
0.642   2.22009
0.645   2.21358
0.648   2.207
0.651   2.20036
0.654   2.19365
0.657   2.18689
0.66   2.18007
0.663   2.1732
0.666   2.16627
0.669   2.1593
0.672   2.15228
0.675   2.14521
0.678   2.1381
0.681   2.13094
0.684   2.12375
0.687   2.11652
0.69   2.10926
0.693   2.10196
0.696   2.09462
0.699   2.08726
0.702   2.07987
0.705   2.07245
0.708   2.06501
0.711   2.05754
0.714   2.05005
0.717   2.04254
0.72   2.03501
0.723   2.02746
0.726   2.0199
0.729   2.01232
0.732   2.00473
0.735   1.99713
0.738   1.98951
0.741   1.98189
0.744   1.97426
0.747   1.96662
0.75   1.95897
0.753   1.95132
0.756   1.94367
0.759   1.93601
0.762   1.92835
0.765   1.92069
0.768   1.91303
0.771   1.90538
0.774   1.89772
0.777   1.89007
0.78   1.88242
0.783   1.87478
0.786   1.86714
0.789   1.85951
0.792   1.85189
0.795   1.84428
0.798   1.83667
0.801   1.82908
0.804   1.8215
0.807   1.81392
0.81   1.80636
0.813   1.79881
0.816   1.79128
0.819   1.78376
0.822   1.77625
0.825   1.76876
0.828   1.76129
0.831   1.75383
0.834   1.74638
0.837   1.73896
0.84   1.73155
0.843   1.72416
0.846   1.71679
0.849   1.70944
0.852   1.70211
0.855   1.6948
0.858   1.68751
0.861   1.68024
0.864   1.67299
0.867   1.66576
0.87   1.65855
0.873   1.65137
0.876   1.64421
0.879   1.63707
0.882   1.62995
0.885   1.62286
0.888   1.61579
0.891   1.60875
0.894   1.60173
0.897   1.59474
0.9   1.58777
0.903   1.58082
0.906   1.5739
0.909   1.567
0.912   1.56014
0.915   1.55329
0.918   1.54647
0.921   1.53968
0.924   1.53292
0.927   1.52618
0.93   1.51947
0.933   1.51278
0.936   1.50612
0.939   1.49949
0.942   1.49289
0.945   1.48631
0.948   1.47976
0.951   1.47323
0.954   1.46674
0.957   1.46027
0.96   1.45383
0.963   1.44742
0.966   1.44103
0.969   1.43468
0.972   1.42835
0.975   1.42204
0.978   1.41577
0.981   1.40953
0.984   1.40331
0.987   1.39712
0.99   1.39096
0.993   1.38482
0.996   1.37872
0.999   1.37264
1.002   1.36659
1.005   1.36057
1.008   1.35457
1.011   1.34861
1.014   1.34267
1.017   1.33676
1.02   1.33088
1.023   1.32502
1.026   1.3192
1.029   1.3134
1.032   1.30763
1.035   1.30189
1.038   1.29617
1.041   1.29048
1.044   1.28482
1.047   1.27919
1.05   1.27359
1.053   1.26801
1.056   1.26246
1.059   1.25694
1.062   1.25144
1.065   1.24597
1.068   1.24053
1.071   1.23512
1.074   1.22973
1.077   1.22437
1.08   1.21904
1.083   1.21373
1.086   1.20845
1.089   1.2032
1.092   1.19797
1.095   1.19277
1.098   1.1876
1.101   1.18245
1.104   1.17733
1.107   1.17224
1.11   1.16717
1.113   1.16213
1.116   1.15711
1.119   1.15212
1.122   1.14715
1.125   1.14221
1.128   1.1373
1.131   1.13241
1.134   1.12754
1.137   1.1227
1.14   1.11789
1.143   1.1131
1.146   1.10834
1.149   1.1036
1.152   1.09888
1.155   1.09419
1.158   1.08952
1.161   1.08488
1.164   1.08026
1.167   1.07567
1.17   1.0711
1.173   1.06656
1.176   1.06203
1.179   1.05754
1.182   1.05306
1.185   1.04861
1.188   1.04418
1.191   1.03978
1.194   1.0354
1.197   1.03104
1.2   1.0267
1.203   1.02239
1.206   1.0181
1.209   1.01383
1.212   1.00959
1.215   1.00537
1.218   1.00117
1.221   0.996987
1.224   0.992831
1.227   0.988697
1.23   0.984585
1.233   0.980494
1.236   0.976425
1.239   0.972377
1.242   0.96835
1.245   0.964345
1.248   0.960361
1.251   0.956398
1.254   0.952456
1.257   0.948535
1.26   0.944634
1.263   0.940754
1.266   0.936895
1.269   0.933056
1.272   0.929237
1.275   0.925438
1.278   0.921659
1.281   0.917901
1.284   0.914162
1.287   0.910443
1.29   0.906743
1.293   0.903063
1.296   0.899402
1.299   0.895761
1.302   0.892139
1.305   0.888536
1.308   0.884951
1.311   0.881386
1.314   0.87784
1.317   0.874312
1.32   0.870803
1.323   0.867312
1.326   0.863839
1.329   0.860385
1.332   0.856949
1.335   0.853531
1.338   0.850131
1.341   0.846748
1.344   0.843384
1.347   0.840037
1.35   0.836708
1.353   0.833396
1.356   0.830101
1.359   0.826824
1.362   0.823563
1.365   0.82032
1.368   0.817094
1.371   0.813885
1.374   0.810692
1.377   0.807516
1.38   0.804357
1.383   0.801214
1.386   0.798087
1.389   0.794977
1.392   0.791882
1.395   0.788804
1.398   0.785742
1.401   0.782696
1.404   0.779666
1.407   0.776651
1.41   0.773652
1.413   0.770668
1.416   0.7677
1.419   0.764748
1.422   0.76181
1.425   0.758888
1.428   0.755981
1.431   0.753088
1.434   0.750211
1.437   0.747349
1.44   0.744501
1.443   0.741668
1.446   0.738849
1.449   0.736045
1.452   0.733255
1.455   0.73048
1.458   0.727719
1.461   0.724972
1.464   0.722239
1.467   0.71952
1.47   0.716814
1.473   0.714123
1.476   0.711446
1.479   0.708782
1.482   0.706131
1.485   0.703494
1.488   0.700871
1.491   0.69826
1.494   0.695663
1.497   0.69308
1.5   0.690509
1.503   0.687951
1.506   0.685406
1.509   0.682875
1.512   0.680355
1.515   0.677849
1.518   0.675355
1.521   0.672874
1.524   0.670405
1.527   0.667949
1.53   0.665505
1.533   0.663073
1.536   0.660654
1.539   0.658246
1.542   0.655851
1.545   0.653467
1.548   0.651096
1.551   0.648736
1.554   0.646388
1.557   0.644052
1.56   0.641727
1.563   0.639414
1.566   0.637113
1.569   0.634823
1.572   0.632544
1.575   0.630276
1.578   0.62802
1.581   0.625775
1.584   0.623541
1.587   0.621318
1.59   0.619106
1.593   0.616904
1.596   0.614714
1.599   0.612534
1.602   0.610366
1.605   0.608207
1.608   0.60606
1.611   0.603922
1.614   0.601796
1.617   0.599679
1.62   0.597573
1.623   0.595478
1.626   0.593392
1.629   0.591317
1.632   0.589251
1.635   0.587196
1.638   0.585151
1.641   0.583115
1.644   0.58109
1.647   0.579074
1.65   0.577068
1.653   0.575072
1.656   0.573085
1.659   0.571108
1.662   0.56914
1.665   0.567182
1.668   0.565233
1.671   0.563294
1.674   0.561364
1.677   0.559443
1.68   0.557531
1.683   0.555629
1.686   0.553735
1.689   0.551851
1.692   0.549975
1.695   0.548108
1.698   0.546251
1.701   0.544402
1.704   0.542562
1.707   0.54073
1.71   0.538907
1.713   0.537093
1.716   0.535288
1.719   0.533491
1.722   0.531702
1.725   0.529922
1.728   0.52815
1.731   0.526386
1.734   0.524631
1.737   0.522884
1.74   0.521145
1.743   0.519415
1.746   0.517692
1.749   0.515977
1.752   0.514271
1.755   0.512572
1.758   0.510881
1.761   0.509198
1.764   0.507523
1.767   0.505856
1.77   0.504196
1.773   0.502544
1.776   0.5009
1.779   0.499263
1.782   0.497634
1.785   0.496012
1.788   0.494398
1.791   0.492791
1.794   0.491192
1.797   0.4896
1.8   0.488015
1.803   0.486437
1.806   0.484867
1.809   0.483304
1.812   0.481748
1.815   0.480199
1.818   0.478657
1.821   0.477122
1.824   0.475594
1.827   0.474073
1.83   0.472559
1.833   0.471051
1.836   0.469551
1.839   0.468057
1.842   0.46657
1.845   0.46509
1.848   0.463616
1.851   0.462149
1.854   0.460689
1.857   0.459235
1.86   0.457787
1.863   0.456346
1.866   0.454912
1.869   0.453484
1.872   0.452062
1.875   0.450647
1.878   0.449238
1.881   0.447835
1.884   0.446438
1.887   0.445048
1.89   0.443664
1.893   0.442286
1.896   0.440914
1.899   0.439548
1.902   0.438188
1.905   0.436834
1.908   0.435486
1.911   0.434144
1.914   0.432807
1.917   0.431477
1.92   0.430153
1.923   0.428834
1.926   0.427521
1.929   0.426214
1.932   0.424912
1.935   0.423616
1.938   0.422326
1.941   0.421042
1.944   0.419763
1.947   0.418489
1.95   0.417221
1.953   0.415959
1.956   0.414702
1.959   0.41345
1.962   0.412204
1.965   0.410963
1.968   0.409727
1.971   0.408497
1.974   0.407272
1.977   0.406052
1.98   0.404838
1.983   0.403629
1.986   0.402425
1.989   0.401226
1.992   0.400032
1.995   0.398843
1.998   0.397659
2.001   0.396481
2.004   0.395307
2.007   0.394138
2.01   0.392975
2.013   0.391816
2.016   0.390662
2.019   0.389513
2.022   0.388368
2.025   0.387229
2.028   0.386094
2.031   0.384965
2.034   0.383839
2.037   0.382719
2.04   0.381603
2.043   0.380492
2.046   0.379386
2.049   0.378284
2.052   0.377187
2.055   0.376094
2.058   0.375006
2.061   0.373923
2.064   0.372844
2.067   0.371769
2.07   0.370699
2.073   0.369633
2.076   0.368572
2.079   0.367515
2.082   0.366462
2.085   0.365414
2.088   0.36437
2.091   0.36333
2.094   0.362295
2.097   0.361264
2.1   0.360237
2.103   0.359214
2.106   0.358196
2.109   0.357181
2.112   0.356171
2.115   0.355165
2.118   0.354163
2.121   0.353165
2.124   0.352171
2.127   0.351181
2.13   0.350195
2.133   0.349213
2.136   0.348235
2.139   0.347261
2.142   0.346291
2.145   0.345325
2.148   0.344363
2.151   0.343404
2.154   0.34245
2.157   0.341499
2.16   0.340552
2.163   0.339609
2.166   0.33867
2.169   0.337734
2.172   0.336802
2.175   0.335874
2.178   0.334949
2.181   0.334029
2.184   0.333111
2.187   0.332198
2.19   0.331288
2.193   0.330382
2.196   0.329479
2.199   0.32858
2.202   0.327684
2.205   0.326792
2.208   0.325903
2.211   0.325018
2.214   0.324137
2.217   0.323258
2.22   0.322384
2.223   0.321512
2.226   0.320644
2.229   0.31978
2.232   0.318919
2.235   0.318061
2.238   0.317206
2.241   0.316355
2.244   0.315507
2.247   0.314663
2.25   0.313822
2.253   0.312984
2.256   0.312149
2.259   0.311317
2.262   0.310489
2.265   0.309664
2.268   0.308842
2.271   0.308023
2.274   0.307207
2.277   0.306395
2.28   0.305585
2.283   0.304779
2.286   0.303975
2.289   0.303175
2.292   0.302378
2.295   0.301584
2.298   0.300793
2.301   0.300005
2.304   0.29922
2.307   0.298438
2.31   0.297659
2.313   0.296882
2.316   0.296109
2.319   0.295339
2.322   0.294571
2.325   0.293807
2.328   0.293045
2.331   0.292286
2.334   0.29153
2.337   0.290777
2.34   0.290027
2.343   0.289279
2.346   0.288535
2.349   0.287793
2.352   0.287054
2.355   0.286317
2.358   0.285584
2.361   0.284853
2.364   0.284125
2.367   0.283399
2.37   0.282676
2.373   0.281956
2.376   0.281239
2.379   0.280524
2.382   0.279812
2.385   0.279102
2.388   0.278395
2.391   0.277691
2.394   0.276989
2.397   0.27629
2.4   0.275594
2.403   0.2749
2.406   0.274208
2.409   0.273519
2.412   0.272833
2.415   0.272149
2.418   0.271467
2.421   0.270789
2.424   0.270112
2.427   0.269438
2.43   0.268766
2.433   0.268097
2.436   0.267431
2.439   0.266766
2.442   0.266104
2.445   0.265445
2.448   0.264788
2.451   0.264133
2.454   0.263481
2.457   0.262831
2.46   0.262183
2.463   0.261537
2.466   0.260894
2.469   0.260254
2.472   0.259615
2.475   0.258979
2.478   0.258345
2.481   0.257713
2.484   0.257084
2.487   0.256457
2.49   0.255832
2.493   0.255209
2.496   0.254588
2.499   0.25397
2.502   0.253354
2.505   0.25274
2.508   0.252128
2.511   0.251519
2.514   0.250911
2.517   0.250306
2.52   0.249703
2.523   0.249101
2.526   0.248502
2.529   0.247906
2.532   0.247311
2.535   0.246718
2.538   0.246127
2.541   0.245539
2.544   0.244952
2.547   0.244368
2.55   0.243785
2.553   0.243205
2.556   0.242627
2.559   0.24205
2.562   0.241476
2.565   0.240903
2.568   0.240333
2.571   0.239765
2.574   0.239198
2.577   0.238634
2.58   0.238071
2.583   0.23751
2.586   0.236952
2.589   0.236395
2.592   0.23584
2.595   0.235287
2.598   0.234736
2.601   0.234187
2.604   0.233639
2.607   0.233094
2.61   0.23255
2.613   0.232009
2.616   0.231469
2.619   0.230931
2.622   0.230394
2.625   0.22986
2.628   0.229327
2.631   0.228797
2.634   0.228268
2.637   0.22774
2.64   0.227215
2.643   0.226691
2.646   0.226169
2.649   0.225649
2.652   0.225131
2.655   0.224614
2.658   0.224099
2.661   0.223586
2.664   0.223075
2.667   0.222565
2.67   0.222057
2.673   0.221551
2.676   0.221046
2.679   0.220543
2.682   0.220042
2.685   0.219542
2.688   0.219044
2.691   0.218548
2.694   0.218053
2.697   0.21756
2.7   0.217069
2.703   0.216579
2.706   0.216091
2.709   0.215604
2.712   0.215119
2.715   0.214636
2.718   0.214154
2.721   0.213674
2.724   0.213195
2.727   0.212718
2.73   0.212243
2.733   0.211769
2.736   0.211296
2.739   0.210826
2.742   0.210356
2.745   0.209889
2.748   0.209422
2.751   0.208958
2.754   0.208494
2.757   0.208033
2.76   0.207573
2.763   0.207114
2.766   0.206657
2.769   0.206201
2.772   0.205747
2.775   0.205294
2.778   0.204843
2.781   0.204393
2.784   0.203944
2.787   0.203497
2.79   0.203052
2.793   0.202608
2.796   0.202165
2.799   0.201724
2.802   0.201284
2.805   0.200845
2.808   0.200408
2.811   0.199973
2.814   0.199538
2.817   0.199105
2.82   0.198674
2.823   0.198244
2.826   0.197815
2.829   0.197388
2.832   0.196961
2.835   0.196537
2.838   0.196113
2.841   0.195691
2.844   0.195271
2.847   0.194851
2.85   0.194433
2.853   0.194017
2.856   0.193601
2.859   0.193187
2.862   0.192774
2.865   0.192363
2.868   0.191952
2.871   0.191544
2.874   0.191136
2.877   0.190729
2.88   0.190324
2.883   0.18992
2.886   0.189518
2.889   0.189117
2.892   0.188716
2.895   0.188318
2.898   0.18792
2.901   0.187524
2.904   0.187128
2.907   0.186735
2.91   0.186342
2.913   0.18595
2.916   0.18556
2.919   0.185171
2.922   0.184783
2.925   0.184396
2.928   0.184011
2.931   0.183627
2.934   0.183243
2.937   0.182861
2.94   0.182481
2.943   0.182101
2.946   0.181723
2.949   0.181345
2.952   0.180969
2.955   0.180594
2.958   0.18022
2.961   0.179847
2.964   0.179476
2.967   0.179105
2.97   0.178736
2.973   0.178368
2.976   0.178001
2.979   0.177635
2.982   0.17727
2.985   0.176906
2.988   0.176543
2.991   0.176182
2.994   0.175821
2.997   0.175462
