0		0		2.85743e-15
0		0.0031831		2.78906e-15
0		0.0063662		2.58996e-15
0		0.0095493		2.27755e-15
0		0.0127324		1.87889e-15
0		0.0159155		1.42792e-15
0		0.0190986		9.62105e-16
0		0.0222817		5.18692e-16
0		0.0254648		1.31138e-16
0		0.0286479		-1.7401e-16
0		0.031831		-3.79423e-16
0		0.0350141		-4.78257e-16
0		0.0381972		-4.74298e-16
0		0.0413803		-3.80967e-16
0		0.0445634		-2.19368e-16
0		0.0477465		-1.56014e-17
0		0.0509296		2.02308e-16
0		0.0541127		4.07533e-16
0		0.0572958		5.77241e-16
0		0.0604789		6.94786e-16
0		0.063662		7.51048e-16
0		0.0668451		7.44828e-16
0		0.0700282		6.82298e-16
0		0.0732113		5.75607e-16
0		0.0763944		4.40867e-16
0		0.0795775		2.95802e-16
0		0.0827606		1.57354e-16
0		0.0859437		3.95628e-17
0		0.0891268		-4.80318e-17
0		0.0923099		-1.01282e-16
0		0.095493		-1.21535e-16
0		0.0986761		-1.14965e-16
0		0.101859		-9.12613e-17
0		0.105042		-6.18725e-17
0		0.108225		-3.80621e-17
0		0.111408		-2.90583e-17
0		0.114592		-4.05544e-17
0		0.117775		-7.37724e-17
0		0.120958		-1.25219e-16
0		0.124141		-1.87173e-16
0		0.127324		-2.48834e-16
0		0.130507		-2.97985e-16
0		0.13369		-3.22932e-16
0		0.136873		-3.14459e-16
0		0.140056		-2.67515e-16
0		0.143239		-1.82391e-16
0		0.146423		-6.5198e-17
0		0.149606		7.24435e-17
0		0.152789		2.14505e-16
0		0.155972		3.42326e-16
0		0.159155		4.36866e-16
0		0.162338		4.81159e-16
0		0.165521		4.62664e-16
0		0.168704		3.75211e-16
0		0.171887		2.20267e-16
0		0.17507		7.3415e-18
0		0.178254		-2.46568e-16
0		0.181437		-5.18462e-16
0		0.18462		-7.81626e-16
0		0.187803		-1.00847e-15
0		0.190986		-1.17364e-15
0		0.194169		-1.25697e-15
0		0.197352		-1.24606e-15
0		0.200535		-1.138e-15
0		0.203718		-9.402e-16
0		0.206901		-6.70041e-16
0		0.210085		-3.53428e-16
0		0.213268		-2.2396e-17
0		0.216451		2.8805e-16
0		0.219634		5.4349e-16
0		0.222817		7.13672e-16
0		0.226		7.75742e-16
0		0.229183		7.16755e-16
0		0.232366		5.35197e-16
0		0.235549		2.4135e-16
0		0.238732		-1.43562e-16
0		0.241916		-5.89341e-16
0		0.245099		-1.05971e-15
0		0.248282		-1.51581e-15
0		0.251465		-1.91996e-15
0		0.254648		-2.23924e-15
0		0.257831		-2.44858e-15
0		0.261014		-2.53303e-15
0		0.264197		-2.4889e-15
0		0.26738		-2.32384e-15
0		0.270563		-2.05573e-15
0		0.273747		-1.71062e-15
0		0.27693		-1.31986e-15
0		0.280113		-9.16923e-16
0		0.283296		-5.34018e-16
0		0.286479		-1.99092e-16
0		0.289662		6.66291e-17
0		0.292845		2.50268e-16
0		0.296028		3.47974e-16
0		0.299211		3.64615e-16
0		0.302394		3.12582e-16
0		0.305577		2.09878e-16
0		0.308761		7.77386e-17
0		0.311944		-6.19151e-17
0		0.315127		-1.88913e-16
0		0.31831		-2.86885e-16
0		0.321493		-3.44717e-16
0		0.324676		-3.57298e-16
0		0.327859		-3.25511e-16
0		0.331042		-2.55526e-16
0		0.334225		-1.57532e-16
0		0.337408		-4.40984e-17
0		0.340592		7.16063e-17
0		0.343775		1.77509e-16
0		0.346958		2.64032e-16
0		0.350141		3.25046e-16
0		0.353324		3.5828e-16
0		0.356507		3.65175e-16
0		0.35969		3.50246e-16
0		0.362873		3.20056e-16
0		0.366056		2.81981e-16
0		0.369239		2.42952e-16
0		0.372423		2.08341e-16
0		0.375606		1.81161e-16
0		0.378789		1.61681e-16
0		0.381972		1.47497e-16
0		0.385155		1.34048e-16
0		0.388338		1.15491e-16
0		0.391521		8.5803e-17
0		0.394704		3.99558e-17
0		0.397887		-2.50153e-17
0		0.40107		-1.09204e-16
0		0.404254		-2.09407e-16
0		0.407437		-3.19158e-16
0		0.41062		-4.29226e-16
0		0.413803		-5.2853e-16
0		0.416986		-6.05371e-16
0		0.420169		-6.48814e-16
0		0.423352		-6.50068e-16
0		0.426535		-6.03673e-16
0		0.429718		-5.08346e-16
0		0.432901		-3.6737e-16
0		0.436085		-1.88473e-16
0		0.439268		1.68109e-17
0		0.442451		2.34232e-16
0		0.445634		4.48234e-16
0		0.448817		6.43537e-16
0		0.452		8.06701e-16
0		0.455183		9.27504e-16
0		0.458366		9.99952e-16
0		0.461549		1.02283e-15
0		0.464732		9.99722e-16
0		0.467916		9.38486e-16
0		0.471099		8.50282e-16
0		0.474282		7.48232e-16
0		0.477465		6.45899e-16
0		0.480648		5.55737e-16
0		0.483831		4.87714e-16
0		0.487014		4.48244e-16
0		0.490197		4.39559e-16
0		0.49338		4.59577e-16
0		0.496563		5.02278e-16
0		0.499747		5.58527e-16
0		0.50293		6.17246e-16
0		0.506113		6.66794e-16
0		0.509296		6.96382e-16
0		0.512479		6.97366e-16
0		0.515662		6.64271e-16
0		0.518845		5.9543e-16
0		0.522028		4.93182e-16
0		0.525211		3.63608e-16
0		0.528394		2.15855e-16
0		0.531578		6.1128e-17
0		0.534761		-8.851e-17
0		0.537944		-2.21411e-16
0		0.541127		-3.27524e-16
0		0.54431		-3.99361e-16
0		0.547493		-4.32657e-16
0		0.550676		-4.26654e-16
0		0.553859		-3.83996e-16
0		0.557042		-3.10274e-16
0		0.560225		-2.13283e-16
0		0.563408		-1.02105e-16
0		0.566592		1.38872e-17
0		0.569775		1.25966e-16
0		0.572958		2.26832e-16
0		0.576141		3.11168e-16
0		0.579324		3.75907e-16
0		0.582507		4.20219e-16
0		0.58569		4.45232e-16
0		0.588873		4.53556e-16
0		0.592056		4.48684e-16
0		0.595239		4.34362e-16
0		0.598423		4.14016e-16
0		0.601606		3.90305e-16
0		0.604789		3.64857e-16
0		0.607972		3.38215e-16
0		0.611155		3.09968e-16
0		0.614338		2.79054e-16
0		0.617521		2.44167e-16
0		0.620704		2.04191e-16
0		0.623887		1.58613e-16
0		0.62707		1.0782e-16
0		0.630254		5.32536e-17
0		0.633437		-2.61502e-18
0		0.63662		-5.64827e-17
0		0.639803		-1.04567e-16
0		0.642986		-1.4306e-16
0		0.646169		-1.68624e-16
0		0.649352		-1.7886e-16
0		0.652535		-1.72683e-16
0		0.655718		-1.50551e-16
0		0.658901		-1.14514e-16
0		0.662085		-6.80727e-17
0		0.665268		-1.58532e-17
0		0.668451		3.68512e-17
0		0.671634		8.46294e-17
0		0.674817		1.2252e-16
0		0.678		1.46532e-16
0		0.681183		1.54056e-16
0		0.684366		1.4412e-16
0		0.687549		1.17461e-16
0		0.690732		7.64118e-17
0		0.693916		2.46129e-17
0		0.697099		-3.33995e-17
0		0.700282		-9.26863e-17
0		0.703465		-1.48414e-16
0		0.706648		-1.9632e-16
0		0.709831		-2.33082e-16
0		0.713014		-2.56561e-16
0		0.716197		-2.65883e-16
0		0.71938		-2.61385e-16
0		0.722563		-2.44422e-16
0		0.725747		-2.1709e-16
0		0.72893		-1.81897e-16
0		0.732113		-1.41438e-16
0		0.735296		-9.81194e-17
0		0.738479		-5.3955e-17
0		0.741662		-1.04698e-17
0		0.744845		3.12984e-17
0		0.748028		7.07075e-17
0		0.751211		1.07358e-16
0		0.754394		1.40915e-16
0		0.757578		1.70944e-16
0		0.760761		1.96797e-16
0		0.763944		2.17572e-16
0		0.767127		2.32165e-16
0		0.77031		2.39405e-16
0		0.773493		2.38259e-16
0		0.776676		2.28067e-16
0		0.779859		2.08778e-16
0		0.783042		1.81134e-16
0		0.786225		1.46768e-16
0		0.789409		1.08185e-16
0		0.792592		6.86133e-17
0		0.795775		3.17411e-17
0		0.798958		1.34372e-18
0		0.802141		-1.91392e-17
0		0.805324		-2.7035e-17
0		0.808507		-2.08171e-17
0		0.81169		-3.7689e-19
0		0.814873		3.28534e-17
0		0.818056		7.5956e-17
0		0.82124		1.24764e-16
0		0.824423		1.74265e-16
0		0.827606		2.19122e-16
0		0.830789		2.54268e-16
0		0.833972		2.75486e-16
0		0.837155		2.79922e-16
0		0.840338		2.66444e-16
0		0.843521		2.35817e-16
0		0.846704		1.90649e-16
0		0.849887		1.35119e-16
0		0.85307		7.4504e-17
0		0.856254		1.45664e-17
0		0.859437		-3.91329e-17
0		0.86262		-8.19107e-17
0		0.865803		-1.1054e-16
0		0.868986		-1.23662e-16
0		0.872169		-1.21964e-16
0		0.875352		-1.08115e-16
0		0.878535		-8.64358e-17
0		0.881718		-6.23607e-17
0		0.884901		-4.17368e-17
0		0.888085		-3.00542e-17
0		0.891268		-3.1697e-17
0		0.894451		-4.93119e-17
0		0.897634		-8.33756e-17
0		0.900817		-1.32022e-16
0		0.904		-1.91161e-16
0		0.907183		-2.54872e-16
0		0.910366		-3.16055e-16
0		0.913549		-3.67236e-16
0		0.916732		-4.01467e-16
0		0.919916		-4.13181e-16
0		0.923099		-3.98927e-16
0		0.926282		-3.57871e-16
0		0.929465		-2.9201e-16
0		0.932648		-2.06067e-16
0		0.935831		-1.07055e-16
0		0.939014		-3.58438e-18
0		0.942197		9.50403e-17
0		0.94538		1.79815e-16
0		0.948563		2.4301e-16
0		0.951747		2.79021e-16
0		0.95493		2.84978e-16
0		0.958113		2.61063e-16
0		0.961296		2.10481e-16
0		0.964479		1.39099e-16
0		0.967662		5.4782e-17
0		0.970845		-3.34803e-17
0		0.974028		-1.16572e-16
0		0.977211		-1.86244e-16
0		0.980394		-2.35995e-16
0		0.983578		-2.61737e-16
0		0.986761		-2.62166e-16
0		0.989944		-2.38809e-16
0		0.993127		-1.95734e-16
0		0.99631		-1.38972e-16

0.166667		0		0.00765145
0.166667		0.0031831		0.0071366
0.166667		0.0063662		0.00565912
0.166667		0.0095493		0.00341161
0.166667		0.0127324		0.000687291
0.166667		0.0159155		-0.00215785
0.166667		0.0190986		-0.00475114
0.166667		0.0222817		-0.00675156
0.166667		0.0254648		-0.00789414
0.166667		0.0286479		-0.0080247
0.166667		0.031831		-0.0071204
0.166667		0.0350141		-0.00529347
0.166667		0.0381972		-0.00277739
0.166667		0.0413803		0.00010258
0.166667		0.0445634		0.00297102
0.166667		0.0477465		0.0054508
0.166667		0.0509296		0.00721204
0.166667		0.0541127		0.00801557
0.166667		0.0572958		0.0077449
0.166667		0.0604789		0.00642275
0.166667		0.063662		0.00420972
0.166667		0.0668451		0.00138512
0.166667		0.0700282		-0.00168785
0.166667		0.0732113		-0.00460819
0.166667		0.0763944		-0.00698872
0.166667		0.0795775		-0.00850669
0.166667		0.0827606		-0.00894685
0.166667		0.0859437		-0.00823128
0.166667		0.0891268		-0.00643201
0.166667		0.0923099		-0.00376444
0.166667		0.095493		-0.000562137
0.166667		0.0986761		0.00276412
0.166667		0.101859		0.00577814
0.166667		0.105042		0.00807447
0.166667		0.108225		0.00933182
0.166667		0.111408		0.00935687
0.166667		0.114592		0.00811268
0.166667		0.117775		0.00572751
0.166667		0.120958		0.00248282
0.166667		0.124141		-0.00121898
0.166667		0.127324		-0.00490313
0.166667		0.130507		-0.00808179
0.166667		0.13369		-0.0103169
0.166667		0.136873		-0.0112786
0.166667		0.140056		-0.0107915
0.166667		0.143239		-0.00886327
0.166667		0.146423		-0.00569005
0.166667		0.149606		-0.00163889
0.166667		0.152789		0.0027928
0.166667		0.155972		0.00703577
0.166667		0.159155		0.0105189
0.166667		0.162338		0.0127426
0.166667		0.165521		0.0133456
0.166667		0.168704		0.0121589
0.166667		0.171887		0.00923624
0.166667		0.17507		0.00485992
0.166667		0.178254		-0.00048259
0.166667		0.181437		-0.00614813
0.166667		0.18462		-0.0114093
0.166667		0.187803		-0.0155403
0.166667		0.190986		-0.0179072
0.166667		0.194169		-0.018053
0.166667		0.197352		-0.0157661
0.166667		0.200535		-0.0111249
0.166667		0.203718		-0.00451118
0.166667		0.206901		0.00341091
0.166667		0.210085		0.011748
0.166667		0.213268		0.0194598
0.166667		0.216451		0.0254621
0.166667		0.219634		0.0287399
0.166667		0.222817		0.0284593
0.166667		0.226		0.0240652
0.166667		0.229183		0.0153558
0.166667		0.232366		0.0025227
0.166667		0.235549		-0.0138465
0.166667		0.238732		-0.0328051
0.166667		0.241916		-0.053121
0.166667		0.245099		-0.0733807
0.166667		0.248282		-0.0921129
0.166667		0.251465		-0.10792
0.166667		0.254648		-0.119606
0.166667		0.257831		-0.126282
0.166667		0.261014		-0.127451
0.166667		0.264197		-0.12305
0.166667		0.26738		-0.113451
0.166667		0.270563		-0.0994268
0.166667		0.273747		-0.0820762
0.166667		0.27693		-0.0627198
0.166667		0.280113		-0.0427799
0.166667		0.283296		-0.0236523
0.166667		0.286479		-0.00658527
0.166667		0.289662		0.00742328
0.166667		0.292845		0.0177016
0.166667		0.296028		0.0239455
0.166667		0.299211		0.0262224
0.166667		0.302394		0.0249404
0.166667		0.305577		0.0207856
0.166667		0.308761		0.0146357
0.166667		0.311944		0.00746097
0.166667		0.315127		0.00022082
0.166667		0.31831		-0.00623023
0.166667		0.321493		-0.0112203
0.166667		0.324676		-0.0143135
0.166667		0.327859		-0.0153344
0.166667		0.331042		-0.0143637
0.166667		0.334225		-0.0117064
0.166667		0.337408		-0.00783789
0.166667		0.340592		-0.00333569
0.166667		0.343775		0.00119552
0.166667		0.346958		0.00519634
0.166667		0.350141		0.00821475
0.166667		0.353324		0.00995152
0.166667		0.356507		0.0102848
0.166667		0.35969		0.00927219
0.166667		0.362873		0.00713192
0.166667		0.366056		0.00420579
0.166667		0.369239		0.000910038
0.166667		0.372423		-0.00231981
0.166667		0.375606		-0.00508312
0.166667		0.378789		-0.007061
0.166667		0.381972		-0.00805058
0.166667		0.385155		-0.00798336
0.166667		0.388338		-0.00692619
0.166667		0.391521		-0.00506571
0.166667		0.394704		-0.002679
0.166667		0.397887		-9.45333e-05
0.166667		0.40107		0.00235108
0.166667		0.404254		0.00435537
0.166667		0.407437		0.00568595
0.166667		0.41062		0.00620613
0.166667		0.413803		0.00588754
0.166667		0.416986		0.00480868
0.166667		0.420169		0.00314034
0.166667		0.423352		0.00112014
0.166667		0.426535		-0.000980164
0.166667		0.429718		-0.00289021
0.166667		0.432901		-0.00437493
0.166667		0.436085		-0.00526268
0.166667		0.439268		-0.00546426
0.166667		0.442451		-0.00498091
0.166667		0.445634		-0.0039006
0.166667		0.448817		-0.00238364
0.166667		0.452		-0.000639726
0.166667		0.455183		0.0011004
0.166667		0.458366		0.00261486
0.166667		0.461549		0.0037184
0.166667		0.464732		0.00428451
0.166667		0.467916		0.00425941
0.166667		0.471099		0.00366639
0.166667		0.474282		0.00260019
0.166667		0.477465		0.00121268
0.166667		0.480648		-0.000308333
0.166667		0.483831		-0.0017641
0.166667		0.487014		-0.0029705
0.166667		0.490197		-0.00378097
0.166667		0.49338		-0.00410397
0.166667		0.496563		-0.00391292
0.166667		0.499747		-0.00324764
0.166667		0.50293		-0.00220729
0.166667		0.506113		-0.000935978
0.166667		0.509296		0.000396838
0.166667		0.512479		0.0016187
0.166667		0.515662		0.00257619
0.166667		0.518845		0.00315393
0.166667		0.522028		0.00328825
0.166667		0.525211		0.00297391
0.166667		0.528394		0.00226314
0.166667		0.531578		0.00125751
0.166667		0.534761		9.36147e-05
0.166667		0.537944		-0.00107522
0.166667		0.541127		-0.00209898
0.166667		0.54431		-0.00284999
0.166667		0.547493		-0.00323869
0.166667		0.550676		-0.0032241
0.166667		0.553859		-0.00281788
0.166667		0.557042		-0.00208155
0.166667		0.560225		-0.00111745
0.166667		0.563408		-5.46381e-05
0.166667		0.566592		0.000968159
0.166667		0.569775		0.00182057
0.166667		0.572958		0.00239704
0.166667		0.576141		0.00262975
0.166667		0.579324		0.00249646
0.166667		0.582507		0.00202236
0.166667		0.58569		0.00127574
0.166667		0.588873		0.000358378
0.166667		0.592056		-0.000608258
0.166667		0.595239		-0.00149896
0.166667		0.598423		-0.00220088
0.166667		0.601606		-0.00262775
0.166667		0.604789		-0.00273036
0.166667		0.607972		-0.00250209
0.166667		0.611155		-0.00197894
0.166667		0.614338		-0.00123399
0.166667		0.617521		-0.000367367
0.166667		0.620704		0.000507166
0.166667		0.623887		0.00127703
0.166667		0.62707		0.00184525
0.166667		0.630254		0.00214259
0.166667		0.633437		0.0021359
0.166667		0.63662		0.00183168
0.166667		0.639803		0.00127455
0.166667		0.642986		0.000540764
0.166667		0.646169		-0.000272071
0.166667		0.649352		-0.00105796
0.166667		0.652535		-0.00171625
0.166667		0.655718		-0.00216446
0.166667		0.658901		-0.00234853
0.166667		0.662085		-0.00224932
0.166667		0.665268		-0.00188444
0.166667		0.668451		-0.00130538
0.166667		0.671634		-0.000590359
0.166667		0.674817		0.000166163
0.166667		0.678		0.000865886
0.166667		0.681183		0.00141934
0.166667		0.684366		0.00175726
0.166667		0.687549		0.00183914
0.166667		0.690732		0.00165805
0.166667		0.693916		0.00124097
0.166667		0.697099		0.000644893
0.166667		0.700282		-5.09819e-05
0.166667		0.703465		-0.000755685
0.166667		0.706648		-0.00137834
0.166667		0.709831		-0.0018398
0.166667		0.713014		-0.00208269
0.166667		0.716197		-0.00207841
0.166667		0.71938		-0.0018305
0.166667		0.722563		-0.00137374
0.166667		0.725747		-0.000769311
0.166667		0.72893		-9.66607e-05
0.166667		0.732113		0.000556875
0.166667		0.735296		0.00110732
0.166667		0.738479		0.00148471
0.166667		0.741662		0.00164187
0.166667		0.744845		0.00156009
0.166667		0.748028		0.00125122
0.166667		0.751211		0.000755707
0.166667		0.754394		0.000137162
0.166667		0.757578		-0.000526038
0.166667		0.760761		-0.00115086
0.166667		0.763944		-0.00166018
0.166667		0.767127		-0.00199248
0.166667		0.77031		-0.00210938
0.166667		0.773493		-0.00200012
0.166667		0.776676		-0.00168254
0.166667		0.779859		-0.00120032
0.166667		0.783042		-0.000617041
0.166667		0.786225		-7.81117e-06
0.166667		0.789409		0.000550479
0.166667		0.792592		0.000988937
0.166667		0.795775		0.00125529
0.166667		0.798958		0.00132022
0.166667		0.802141		0.00118075
0.166667		0.805324		0.000860097
0.166667		0.808507		0.000404272
0.166667		0.81169		-0.000124209
0.166667		0.814873		-0.000654632
0.166667		0.818056		-0.0011173
0.166667		0.82124		-0.00145249
0.166667		0.824423		-0.00161797
0.166667		0.827606		-0.00159417
0.166667		0.830789		-0.00138636
0.166667		0.833972		-0.00102362
0.166667		0.837155		-0.000554749
0.166667		0.840338		-4.1664e-05
0.166667		0.843521		0.000448731
0.166667		0.846704		0.000853265
0.166667		0.849887		0.0011206
0.166667		0.85307		0.00121772
0.166667		0.856254		0.00113394
0.166667		0.859437		0.000882052
0.166667		0.86262		0.000496379
0.166667		0.865803		2.81077e-05
0.166667		0.868986		-0.000461499
0.166667		0.872169		-0.000909104
0.166667		0.875352		-0.00125748
0.166667		0.878535		-0.0014628
0.166667		0.881718		-0.00150013
0.166667		0.884901		-0.00136645
0.166667		0.888085		-0.00108076
0.166667		0.891268		-0.000681434
0.166667		0.894451		-0.000221072
0.166667		0.897634		0.000240444
0.166667		0.900817		0.000643706
0.166667		0.904		0.000937421
0.166667		0.907183		0.00108492
0.166667		0.910366		0.00106872
0.166667		0.913549		0.000892572
0.166667		0.916732		0.000580753
0.166667		0.919916		0.000174741
0.166667		0.923099		-0.000272296
0.166667		0.926282		-0.000702454
0.166667		0.929465		-0.00106058
0.166667		0.932648		-0.00130133
0.166667		0.935831		-0.0013949
0.166667		0.939014		-0.00133072
0.166667		0.942197		-0.00111857
0.166667		0.94538		-0.000787172
0.166667		0.948563		-0.000380302
0.166667		0.951747		4.89992e-05
0.166667		0.95493		0.000445315
0.166667		0.958113		0.000757997
0.166667		0.961296		0.000947631
0.166667		0.964479		0.000990985
0.166667		0.967662		0.000883843
0.166667		0.970845		0.000641361
0.166667		0.974028		0.000295941
0.166667		0.977211		-0.000107101
0.166667		0.980394		-0.000515473
0.166667		0.983578		-0.000876696
0.166667		0.986761		-0.00114484
0.166667		0.989944		-0.00128638
0.166667		0.993127		-0.00128438
0.166667		0.99631		-0.00114051

0.333333		0		-0.0060808
0.333333		0.0031831		-0.00570654
0.333333		0.0063662		-0.00463137
0.333333		0.0095493		-0.00299205
0.333333		0.0127324		-0.000997177
0.333333		0.0159155		0.0010993
0.333333		0.0190986		0.00303032
0.333333		0.0222817		0.00454961
0.333333		0.0254648		0.005463
0.333333		0.0286479		0.0056532
0.333333		0.031831		0.00509476
0.333333		0.0350141		0.0038575
0.333333		0.0381972		0.00209779
0.333333		0.0413803		3.88534e-05
0.333333		0.0445634		-0.00205747
0.333333		0.0477465		-0.00392392
0.333333		0.0509296		-0.00532179
0.333333		0.0541127		-0.00607134
0.333333		0.0572958		-0.00607486
0.333333		0.0604789		-0.00532935
0.333333		0.063662		-0.00392721
0.333333		0.0668451		-0.00204484
0.333333		0.0700282		7.94581e-05
0.333333		0.0732113		0.0021756
0.333333		0.0763944		0.00397592
0.333333		0.0795775		0.0052492
0.333333		0.0827606		0.00583034
0.333333		0.0859437		0.00564164
0.333333		0.0891268		0.0047031
0.333333		0.0923099		0.00313046
0.333333		0.095493		0.00112093
0.333333		0.0986761		-0.00107143
0.333333		0.101859		-0.00316769
0.333333		0.105042		-0.00489947
0.333333		0.108225		-0.00604311
0.333333		0.111408		-0.00644847
0.333333		0.114592		-0.00605855
0.333333		0.117775		-0.00491739
0.333333		0.120958		-0.00316519
0.333333		0.124141		-0.00102118
0.333333		0.127324		0.00124369
0.333333		0.130507		0.00334086
0.333333		0.13369		0.00500078
0.333333		0.136873		0.00600737
0.333333		0.140056		0.00622603
0.333333		0.143239		0.00562152
0.333333		0.146423		0.00426335
0.333333		0.149606		0.00231791
0.333333		0.152789		2.81975e-05
0.333333		0.155972		-0.00231635
0.333333		0.159155		-0.00441631
0.333333		0.162338		-0.00600027
0.333333		0.165521		-0.00685977
0.333333		0.168704		-0.00687652
0.333333		0.171887		-0.0060385
0.333333		0.17507		-0.00444276
0.333333		0.178254		-0.00228428
0.333333		0.181437		0.000167623
0.333333		0.18462		0.00260272
0.333333		0.187803		0.00470891
0.333333		0.190986		0.00621194
0.333333		0.194169		0.00691087
0.333333		0.197352		0.00670473
0.333333		0.200535		0.00560677
0.333333		0.203718		0.00374439
0.333333		0.206901		0.00134465
0.333333		0.210085		-0.00129325
0.333333		0.213268		-0.00383494
0.333333		0.216451		-0.00595296
0.333333		0.219634		-0.00736861
0.333333		0.222817		-0.00788831
0.333333		0.226		-0.00742968
0.333333		0.229183		-0.00603398
0.333333		0.232366		-0.00386303
0.333333		0.235549		-0.00118081
0.333333		0.238732		0.00167833
0.333333		0.241916		0.00435093
0.333333		0.245099		0.00649017
0.333333		0.248282		0.00781038
0.333333		0.251465		0.00812474
0.333333		0.254648		0.00737108
0.333333		0.257831		0.00562252
0.333333		0.261014		0.00308104
0.333333		0.264197		5.46943e-05
0.333333		0.26738		-0.00307923
0.333333		0.270563		-0.00592063
0.333333		0.273747		-0.008097
0.333333		0.27693		-0.00931153
0.333333		0.280113		-0.00938279
0.333333		0.283296		-0.0082708
0.333333		0.286479		-0.00608586
0.333333		0.289662		-0.00307859
0.333333		0.292845		0.000388074
0.333333		0.296028		0.00388181
0.333333		0.299211		0.00695385
0.333333		0.302394		0.00919557
0.333333		0.305577		0.0102916
0.333333		0.308761		0.0100627
0.333333		0.311944		0.00849321
0.333333		0.315127		0.00573824
0.333333		0.31831		0.00210986
0.333333		0.321493		-0.00195692
0.333333		0.324676		-0.00595486
0.333333		0.327859		-0.00936607
0.333333		0.331042		-0.0117271
0.333333		0.334225		-0.0126896
0.333333		0.337408		-0.0120694
0.333333		0.340592		-0.0098758
0.333333		0.343775		-0.00631952
0.333333		0.346958		-0.00179448
0.333333		0.350141		0.0031632
0.333333		0.353324		0.00793593
0.333333		0.356507		0.0118982
0.333333		0.35969		0.0144945
0.333333		0.362873		0.0153124
0.333333		0.366056		0.0141416
0.333333		0.369239		0.0110116
0.333333		0.372423		0.00620134
0.333333		0.375606		0.000219657
0.333333		0.378789		-0.00624309
0.333333		0.381972		-0.0123885
0.333333		0.385155		-0.0174003
0.333333		0.388338		-0.0205427
0.333333		0.391521		-0.0212549
0.333333		0.394704		-0.0192313
0.333333		0.397887		-0.0144781
0.333333		0.40107		-0.00733696
0.333333		0.404254		0.00152621
0.333333		0.407437		0.0111696
0.333333		0.41062		0.0204566
0.333333		0.413803		0.0281627
0.333333		0.416986		0.0330982
0.333333		0.420169		0.0342327
0.333333		0.423352		0.0308116
0.333333		0.426535		0.0224484
0.333333		0.429718		0.00918579
0.333333		0.432901		-0.0084846
0.333333		0.436085		-0.0296445
0.333333		0.439268		-0.0530143
0.333333		0.442451		-0.0770545
0.333333		0.445634		-0.100095
0.333333		0.448817		-0.120479
0.333333		0.452		-0.13671
0.333333		0.455183		-0.147583
0.333333		0.458366		-0.152291
0.333333		0.461549		-0.150501
0.333333		0.464732		-0.142377
0.333333		0.467916		-0.128563
0.333333		0.471099		-0.110125
0.333333		0.474282		-0.088451
0.333333		0.477465		-0.0651259
0.333333		0.480648		-0.04179
0.333333		0.483831		-0.0199981
0.333333		0.487014		-0.00108912
0.333333		0.490197		0.0139187
0.333333		0.49338		0.0243997
0.333333		0.496563		0.0301527
0.333333		0.499747		0.0313923
0.333333		0.50293		0.0287011
0.333333		0.506113		0.0229503
0.333333		0.509296		0.0151964
0.333333		0.512479		0.0065671
0.333333		0.515662		-0.00185315
0.333333		0.518845		-0.00912543
0.333333		0.522028		-0.0145374
0.333333		0.525211		-0.0176556
0.333333		0.528394		-0.0183458
0.333333		0.531578		-0.0167606
0.333333		0.534761		-0.0132973
0.333333		0.537944		-0.00853417
0.333333		0.541127		-0.00315023
0.333333		0.54431		0.00215902
0.333333		0.547493		0.00676206
0.333333		0.550676		0.010159
0.333333		0.553859		0.0120295
0.333333		0.557042		0.0122575
0.333333		0.560225		0.0109306
0.333333		0.563408		0.00831587
0.333333		0.566592		0.00481704
0.333333		0.569775		0.000917921
0.333333		0.572958		-0.00287993
0.333333		0.576141		-0.00611795
0.333333		0.579324		-0.00843276
0.333333		0.582507		-0.00959412
0.333333		0.58569		-0.00952503
0.333333		0.588873		-0.00830247
0.333333		0.592056		-0.00613975
0.333333		0.595239		-0.00335355
0.333333		0.598423		-0.000320146
0.333333		0.601606		0.00257325
0.333333		0.604789		0.00497604
0.333333		0.607972		0.00661513
0.333333		0.611155		0.00732443
0.333333		0.614338		0.00706007
0.333333		0.617521		0.00590007
0.333333		0.620704		0.00402922
0.333333		0.623887		0.00171162
0.333333		0.62707		-0.000745157
0.333333		0.630254		-0.00302978
0.333333		0.633437		-0.00486551
0.333333		0.63662		-0.00604283
0.333333		0.639803		-0.00644244
0.333333		0.642986		-0.00604624
0.333333		0.646169		-0.00493551
0.333333		0.649352		-0.00327695
0.333333		0.652535		-0.00129872
0.333333		0.655718		0.00074014
0.333333		0.658901		0.00258288
0.333333		0.662085		0.00400679
0.333333		0.665268		0.00484948
0.333333		0.668451		0.00502683
0.333333		0.671634		0.00454058
0.333333		0.674817		0.00347507
0.333333		0.678		0.00198383
0.333333		0.681183		0.000268155
0.333333		0.684366		-0.00144961
0.333333		0.687549		-0.0029544
0.333333		0.690732		-0.00406492
0.333333		0.693916		-0.00465515
0.333333		0.697099		-0.00466814
0.333333		0.700282		-0.00412095
0.333333		0.703465		-0.00310006
0.333333		0.706648		-0.00174843
0.333333		0.709831		-0.000245909
0.333333		0.713014		0.00121441
0.333333		0.716197		0.00245064
0.333333		0.71938		0.00331452
0.333333		0.722563		0.00370887
0.333333		0.725747		0.00359822
0.333333		0.72893		0.00301143
0.333333		0.732113		0.00203614
0.333333		0.735296		0.000806138
0.333333		0.738479		-0.000516733
0.333333		0.741662		-0.00176365
0.333333		0.744845		-0.00278011
0.333333		0.748028		-0.00344492
0.333333		0.751211		-0.0036844
0.333333		0.754394		-0.0034803
0.333333		0.757578		-0.00287059
0.333333		0.760761		-0.00194309
0.333333		0.763944		-0.000823144
0.333333		0.767127		0.000343177
0.333333		0.77031		0.00140794
0.333333		0.773493		0.00223998
0.333333		0.776676		0.00274096
0.333333		0.779859		0.00285682
0.333333		0.783042		0.0025834
0.333333		0.786225		0.00196567
0.333333		0.789409		0.00109068
0.333333		0.792592		7.55569e-05
0.333333		0.795775		-0.000948152
0.333333		0.798958		-0.00185146
0.333333		0.802141		-0.00252425
0.333333		0.805324		-0.00288873
0.333333		0.808507		-0.00290855
0.333333		0.81169		-0.00259241
0.333333		0.814873		-0.00199189
0.333333		0.818056		-0.00119392
0.333333		0.82124		-0.000308825
0.333333		0.824423		0.000544209
0.333333		0.827606		0.00125259
0.333333		0.830789		0.00172461
0.333333		0.833972		0.00190075
0.333333		0.837155		0.00176075
0.333333		0.840338		0.00132553
0.333333		0.843521		0.000653837
0.333333		0.846704		-0.000165818
0.333333		0.849887		-0.00102689
0.333333		0.85307		-0.00181859
0.333333		0.856254		-0.00244001
0.333333		0.859437		-0.00281275
0.333333		0.86262		-0.00289051
0.333333		0.865803		-0.0026645
0.333333		0.868986		-0.00216401
0.333333		0.872169		-0.00145222
0.333333		0.875352		-0.00061779
0.333333		0.878535		0.000236624
0.333333		0.881718		0.00100737
0.333333		0.884901		0.00160278
0.333333		0.888085		0.00195436
0.333333		0.891268		0.002025
0.333333		0.894451		0.00181298
0.333333		0.897634		0.00135163
0.333333		0.900817		0.000704475
0.333333		0.904		-4.31919e-05
0.333333		0.907183		-0.00079538
0.333333		0.910366		-0.00145758
0.333333		0.913549		-0.00194854
0.333333		0.916732		-0.00221015
0.333333		0.919916		-0.00221431
0.333333		0.923099		-0.00196578
0.333333		0.926282		-0.00150102
0.333333		0.929465		-0.000882963
0.333333		0.932648		-0.00019259
0.333333		0.935831		0.000481577
0.333333		0.939014		0.00105476
0.333333		0.942197		0.00145651
0.333333		0.94538		0.00163933
0.333333		0.948563		0.00158422
0.333333		0.951747		0.00130252
0.333333		0.95493		0.000833988
0.333333		0.958113		0.000241193
0.333333		0.961296		-0.000398731
0.333333		0.964479		-0.0010041
0.333333		0.967662		-0.00149907
0.333333		0.970845		-0.0018231
0.333333		0.974028		-0.00193836
0.333333		0.977211		-0.00183406
0.333333		0.980394		-0.00152742
0.333333		0.983578		-0.00106095
0.333333		0.986761		-0.0004967
0.333333		0.989944		9.19454e-05
0.333333		0.993127		0.000629722
0.333333		0.99631		0.00104904

0.5		0		0.00396418
0.5		0.0031831		0.0037013
0.5		0.0063662		0.00294502
0.5		0.0095493		0.00178851
0.5		0.0127324		0.000374304
0.5		0.0159155		-0.00112324
0.5		0.0190986		-0.00251934
0.5		0.0222817		-0.00364151
0.5		0.0254648		-0.0043508
0.5		0.0286479		-0.00455896
0.5		0.031831		-0.00423937
0.5		0.0350141		-0.00343042
0.5		0.0381972		-0.00223095
0.5		0.0413803		-0.000788193
0.5		0.0445634		0.000720208
0.5		0.0477465		0.00210802
0.5		0.0509296		0.00320333
0.5		0.0541127		0.00386974
0.5		0.0572958		0.00402333
0.5		0.0604789		0.00364319
0.5		0.063662		0.00277419
0.5		0.0668451		0.0015218
0.5		0.0700282		3.9253e-05
0.5		0.0732113		-0.00149105
0.5		0.0763944		-0.00287995
0.5		0.0795775		-0.00395481
0.5		0.0827606		-0.0045809
0.5		0.0859437		-0.00467822
0.5		0.0891268		-0.00423169
0.5		0.0923099		-0.0032934
0.5		0.095493		-0.00197655
0.5		0.0986761		-0.000441907
0.5		0.101859		0.00112177
0.5		0.105042		0.00252085
0.5		0.108225		0.00358071
0.5		0.111408		0.00416745
0.5		0.114592		0.00420475
0.5		0.117775		0.00368374
0.5		0.120958		0.00266462
0.5		0.124141		0.0012698
0.5		0.127324		-0.000330744
0.5		0.130507		-0.00194009
0.5		0.13369		-0.00335847
0.5		0.136873		-0.004408
0.5		0.140056		-0.00495487
0.5		0.143239		-0.00492633
0.5		0.146423		-0.00432032
0.5		0.149606		-0.00320638
0.5		0.152789		-0.00171781
0.5		0.155972		-3.5808e-05
0.5		0.159155		0.0016325
0.5		0.162338		0.00307942
0.5		0.165521		0.00412243
0.5		0.168704		0.00462712
0.5		0.171887		0.0045244
0.5		0.17507		0.00381985
0.5		0.178254		0.00259392
0.5		0.181437		0.000992882
0.5		0.18462		-0.000788494
0.5		0.187803		-0.00253052
0.5		0.190986		-0.00401551
0.5		0.194169		-0.0050549
0.5		0.197352		-0.00551297
0.5		0.200535		-0.00532455
0.5		0.203718		-0.00450401
0.5		0.206901		-0.00314468
0.5		0.210085		-0.00140837
0.5		0.213268		0.000493734
0.5		0.216451		0.00232659
0.5		0.219634		0.00386015
0.5		0.222817		0.00489811
0.5		0.226		0.00530282
0.5		0.229183		0.00501341
0.5		0.232366		0.0040546
0.5		0.235549		0.00253505
0.5		0.238732		0.00063531
0.5		0.241916		-0.00141352
0.5		0.245099		-0.00335762
0.5		0.248282		-0.00495172
0.5		0.251465		-0.00598981
0.5		0.254648		-0.00633155
0.5		0.257831		-0.00592098
0.5		0.261014		-0.00479516
0.5		0.264197		-0.00308127
0.5		0.26738		-0.00098258
0.5		0.270563		0.00124544
0.5		0.273747		0.00332592
0.5		0.27693		0.00499473
0.5		0.280113		0.00603371
0.5		0.283296		0.0062989
0.5		0.286479		0.00574012
0.5		0.289662		0.00440929
0.5		0.292845		0.00245624
0.5		0.296028		0.000112181
0.5		0.299211		-0.0023373
0.5		0.302394		-0.00458668
0.5		0.305577		-0.0063482
0.5		0.308761		-0.00738831
0.5		0.311944		-0.00755815
0.5		0.315127		-0.00681435
0.5		0.31831		-0.00522707
0.5		0.321493		-0.00297418
0.5		0.324676		-0.000321829
0.5		0.327859		0.00240654
0.5		0.331042		0.0048691
0.5		0.334225		0.00674788
0.5		0.337408		0.00778931
0.5		0.340592		0.00783772
0.5		0.343775		0.00685771
0.5		0.346958		0.00494211
0.5		0.350141		0.0023042
0.5		0.353324		-0.00074534
0.5		0.356507		-0.00383427
0.5		0.35969		-0.00657351
0.5		0.362873		-0.00860526
0.5		0.366056		-0.00964891
0.5		0.369239		-0.00953865
0.5		0.372423		-0.00824822
0.5		0.375606		-0.00589899
0.5		0.378789		-0.00274996
0.5		0.381972		0.000829697
0.5		0.385155		0.00440281
0.5		0.388338		0.0075164
0.5		0.391521		0.00975774
0.5		0.394704		0.0108076
0.5		0.397887		0.0104837
0.5		0.40107		0.00876957
0.5		0.404254		0.00582279
0.5		0.407437		0.00196317
0.5		0.41062		-0.00236039
0.5		0.413803		-0.00662019
0.5		0.416986		-0.010272
0.5		0.420169		-0.0128224
0.5		0.423352		-0.0138924
0.5		0.426535		-0.0132703
0.5		0.429718		-0.0109466
0.5		0.432901		-0.00712512
0.5		0.436085		-0.00220924
0.5		0.439268		0.0032378
0.5		0.442451		0.00855376
0.5		0.445634		0.0130538
0.5		0.448817		0.0161138
0.5		0.452		0.0172511
0.5		0.455183		0.0161927
0.5		0.458366		0.0129218
0.5		0.461549		0.00769715
0.5		0.464732		0.00103956
0.5		0.467916		-0.00631303
0.5		0.471099		-0.0134795
0.5		0.474282		-0.0195317
0.5		0.477465		-0.0236018
0.5		0.480648		-0.0249914
0.5		0.483831		-0.0232683
0.5		0.487014		-0.0183399
0.5		0.490197		-0.0104943
0.5		0.49338		-0.000401731
0.5		0.496563		0.0109252
0.5		0.499747		0.0222109
0.5		0.50293		0.03203
0.5		0.506113		0.0389426
0.5		0.509296		0.0416409
0.5		0.512479		0.0390897
0.5		0.515662		0.0306493
0.5		0.518845		0.0161641
0.5		0.522028		-0.00399053
0.5		0.525211		-0.0289107
0.5		0.528394		-0.057218
0.5		0.531578		-0.0871592
0.5		0.534761		-0.116746
0.5		0.537944		-0.14392
0.5		0.541127		-0.166728
0.5		0.54431		-0.183495
0.5		0.547493		-0.192967
0.5		0.550676		-0.194429
0.5		0.553859		-0.187764
0.5		0.557042		-0.173468
0.5		0.560225		-0.152603
0.5		0.563408		-0.126703
0.5		0.566592		-0.0976416
0.5		0.569775		-0.0674634
0.5		0.572958		-0.0382119
0.5		0.576141		-0.0117556
0.5		0.579324		0.010363
0.5		0.582507		0.0270445
0.5		0.58569		0.0377061
0.5		0.588873		0.0423039
0.5		0.592056		0.0413054
0.5		0.595239		0.0356158
0.5		0.598423		0.0264667
0.5		0.601606		0.0152802
0.5		0.604789		0.00352176
0.5		0.607972		-0.00744164
0.5		0.611155		-0.0164663
0.5		0.614338		-0.0227263
0.5		0.617521		-0.0257703
0.5		0.620704		-0.0255372
0.5		0.623887		-0.022331
0.5		0.62707		-0.0167592
0.5		0.630254		-0.0096446
0.5		0.633437		-0.00191976
0.5		0.63662		0.00548287
0.5		0.639803		0.0117333
0.5		0.642986		0.0161882
0.5		0.646169		0.0184497
0.5		0.649352		0.018392
0.5		0.652535		0.0161575
0.5		0.655718		0.0121218
0.5		0.658901		0.006836
0.5		0.662085		0.000951709
0.5		0.665268		-0.00485953
0.5		0.668451		-0.00998463
0.5		0.671634		-0.0139352
0.5		0.674817		-0.0163954
0.5		0.678		-0.0172463
0.5		0.681183		-0.0165657
0.5		0.684366		-0.0146045
0.5		0.687549		-0.0117446
0.5		0.690732		-0.00844243
0.5		0.693916		-0.005168
0.5		0.697099		-0.00234544
0.5		0.700282		-0.000302727
0.5		0.703465		0.000763665
0.5		0.706648		0.000805824
0.5		0.709831		-7.82372e-05
0.5		0.713014		-0.0016656
0.5		0.716197		-0.0036444
0.5		0.71938		-0.00565961
0.5		0.722563		-0.00736251
0.5		0.725747		-0.00845738
0.5		0.72893		-0.00873972
0.5		0.732113		-0.00812141
0.5		0.735296		-0.00664002
0.5		0.738479		-0.00445152
0.5		0.741662		-0.00180802
0.5		0.744845		0.000976624
0.5		0.748028		0.00356825
0.5		0.751211		0.00565578
0.5		0.754394		0.00699089
0.5		0.757578		0.00741901
0.5		0.760761		0.00689801
0.5		0.763944		0.0055024
0.5		0.767127		0.00341281
0.5		0.77031		0.00089232
0.5		0.773493		-0.00174708
0.5		0.776676		-0.00418368
0.5		0.779859		-0.00612583
0.5		0.783042		-0.00734729
0.5		0.786225		-0.007714
0.5		0.789409		-0.00719893
0.5		0.792592		-0.00588351
0.5		0.795775		-0.00394562
0.5		0.798958		-0.00163592
0.5		0.802141		0.000754384
0.5		0.805324		0.00293022
0.5		0.808507		0.00462904
0.5		0.81169		0.00565262
0.5		0.814873		0.00589023
0.5		0.818056		0.00533062
0.5		0.82124		0.00406144
0.5		0.824423		0.0022565
0.5		0.827606		0.000152515
0.5		0.830789		-0.0019814
0.5		0.833972		-0.00387775
0.5		0.837155		-0.0053038
0.5		0.840338		-0.0060898
0.5		0.843521		-0.00614889
0.5		0.846704		-0.00548637
0.5		0.849887		-0.00419727
0.5		0.85307		-0.00245293
0.5		0.856254		-0.000478293
0.5		0.859437		0.00147709
0.5		0.86262		0.00317055
0.5		0.865803		0.0043964
0.5		0.868986		0.00501089
0.5		0.872169		0.00494903
0.5		0.875352		0.00423134
0.5		0.878535		0.00295977
0.5		0.881718		0.00130357
0.5		0.884901		-0.000522941
0.5		0.888085		-0.00228795
0.5		0.891268		-0.00377136
0.5		0.894451		-0.00479209
0.5		0.897634		-0.00523003
0.5		0.900817		-0.0050401
0.5		0.904		-0.00425657
0.5		0.907183		-0.00298756
0.5		0.910366		-0.00140026
0.5		0.913549		0.000300957
0.5		0.916732		0.00190066
0.5		0.919916		0.00319957
0.5		0.923099		0.00403925
0.5		0.926282		0.00432136
0.5		0.929465		0.00401904
0.5		0.932648		0.00317919
0.5		0.935831		0.00191551
0.5		0.939014		0.000393201
0.5		0.942197		-0.00119248
0.5		0.94538		-0.00264118
0.5		0.948563		-0.00377269
0.5		0.951747		-0.00444925
0.5		0.95493		-0.00459227
0.5		0.958113		-0.00419133
0.5		0.961296		-0.00330455
0.5		0.964479		-0.00205036
0.5		0.967662		-0.000591737
0.5		0.970845		0.000884846
0.5		0.974028		0.0021932
0.5		0.977211		0.0031708
0.5		0.980394		0.00369893
0.5		0.983578		0.00371703
0.5		0.986761		0.00322952
0.5		0.989944		0.00230445
0.5		0.993127		0.00106407
0.5		0.99631		-0.000331216

0.666667		0		-0.00867504
0.666667		0.0031831		-0.00813383
0.666667		0.0063662		-0.0065814
0.666667		0.0095493		-0.00422194
0.666667		0.0127324		-0.0013659
0.666667		0.0159155		0.00161076
0.666667		0.0190986		0.00431585
0.666667		0.0222817		0.00639253
0.666667		0.0254648		0.00756618
0.666667		0.0286479		0.0076806
0.666667		0.031831		0.00671875
0.666667		0.0350141		0.00480522
0.666667		0.0381972		0.00219016
0.666667		0.0413803		-0.000783343
0.666667		0.0445634		-0.00372412
0.666667		0.0477465		-0.00624421
0.666667		0.0509296		-0.00800987
0.666667		0.0541127		-0.00878565
0.666667		0.0572958		-0.00846564
0.666667		0.0604789		-0.00708789
0.666667		0.063662		-0.0048299
0.666667		0.0668451		-0.00198589
0.666667		0.0700282		0.00107147
0.666667		0.0732113		0.00393967
0.666667		0.0763944		0.00623921
0.666667		0.0795775		0.00766362
0.666667		0.0827606		0.00802014
0.666667		0.0859437		0.00725568
0.666667		0.0891268		0.00546459
0.666667		0.0923099		0.00287706
0.666667		0.095493		-0.000170317
0.666667		0.0986761		-0.00327819
0.666667		0.101859		-0.0060366
0.666667		0.105042		-0.00807885
0.666667		0.108225		-0.00913004
0.666667		0.111408		-0.00904392
0.666667		0.114592		-0.00782306
0.666667		0.117775		-0.00561963
0.666667		0.120958		-0.00271657
0.666667		0.124141		0.00050861
0.666667		0.127324		0.00363275
0.666667		0.130507		0.00624232
0.666667		0.13369		0.00798792
0.666667		0.136873		0.00863085
0.666667		0.140056		0.00807556
0.666667		0.143239		0.00638354
0.666667		0.146423		0.00376679
0.666667		0.149606		0.000561389
0.666667		0.152789		-0.00281547
0.666667		0.155972		-0.00591953
0.666667		0.159155		-0.00833765
0.666667		0.162338		-0.00974252
0.666667		0.165521		-0.0099367
0.666667		0.168704		-0.0088801
0.666667		0.171887		-0.00669706
0.666667		0.17507		-0.00366199
0.666667		0.178254		-0.000165082
0.666667		0.181437		0.0033376
0.666667		0.18462		0.00638328
0.666667		0.187803		0.0085633
0.666667		0.190986		0.00957759
0.666667		0.194169		0.00927563
0.666667		0.197352		0.00767836
0.666667		0.200535		0.00497779
0.666667		0.203718		0.00151426
0.666667		0.206901		-0.00226616
0.666667		0.210085		-0.00586883
0.666667		0.213268		-0.00881477
0.666667		0.216451		-0.010704
0.666667		0.219634		-0.0112693
0.666667		0.222817		-0.0104137
0.666667		0.226		-0.00822591
0.666667		0.229183		-0.00497166
0.666667		0.232366		-0.0010621
0.666667		0.235549		0.00299795
0.666667		0.238732		0.00667467
0.666667		0.241916		0.00947485
0.666667		0.245099		0.0110115
0.666667		0.248282		0.0110569
0.666667		0.251465		0.00957512
0.666667		0.254648		0.00673116
0.666667		0.257831		0.00287271
0.666667		0.261014		-0.00151157
0.666667		0.264197		-0.00585341
0.666667		0.26738		-0.00957795
0.666667		0.270563		-0.0121791
0.666667		0.273747		-0.0132874
0.666667		0.27693		-0.012722
0.666667		0.280113		-0.0105181
0.666667		0.283296		-0.00692782
0.666667		0.286479		-0.00239197
0.666667		0.289662		0.0025133
0.666667		0.292845		0.00714875
0.666667		0.296028		0.0108944
0.666667		0.299211		0.0132316
0.666667		0.302394		0.0138131
0.666667		0.305577		0.0125138
0.666667		0.308761		0.00945301
0.666667		0.311944		0.00498498
0.666667		0.315127		-0.00034035
0.666667		0.31831		-0.00584419
0.666667		0.321493		-0.010804
0.666667		0.324676		-0.014547
0.666667		0.327859		-0.0165396
0.666667		0.331042		-0.0164616
0.666667		0.334225		-0.0142553
0.666667		0.337408		-0.0101406
0.666667		0.340592		-0.0045962
0.666667		0.343775		0.00169462
0.666667		0.346958		0.00792647
0.666667		0.350141		0.0132727
0.666667		0.353324		0.0169926
0.666667		0.356507		0.0185313
0.666667		0.35969		0.0175993
0.666667		0.362873		0.0142201
0.666667		0.366056		0.00873985
0.666667		0.369239		0.00179473
0.666667		0.372423		-0.00575962
0.666667		0.375606		-0.0129504
0.666667		0.378789		-0.018809
0.666667		0.381972		-0.0224972
0.666667		0.385155		-0.0234217
0.666667		0.388338		-0.0213228
0.666667		0.391521		-0.0163235
0.666667		0.394704		-0.00893317
0.666667		0.397887		-4.81681e-07
0.666667		0.40107		0.00937806
0.666667		0.404254		0.0179864
0.666667		0.407437		0.0246387
0.666667		0.41062		0.0283336
0.666667		0.413803		0.0283929
0.666667		0.416986		0.0245684
0.666667		0.420169		0.0170999
0.666667		0.423352		0.0067159
0.666667		0.426535		-0.00542556
0.666667		0.429718		-0.0178542
0.666667		0.432901		-0.0289499
0.666667		0.436085		-0.0371341
0.666667		0.439268		-0.0410697
0.666667		0.442451		-0.039845
0.666667		0.445634		-0.0331205
0.666667		0.448817		-0.0212188
0.666667		0.452		-0.00514492
0.666667		0.455183		0.0134705
0.666667		0.458366		0.0325012
0.666667		0.461549		0.049519
0.666667		0.464732		0.0620324
0.666667		0.467916		0.0677469
0.666667		0.471099		0.0648196
0.666667		0.474282		0.0520805
0.666667		0.477465		0.029196
0.666667		0.480648		-0.00324443
0.666667		0.483831		-0.0437313
0.666667		0.487014		-0.0899289
0.666667		0.490197		-0.138854
0.666667		0.49338		-0.187125
0.666667		0.496563		-0.231253
0.666667		0.499747		-0.267952
0.666667		0.50293		-0.29444
0.666667		0.506113		-0.308687
0.666667		0.509296		-0.309603
0.666667		0.512479		-0.297141
0.666667		0.515662		-0.272291
0.666667		0.518845		-0.236994
0.666667		0.522028		-0.193956
0.666667		0.525211		-0.1464
0.666667		0.528394		-0.0977729
0.666667		0.531578		-0.051441
0.666667		0.534761		-0.0103969
0.666667		0.537944		0.0229858
0.666667		0.541127		0.047132
0.666667		0.54431		0.0613628
0.666667		0.547493		0.065903
0.666667		0.550676		0.061802
0.666667		0.553859		0.0507798
0.666667		0.557042		0.0350159
0.666667		0.560225		0.0169049
0.666667		0.563408		-0.00119364
0.666667		0.566592		-0.0171868
0.666667		0.569775		-0.0294374
0.666667		0.572958		-0.0368932
0.666667		0.576141		-0.0391469
0.666667		0.579324		-0.0364238
0.666667		0.582507		-0.0295024
0.666667		0.58569		-0.0195814
0.666667		0.588873		-0.00810975
0.666667		0.592056		0.00339826
0.666667		0.595239		0.0135429
0.666667		0.598423		0.021193
0.666667		0.601606		0.0255989
0.666667		0.604789		0.0264536
0.666667		0.607972		0.0238989
0.666667		0.611155		0.0184787
0.666667		0.614338		0.0110476
0.666667		0.617521		0.00264929
0.666667		0.620704		-0.00562113
0.666667		0.623887		-0.0127517
0.666667		0.62707		-0.0179309
0.666667		0.630254		-0.0206343
0.666667		0.633437		-0.0206712
0.666667		0.63662		-0.0181889
0.666667		0.639803		-0.0136359
0.666667		0.642986		-0.00768974
0.666667		0.646169		-0.00116241
0.666667		0.649352		0.00510699
0.666667		0.652535		0.0103564
0.666667		0.655718		0.0139904
0.666667		0.658901		0.0156443
0.666667		0.662085		0.015217
0.666667		0.665268		0.0128696
0.666667		0.668451		0.00899159
0.666667		0.671634		0.00414049
0.666667		0.674817		-0.00103569
0.666667		0.678		-0.00588368
0.666667		0.681183		-0.00982617
0.666667		0.684366		-0.0124293
0.666667		0.687549		-0.0134488
0.666667		0.690732		-0.0128496
0.666667		0.693916		-0.0107985
0.666667		0.697099		-0.00763156
0.666667		0.700282		-0.00380189
0.666667		0.703465		0.00018454
0.666667		0.706648		0.00383601
0.666667		0.709831		0.00673649
0.666667		0.713014		0.00859351
0.666667		0.716197		0.009267
0.666667		0.71938		0.00877609
0.666667		0.722563		0.00728408
0.666667		0.725747		0.00506475
0.666667		0.72893		0.00245528
0.666667		0.732113		-0.000197067
0.666667		0.735296		-0.00258676
0.666667		0.738479		-0.00449332
0.666667		0.741662		-0.00581007
0.666667		0.744845		-0.0065548
0.666667		0.748028		-0.00686114
0.666667		0.751211		-0.00695233
0.666667		0.754394		-0.00710132
0.666667		0.757578		-0.00758315
0.666667		0.760761		-0.00862653
0.666667		0.763944		-0.0103715
0.666667		0.767127		-0.0128396
0.666667		0.77031		-0.0159203
0.666667		0.773493		-0.0193771
0.666667		0.776676		-0.0228717
0.666667		0.779859		-0.0260035
0.666667		0.783042		-0.0283604
0.666667		0.786225		-0.0295732
0.666667		0.789409		-0.0293668
0.666667		0.792592		-0.0276013
0.666667		0.795775		-0.0242984
0.666667		0.798958		-0.0196469
0.666667		0.802141		-0.0139892
0.666667		0.805324		-0.0077876
0.666667		0.808507		-0.00157528
0.666667		0.81169		0.00410207
0.666667		0.814873		0.00874752
0.666667		0.818056		0.0119692
0.666667		0.82124		0.0135249
0.666667		0.824423		0.0133496
0.666667		0.827606		0.0115624
0.666667		0.830789		0.00845175
0.666667		0.833972		0.00444122
0.666667		0.837155		3.9806e-05
0.666667		0.840338		-0.00421763
0.666667		0.843521		-0.00783211
0.666667		0.846704		-0.0103973
0.666667		0.849887		-0.0116447
0.666667		0.85307		-0.0114712
0.666667		0.856254		-0.00994765
0.666667		0.859437		-0.0073052
0.666667		0.86262		-0.00390372
0.666667		0.865803		-0.000184956
0.666667		0.868986		0.00338309
0.666667		0.872169		0.00636381
0.666667		0.875352		0.00840453
0.666667		0.878535		0.00927772
0.666667		0.881718		0.00890602
0.666667		0.884901		0.00736818
0.666667		0.888085		0.00488581
0.666667		0.891268		0.00179268
0.666667		0.894451		-0.00150921
0.666667		0.897634		-0.00460104
0.666667		0.900817		-0.00709967
0.666667		0.904		-0.00870469
0.666667		0.907183		-0.00923415
0.666667		0.910366		-0.00864488
0.666667		0.913549		-0.00703508
0.666667		0.916732		-0.00462916
0.666667		0.919916		-0.00174715
0.666667		0.923099		0.0012374
0.666667		0.926282		0.00394535
0.666667		0.929465		0.00603977
0.666667		0.932648		0.00726761
0.666667		0.935831		0.00748998
0.666667		0.939014		0.00669762
0.666667		0.942197		0.00500973
0.666667		0.94538		0.00265667
0.666667		0.948563		-5.11151e-05
0.666667		0.951747		-0.00276371
0.666667		0.95493		-0.00513666
0.666667		0.958113		-0.00687446
0.666667		0.961296		-0.00776718
0.666667		0.964479		-0.00771566
0.666667		0.967662		-0.00674228
0.666667		0.970845		-0.0049862
0.666667		0.974028		-0.00268385
0.666667		0.977211		-0.000137473
0.666667		0.980394		0.00232429
0.666667		0.983578		0.0043885
0.666667		0.986761		0.00579744
0.666667		0.989944		0.00638054
0.666667		0.993127		0.00607478
0.666667		0.99631		0.00493118

0.833333		0		-0.037693
0.833333		0.0031831		-0.0353416
0.833333		0.0063662		-0.0285877
0.833333		0.0095493		-0.0182944
0.833333		0.0127324		-0.0057772
0.833333		0.0159155		0.0073626
0.833333		0.0190986		0.0194421
0.833333		0.0222817		0.0289113
0.833333		0.0254648		0.0345506
0.833333		0.0286479		0.0356276
0.833333		0.031831		0.0319912
0.833333		0.0350141		0.0240929
0.833333		0.0381972		0.0129306
0.833333		0.0413803		-7.63605e-05
0.833333		0.0445634		-0.0132672
0.833333		0.0477465		-0.0249505
0.833333		0.0509296		-0.0336199
0.833333		0.0541127		-0.0381473
0.833333		0.0572958		-0.037929
0.833333		0.0604789		-0.0329655
0.833333		0.063662		-0.0238648
0.833333		0.0668451		-0.0117687
0.833333		0.0700282		0.00178954
0.833333		0.0732113		0.0150788
0.833333		0.0763944		0.0263892
0.833333		0.0795775		0.0342514
0.833333		0.0827606		0.0376256
0.833333		0.0859437		0.0360385
0.833333		0.0891268		0.0296484
0.833333		0.0923099		0.0192309
0.833333		0.095493		0.00608556
0.833333		0.0986761		-0.00812518
0.833333		0.101859		-0.0215845
0.833333		0.105042		-0.0325518
0.833333		0.108225		-0.0395865
0.833333		0.111408		-0.0417351
0.833333		0.114592		-0.0386591
0.833333		0.117775		-0.0306863
0.833333		0.120958		-0.0187769
0.833333		0.124141		-0.00440948
0.833333		0.127324		0.0106009
0.833333		0.130507		0.02433
0.833333		0.13369		0.0349888
0.833333		0.136873		0.0411543
0.833333		0.140056		0.0419571
0.833333		0.143239		0.0372019
0.833333		0.146423		0.0274032
0.833333		0.149606		0.0137324
0.833333		0.152789		-0.00212029
0.833333		0.155972		-0.0181525
0.833333		0.159155		-0.0322992
0.833333		0.162338		-0.0426959
0.833333		0.165521		-0.0479203
0.833333		0.168704		-0.0471837
0.833333		0.171887		-0.040445
0.833333		0.17507		-0.0284329
0.833333		0.178254		-0.0125703
0.833333		0.181437		0.0051907
0.833333		0.18462		0.0226054
0.833333		0.187803		0.037415
0.833333		0.190986		0.0476347
0.833333		0.194169		0.051814
0.833333		0.197352		0.049236
0.833333		0.200535		0.0400296
0.833333		0.203718		0.0251784
0.833333		0.206901		0.00642046
0.833333		0.210085		-0.0139487
0.833333		0.213268		-0.0333502
0.833333		0.216451		-0.04924
0.833333		0.219634		-0.0594333
0.833333		0.222817		-0.0623941
0.833333		0.226		-0.057454
0.833333		0.229183		-0.0449293
0.833333		0.232366		-0.0261198
0.833333		0.235549		-0.00318415
0.833333		0.238732		0.0210969
0.833333		0.241916		0.0436436
0.833333		0.245099		0.0614516
0.833333		0.248282		0.0719728
0.833333		0.251465		0.073457
0.833333		0.254648		0.0652101
0.833333		0.257831		0.0477362
0.833333		0.261014		0.0227388
0.833333		0.264197		-0.00702308
0.833333		0.26738		-0.0380146
0.833333		0.270563		-0.0663133
0.833333		0.273747		-0.0880651
0.833333		0.27693		-0.099958
0.833333		0.280113		-0.0996603
0.833333		0.283296		-0.0861703
0.833333		0.286479		-0.0600335
0.833333		0.289662		-0.0233986
0.833333		0.292845		0.0201043
0.833333		0.296028		0.0656547
0.833333		0.299211		0.10768
0.833333		0.302394		0.140398
0.833333		0.305577		0.158409
0.833333		0.308761		0.157282
0.833333		0.311944		0.134061
0.833333		0.315127		0.0876533
0.833333		0.31831		0.0190379
0.833333		0.321493		-0.0687191
0.833333		0.324676		-0.170654
0.833333		0.327859		-0.280289
0.833333		0.331042		-0.390162
0.833333		0.334225		-0.492474
0.833333		0.337408		-0.579771
0.833333		0.340592		-0.645604
0.833333		0.343775		-0.685106
0.833333		0.346958		-0.695419
0.833333		0.350141		-0.675941
0.833333		0.353324		-0.628363
0.833333		0.356507		-0.556497
0.833333		0.35969		-0.465909
0.833333		0.362873		-0.363412
0.833333		0.366056		-0.256438
0.833333		0.369239		-0.152387
0.833333		0.372423		-0.0579938
0.833333		0.375606		0.021222
0.833333		0.378789		0.0813701
0.833333		0.381972		0.120435
0.833333		0.385155		0.138333
0.833333		0.388338		0.13679
0.833333		0.391521		0.119048
0.833333		0.394704		0.0894512
0.833333		0.397887		0.0529484
0.833333		0.40107		0.0145696
0.833333		0.404254		-0.0210688
0.833333		0.407437		-0.0501827
0.833333		0.41062		-0.0701251
0.833333		0.413803		-0.0795519
0.833333		0.416986		-0.0784403
0.833333		0.420169		-0.0679681
0.833333		0.423352		-0.0502744
0.833333		0.426535		-0.0281365
0.833333		0.429718		-0.00460157
0.833333		0.432901		0.0173815
0.833333		0.436085		0.0352924
0.833333		0.439268		0.0472961
0.833333		0.442451		0.0524028
0.833333		0.445634		0.0505197
0.833333		0.448817		0.0423963
0.833333		0.452		0.0294756
0.833333		0.455183		0.0136743
0.833333		0.458366		-0.00287651
0.833333		0.461549		-0.0181001
0.833333		0.464732		-0.0302185
0.833333		0.467916		-0.037946
0.833333		0.471099		-0.0406125
0.833333		0.474282		-0.038206
0.833333		0.477465		-0.0313332
0.833333		0.480648		-0.0211098
0.833333		0.483831		-0.00899427
0.833333		0.487014		0.00340845
0.833333		0.490197		0.0145509
0.833333		0.49338		0.0231279
0.833333		0.496563		0.0282225
0.833333		0.499747		0.0293963
0.833333		0.50293		0.026717
0.833333		0.506113		0.0207228
0.833333		0.509296		0.0123318
0.833333		0.512479		0.00270876
0.833333		0.515662		-0.00689015
0.833333		0.518845		-0.0152768
0.833333		0.522028		-0.0214734
0.833333		0.525211		-0.0248226
0.833333		0.528394		-0.0250519
0.833333		0.531578		-0.0222881
0.833333		0.534761		-0.0170218
0.833333		0.537944		-0.0100288
0.833333		0.541127		-0.00226024
0.833333		0.54431		0.00528327
0.833333		0.547493		0.0116781
0.833333		0.550676		0.0161879
0.833333		0.553859		0.0183453
0.833333		0.557042		0.0179973
0.833333		0.560225		0.015308
0.833333		0.563408		0.0107235
0.833333		0.566592		0.00490277
0.833333		0.569775		-0.00137494
0.833333		0.572958		-0.00731208
0.833333		0.576141		-0.0121928
0.833333		0.579324		-0.0154678
0.833333		0.582507		-0.0168138
0.833333		0.58569		-0.0161625
0.833333		0.588873		-0.0136957
0.833333		0.592056		-0.00980991
0.833333		0.595239		-0.00505598
0.833333		0.598423		-6.20455e-05
0.833333		0.601606		0.00454846
0.833333		0.604789		0.00823418
0.833333		0.607972		0.0105985
0.833333		0.611155		0.0114305
0.833333		0.614338		0.0107205
0.833333		0.617521		0.00864837
0.833333		0.620704		0.00554989
0.833333		0.623887		0.00186416
0.833333		0.62707		-0.00192817
0.833333		0.630254		-0.00536815
0.833333		0.633437		-0.00807465
0.833333		0.63662		-0.00978654
0.833333		0.639803		-0.0103861
0.833333		0.642986		-0.0099018
0.833333		0.646169		-0.00849148
0.833333		0.649352		-0.00640941
0.833333		0.652535		-0.00396303
0.833333		0.655718		-0.00146607
0.833333		0.658901		0.000804883
0.833333		0.662085		0.0026443
0.833333		0.665268		0.00393751
0.833333		0.668451		0.00466429
0.833333		0.671634		0.0048863
0.833333		0.674817		0.00472138
0.833333		0.678		0.00430905
0.833333		0.681183		0.00377338
0.833333		0.684366		0.00318945
0.833333		0.687549		0.0025592
0.833333		0.690732		0.00180096
0.833333		0.693916		0.000755054
0.833333		0.697099		-0.000794746
0.833333		0.700282		-0.0030864
0.833333		0.703465		-0.00633616
0.833333		0.706648		-0.0106927
0.833333		0.709831		-0.0161958
0.833333		0.713014		-0.0227456
0.833333		0.716197		-0.0300889
0.833333		0.71938		-0.0378245
0.833333		0.722563		-0.0454296
0.833333		0.725747		-0.0523048
0.833333		0.72893		-0.0578327
0.833333		0.732113		-0.0614453
0.833333		0.735296		-0.0626901
0.833333		0.738479		-0.0612882
0.833333		0.741662		-0.0571769
0.833333		0.744845		-0.0505296
0.833333		0.748028		-0.0417517
0.833333		0.751211		-0.0314501
0.833333		0.754394		-0.0203797
0.833333		0.757578		-0.00937277
0.833333		0.760761		0.00074239
0.833333		0.763944		0.00922343
0.833333		0.767127		0.0154882
0.833333		0.77031		0.0191722
0.833333		0.773493		0.0201637
0.833333		0.776676		0.0186109
0.833333		0.779859		0.0149018
0.833333		0.783042		0.00961861
0.833333		0.786225		0.0034714
0.833333		0.789409		-0.00278076
0.833333		0.792592		-0.00841234
0.833333		0.795775		-0.0128084
0.833333		0.798958		-0.0155274
0.833333		0.802141		-0.016343
0.833333		0.805324		-0.0152602
0.833333		0.808507		-0.0125052
0.833333		0.81169		-0.00849015
0.833333		0.814873		-0.00375736
0.833333		0.818056		0.00108914
0.833333		0.82124		0.00545731
0.833333		0.824423		0.00883686
0.833333		0.827606		0.010857
0.833333		0.830789		0.0113256
0.833333		0.833972		0.0102462
0.833333		0.837155		0.00781005
0.833333		0.840338		0.00436708
0.833333		0.843521		0.000377623
0.833333		0.846704		-0.00364724
0.833333		0.849887		-0.00720973
0.833333		0.85307		-0.00988584
0.833333		0.856254		-0.0113749
0.833333		0.859437		-0.0115326
0.833333		0.86262		-0.0103837
0.833333		0.865803		-0.00811375
0.833333		0.868986		-0.00504094
0.833333		0.872169		-0.00157277
0.833333		0.875352		0.00184737
0.833333		0.878535		0.00479634
0.833333		0.881718		0.00692324
0.833333		0.884901		0.00799092
0.833333		0.888085		0.00790196
0.833333		0.891268		0.00670651
0.833333		0.894451		0.00459123
0.833333		0.897634		0.00185144
0.833333		0.900817		-0.00114974
0.833333		0.904		-0.00402968
0.833333		0.907183		-0.0064357
0.833333		0.910366		-0.00808943
0.833333		0.913549		-0.00882044
0.833333		0.916732		-0.00858525
0.833333		0.919916		-0.00746944
0.833333		0.923099		-0.00567315
0.833333		0.926282		-0.00348199
0.833333		0.929465		-0.00122748
0.833333		0.932648		0.000757687
0.833333		0.935831		0.00218383
0.833333		0.939014		0.00284205
0.833333		0.942197		0.002631
0.833333		0.94538		0.00156926
0.833333		0.948563		-0.000208089
0.833333		0.951747		-0.00246794
0.833333		0.95493		-0.00491024
0.833333		0.958113		-0.0072075
0.833333		0.961296		-0.00904754
0.833333		0.964479		-0.010174
0.833333		0.967662		-0.0104193
0.833333		0.970845		-0.00972653
0.833333		0.974028		-0.00815628
0.833333		0.977211		-0.00587923
0.833333		0.980394		-0.00315443
0.833333		0.983578		-0.000296624
0.833333		0.986761		0.00236326
0.833333		0.989944		0.00451939
0.833333		0.993127		0.00592883
0.833333		0.99631		0.00644118

1		0		-0.384969
1		0.0031831		-0.34661
1		0.0063662		-0.238044
1		0.0095493		-0.0778336
1		0.0127324		0.106205
1		0.0159155		0.281223
1		0.0190986		0.414414
1		0.0222817		0.47823
1		0.0254648		0.454994
1		0.0286479		0.340235
1		0.031831		0.144235
1		0.0350141		-0.108515
1		0.0381972		-0.381967
1		0.0413803		-0.633004
1		0.0445634		-0.817271
1		0.0477465		-0.895609
1		0.0509296		-0.840299
1		0.0541127		-0.640263
1		0.0572958		-0.304486
1		0.0604789		0.136875
1		0.063662		0.633997
1		0.0668451		1.12148
1		0.0700282		1.52466
1		0.0732113		1.76756
1		0.0763944		1.78161
1		0.0795775		1.51411
1		0.0827606		0.935552
1		0.0859437		0.044828
1		0.0891268		-1.12834
1		0.0923099		-2.52415
1		0.095493		-4.05665
1		0.0986761		-5.62067
1		0.101859		-7.10093
1		0.105042		-8.38263
1		0.108225		-9.36228
1		0.111408		-9.95774
1		0.114592		-10.1164
1		0.117775		-9.82041
1		0.120958		-9.08907
1		0.124141		-7.977
1		0.127324		-6.5693
1		0.130507		-4.97362
1		0.13369		-3.31014
1		0.136873		-1.70039
1		0.140056		-0.256222
1		0.143239		0.930196
1		0.146423		1.7941
1		0.149606		2.30299
1		0.152789		2.45819
1		0.155972		2.29295
1		0.159155		1.86743
1		0.162338		1.26126
1		0.165521		0.564379
1		0.168704		-0.132699
1		0.171887		-0.748166
1		0.17507		-1.21684
1		0.178254		-1.49587
1		0.181437		-1.56773
1		0.18462		-1.44033
1		0.187803		-1.14431
1		0.190986		-0.727961
1		0.194169		-0.250531
1		0.197352		0.225399
1		0.200535		0.641434
1		0.203718		0.950012
1		0.206901		1.11941
1		0.210085		1.13664
1		0.213268		1.00799
1		0.216451		0.757243
1		0.219634		0.421921
1		0.222817		0.0480425
1		0.226		-0.315874
1		0.229183		-0.624842
1		0.232366		-0.842746
1		0.235549		-0.946367
1		0.238732		-0.927676
1		0.241916		-0.794177
1		0.245099		-0.567343
1		0.248282		-0.279402
1		0.251465		0.0310694
1		0.254648		0.324165
1		0.257831		0.563648
1		0.261014		0.72131
1		0.264197		0.780187
1		0.26738		0.736276
1		0.270563		0.598578
1		0.273747		0.387541
1		0.27693		0.132122
1		0.280113		-0.134101
1		0.283296		-0.377278
1		0.286479		-0.567523
1		0.289662		-0.682534
1		0.292845		-0.710153
1		0.296028		-0.649579
1		0.299211		-0.511138
1		0.302394		-0.314653
1		0.305577		-0.0866865
1		0.308761		0.142993
1		0.311944		0.345246
1		0.315127		0.495212
1		0.31831		0.575324
1		0.321493		0.577334
1		0.324676		0.5031
1		0.327859		0.364099
1		0.331042		0.179724
1		0.334225		-0.0253605
1		0.337408		-0.224469
1		0.340592		-0.392321
1		0.343775		-0.508211
1		0.346958		-0.558519
1		0.350141		-0.538277
1		0.353324		-0.451603
1		0.356507		-0.310973
1		0.35969		-0.135458
1		0.362873		0.0518402
1		0.366056		0.226805
1		0.369239		0.367391
1		0.372423		0.456377
1		0.375606		0.48346
1		0.378789		0.446421
1		0.381972		0.351249
1		0.385155		0.211218
1		0.388338		0.045063
1		0.391521		-0.125514
1		0.394704		-0.278653
1		0.397887		-0.395126
1		0.40107		-0.460732
1		0.404254		-0.468016
1		0.407437		-0.417098
1		0.41062		-0.315521
1		0.413803		-0.177166
1		0.416986		-0.020367
1		0.420169		0.134497
1		0.423352		0.26764
1		0.426535		0.36238
1		0.429718		0.40722
1		0.432901		0.397233
1		0.436085		0.334586
1		0.439268		0.228157
1		0.442451		0.0922895
1		0.445634		-0.0551178
1		0.448817		-0.194957
1		0.452		-0.309374
1		0.455183		-0.384038
1		0.458366		-0.409929
1		0.461549		-0.384418
1		0.464732		-0.311524
1		0.467916		-0.201308
1		0.471099		-0.0685049
1		0.474282		0.0694287
1		0.477465		0.194592
1		0.480648		0.290946
1		0.483831		0.346365
1		0.487014		0.354151
1		0.490197		0.313846
1		0.49338		0.231236
1		0.496563		0.117543
1		0.499747		-0.0120675
1		0.50293		-0.140474
1		0.506113		-0.250834
1		0.509296		-0.328762
1		0.512479		-0.364185
1		0.515662		-0.352642
1		0.518845		-0.295853
1		0.522028		-0.201504
1		0.525211		-0.0822668
1		0.528394		0.0458095
1		0.531578		0.165339
1		0.534761		0.259803
1		0.537944		0.315646
1		0.541127		0.324
1		0.54431		0.281817
1		0.547493		0.192279
1		0.550676		0.0644336
1		0.553859		-0.0878987
1		0.557042		-0.2478
1		0.560225		-0.397304
1		0.563408		-0.519572
1		0.566592		-0.600905
1		0.569775		-0.632375
1		0.572958		-0.610849
1		0.576141		-0.539307
1		0.579324		-0.426418
1		0.582507		-0.285424
1		0.58569		-0.132493
1		0.588873		0.0152604
1		0.592056		0.141833
1		0.595239		0.23422
1		0.598423		0.283903
1		0.601606		0.287754
1		0.604789		0.248269
1		0.607972		0.173102
1		0.611155		0.0739752
1		0.614338		-0.0348829
1		0.617521		-0.138578
1		0.620704		-0.223426
1		0.623887		-0.278634
1		0.62707		-0.297581
1		0.630254		-0.278541
1		0.633437		-0.224778
1		0.63662		-0.144
1		0.639803		-0.0472707
1		0.642986		0.052488
1		0.646169		0.142198
1		0.649352		0.210312
1		0.652535		0.248274
1		0.655718		0.251569
1		0.658901		0.220238
1		0.662085		0.1588
1		0.665268		0.0756005
1		0.668451		-0.0183209
1		0.671634		-0.110689
1		0.674817		-0.189591
1		0.678		-0.245004
1		0.681183		-0.270057
1		0.684366		-0.261876
1		0.687549		-0.221901
1		0.690732		-0.155644
1		0.693916		-0.0719348
1		0.697099		0.0182554
1		0.700282		0.103249
1		0.703465		0.172168
1		0.706648		0.216324
1		0.709831		0.230304
1		0.713014		0.212634
1		0.716197		0.165918
1		0.71938		0.0964638
1		0.722563		0.0134324
1		0.725747		-0.0723692
1		0.72893		-0.14989
1		0.732113		-0.209254
1		0.735296		-0.243017
1		0.738479		-0.247094
1		0.741662		-0.221248
1		0.744845		-0.169084
1		0.748028		-0.0975466
1		0.751211		-0.0159969
1		0.754394		0.0650102
1		0.757578		0.135091
1		0.760761		0.185363
1		0.763944		0.209564
1		0.767127		0.204838
1		0.77031		0.172059
1		0.773493		0.115692
1		0.776676		0.0431824
1		0.779859		-0.0360255
1		0.783042		-0.111715
1		0.786225		-0.174216
1		0.789409		-0.215635
1		0.792592		-0.230858
1		0.795775		-0.218173
1		0.798958		-0.179463
1		0.802141		-0.11993
1		0.805324		-0.0474018
1		0.808507		0.0286992
1		0.81169		0.0985765
1		0.814873		0.15332
1		0.818056		0.186043
1		0.82124		0.192746
1		0.824423		0.17281
1		0.827606		0.129043
1		0.830789		0.0672943
1		0.833972		-0.00432561
1		0.837155		-0.0765054
1		0.840338		-0.139942
1		0.843521		-0.186538
1		0.846704		-0.210441
1		0.849887		-0.208779
1		0.85307		-0.182016
1		0.856254		-0.133875
1		0.859437		-0.0708345
1		0.86262		-0.00128643
1		0.865803		0.0655581
1		0.868986		0.120858
1		0.872169		0.15728
1		0.875352		0.169937
1		0.878535		0.157013
1		0.881718		0.119986
1		0.884901		0.0634358
1		0.888085		-0.00555171
1		0.891268		-0.0782892
1		0.894451		-0.145601
1		0.897634		-0.198988
1		0.900817		-0.23171
1		0.904		-0.239629
1		0.907183		-0.221729
1		0.910366		-0.180233
1		0.913549		-0.120304
1		0.916732		-0.0493891
1		0.919916		0.0237405
1		0.923099		0.0900948
1		0.926282		0.141601
1		0.929465		0.172114
1		0.932648		0.178173
1		0.935831		0.159418
1		0.939014		0.118609
1		0.942197		0.0612489
1		0.94538		-0.00513443
1		0.948563		-0.0719601
1		0.951747		-0.130689
1		0.95493		-0.173906
1		0.958113		-0.196247
1		0.961296		-0.195063
1		0.964479		-0.170732
1		0.967662		-0.126577
1		0.970845		-0.0684227
1		0.974028		-0.00382723
1		0.977211		0.0588952
1		0.980394		0.111741
1		0.983578		0.148034
1		0.986761		0.163269
1		0.989944		0.155665
1		0.993127		0.126375
1		0.99631		0.0793099

