0		0		2.85743e-15
0		0.0031831		2.83859e-15
0		0.0063662		2.78247e-15
0		0.0095493		2.69023e-15
0		0.0127324		2.56379e-15
0		0.0159155		2.40577e-15
0		0.0190986		2.21942e-15
0		0.0222817		2.00856e-15
0		0.0254648		1.77751e-15
0		0.0286479		1.53092e-15
0		0.031831		1.27374e-15
0		0.0350141		1.01107e-15
0		0.0381972		7.48055e-16
0		0.0413803		4.8982e-16
0		0.0445634		2.4168e-16
0		0.0477465		3.11147e-17
0		0.0509296		2.14913e-16
0		0.0541127		4.09477e-16
0		0.0572958		5.80213e-16
0		0.0604789		7.24284e-16
0		0.063662		8.40006e-16
0		0.0668451		9.2653e-16
0		0.0700282		9.83817e-16
0		0.0732113		1.01264e-15
0		0.0763944		1.0146e-15
0		0.0795775		9.9209e-16
0		0.0827606		9.4837e-16
0		0.0859437		8.87547e-16
0		0.0891268		8.14674e-16
0		0.0923099		7.35867e-16
0		0.095493		6.58425e-16
0		0.0986761		5.90722e-16
0		0.101859		5.41242e-16
0		0.105042		5.16039e-16
0		0.108225		5.15441e-16
0		0.111408		5.33233e-16
0		0.114592		5.59648e-16
0		0.117775		5.85046e-16
0		0.120958		6.01723e-16
0		0.124141		6.0415e-16
0		0.127324		5.88655e-16
0		0.130507		5.53064e-16
0		0.13369		4.9644e-16
0		0.136873		4.18906e-16
0		0.140056		3.21563e-16
0		0.143239		2.06664e-16
0		0.146423		8.08243e-17
0		0.149606		8.39675e-17
0		0.152789		2.32235e-16
0		0.155972		3.91115e-16
0		0.159155		5.52323e-16
0		0.162338		7.11098e-16
0		0.165521		8.63022e-16
0		0.168704		1.00385e-15
0		0.171887		1.12955e-15
0		0.17507		1.23641e-15
0		0.178254		1.32115e-15
0		0.181437		1.38096e-15
0		0.18462		1.41365e-15
0		0.187803		1.4177e-15
0		0.190986		1.39237e-15
0		0.194169		1.3378e-15
0		0.197352		1.25513e-15
0		0.200535		1.14678e-15
0		0.203718		1.01697e-15
0		0.206901		8.7283e-16
0		0.210085		7.27105e-16
0		0.213268		6.0383e-16
0		0.216451		5.44072e-16
0		0.219634		5.86091e-16
0		0.222817		7.21079e-16
0		0.226		9.10573e-16
0		0.229183		1.12475e-15
0		0.232366		1.34613e-15
0		0.235549		1.56386e-15
0		0.238732		1.77034e-15
0		0.241916		1.95976e-15
0		0.245099		2.12744e-15
0		0.248282		2.26961e-15
0		0.251465		2.38329e-15
0		0.254648		2.46625e-15
0		0.257831		2.51701e-15
0		0.261014		2.53482e-15
0		0.264197		2.51964e-15
0		0.26738		2.47215e-15
0		0.270563		2.3937e-15
0		0.273747		2.28624e-15
0		0.27693		2.15234e-15
0		0.280113		1.99503e-15
0		0.283296		1.81783e-15
0		0.286479		1.62459e-15
0		0.289662		1.41947e-15
0		0.292845		1.20689e-15
0		0.296028		9.91492e-16
0		0.299211		7.78335e-16
0		0.302394		5.73453e-16
0		0.305577		3.86258e-16
0		0.308761		2.40347e-16
0		0.311944		2.01786e-16
0		0.315127		2.84642e-16
0		0.31831		4.00196e-16
0		0.321493		5.09663e-16
0		0.324676		6.02543e-16
0		0.327859		6.75337e-16
0		0.331042		7.26918e-16
0		0.334225		7.57359e-16
0		0.337408		7.67537e-16
0		0.340592		7.58957e-16
0		0.343775		7.33641e-16
0		0.346958		6.94046e-16
0		0.350141		6.42985e-16
0		0.353324		5.83562e-16
0		0.356507		5.19092e-16
0		0.35969		4.53034e-16
0		0.362873		3.88891e-16
0		0.366056		3.30042e-16
0		0.369239		2.79407e-16
0		0.372423		2.3881e-16
0		0.375606		2.08111e-16
0		0.378789		1.84725e-16
0		0.381972		1.64305e-16
0		0.385155		1.42446e-16
0		0.388338		1.16567e-16
0		0.391521		8.87919e-17
0		0.394704		7.46766e-17
0		0.397887		1.01189e-16
0		0.40107		1.619e-16
0		0.404254		2.4094e-16
0		0.407437		3.31535e-16
0		0.41062		4.30032e-16
0		0.413803		5.3351e-16
0		0.416986		6.39199e-16
0		0.420169		7.44358e-16
0		0.423352		8.46282e-16
0		0.426535		9.42347e-16
0		0.429718		1.03007e-15
0		0.432901		1.10716e-15
0		0.436085		1.1716e-15
0		0.439268		1.22168e-15
0		0.442451		1.25604e-15
0		0.445634		1.27373e-15
0		0.448817		1.27422e-15
0		0.452		1.25744e-15
0		0.455183		1.22378e-15
0		0.458366		1.1741e-15
0		0.461549		1.10976e-15
0		0.464732		1.03262e-15
0		0.467916		9.45107e-16
0		0.471099		8.50283e-16
0		0.474282		7.52034e-16
0		0.477465		6.55391e-16
0		0.480648		5.67002e-16
0		0.483831		4.95525e-16
0		0.487014		4.50749e-16
0		0.490197		4.39577e-16
0		0.49338		4.60615e-16
0		0.496563		5.04471e-16
0		0.499747		5.59742e-16
0		0.50293		6.17254e-16
0		0.506113		6.70735e-16
0		0.509296		7.16148e-16
0		0.512479		7.50998e-16
0		0.515662		7.73867e-16
0		0.518845		7.84144e-16
0		0.522028		7.81856e-16
0		0.525211		7.67567e-16
0		0.528394		7.42312e-16
0		0.531578		7.07543e-16
0		0.534761		6.65107e-16
0		0.537944		6.1722e-16
0		0.541127		5.6647e-16
0		0.54431		5.15803e-16
0		0.547493		4.6849e-16
0		0.550676		4.2795e-16
0		0.553859		3.9733e-16
0		0.557042		3.78739e-16
0		0.560225		3.72441e-16
0		0.563408		3.76623e-16
0		0.566592		3.88054e-16
0		0.569775		4.03173e-16
0		0.572958		4.18895e-16
0		0.576141		4.32949e-16
0		0.579324		4.43902e-16
0		0.582507		4.51051e-16
0		0.58569		4.54293e-16
0		0.588873		4.53991e-16
0		0.592056		4.50855e-16
0		0.595239		4.45815e-16
0		0.598423		4.39891e-16
0		0.601606		4.3404e-16
0		0.604789		4.29017e-16
0		0.607972		4.25248e-16
0		0.611155		4.22757e-16
0		0.614338		4.21166e-16
0		0.617521		4.19767e-16
0		0.620704		4.17634e-16
0		0.623887		4.13757e-16
0		0.62707		4.07167e-16
0		0.630254		3.97022e-16
0		0.633437		3.82674e-16
0		0.63662		3.63696e-16
0		0.639803		3.39904e-16
0		0.642986		3.11349e-16
0		0.646169		2.78309e-16
0		0.649352		2.41277e-16
0		0.652535		2.00954e-16
0		0.655718		1.58283e-16
0		0.658901		1.14618e-16
0		0.662085		7.26178e-17
0		0.665268		4.21074e-17
0		0.668451		5.0971e-17
0		0.671634		8.58718e-17
0		0.674817		1.24247e-16
0		0.678		1.60961e-16
0		0.681183		1.94377e-16
0		0.684366		2.23663e-16
0		0.687549		2.48328e-16
0		0.690732		2.68106e-16
0		0.693916		2.8292e-16
0		0.697099		2.92861e-16
0		0.700282		2.98174e-16
0		0.703465		2.99242e-16
0		0.706648		2.96568e-16
0		0.709831		2.90752e-16
0		0.713014		2.82468e-16
0		0.716197		2.72435e-16
0		0.71938		2.61389e-16
0		0.722563		2.50047e-16
0		0.725747		2.3908e-16
0		0.72893		2.29075e-16
0		0.732113		2.20512e-16
0		0.735296		2.13736e-16
0		0.738479		2.08955e-16
0		0.741662		2.06241e-16
0		0.744845		2.05545e-16
0		0.748028		2.0672e-16
0		0.751211		2.09536e-16
0		0.754394		2.13691e-16
0		0.757578		2.18815e-16
0		0.760761		2.24473e-16
0		0.763944		2.30166e-16
0		0.767127		2.35341e-16
0		0.77031		2.39406e-16
0		0.773493		2.41753e-16
0		0.776676		2.4178e-16
0		0.779859		2.38916e-16
0		0.783042		2.32653e-16
0		0.786225		2.22566e-16
0		0.789409		2.08334e-16
0		0.792592		1.89761e-16
0		0.795775		1.66785e-16
0		0.798958		1.39493e-16
0		0.802141		1.08123e-16
0		0.805324		7.30749e-17
0		0.808507		3.49858e-17
0		0.81169		8.26025e-18
0		0.814873		4.92054e-17
0		0.818056		9.26255e-17
0		0.82124		1.36131e-16
0		0.824423		1.78685e-16
0		0.827606		2.19282e-16
0		0.830789		2.56938e-16
0		0.833972		2.90714e-16
0		0.837155		3.19742e-16
0		0.840338		3.43253e-16
0		0.843521		3.60605e-16
0		0.846704		3.71307e-16
0		0.849887		3.7504e-16
0		0.85307		3.7168e-16
0		0.856254		3.61318e-16
0		0.859437		3.44284e-16
0		0.86262		3.21182e-16
0		0.865803		2.92946e-16
0		0.868986		2.60956e-16
0		0.872169		2.27249e-16
0		0.875352		1.94931e-16
0		0.878535		1.68752e-16
0		0.881718		1.55017e-16
0		0.884901		1.5862e-16
0		0.888085		1.78537e-16
0		0.891268		2.09022e-16
0		0.894451		2.44285e-16
0		0.897634		2.80259e-16
0		0.900817		3.143e-16
0		0.904		3.4466e-16
0		0.907183		3.70167e-16
0		0.910366		3.90059e-16
0		0.913549		4.03905e-16
0		0.916732		4.11569e-16
0		0.919916		4.13185e-16
0		0.923099		4.0915e-16
0		0.926282		4.00111e-16
0		0.929465		3.86961e-16
0		0.932648		3.70816e-16
0		0.935831		3.52997e-16
0		0.939014		3.34969e-16
0		0.942197		3.18247e-16
0		0.94538		3.04236e-16
0		0.948563		2.94007e-16
0		0.951747		2.88073e-16
0		0.95493		2.86255e-16
0		0.958113		2.87726e-16
0		0.961296		2.91226e-16
0		0.964479		2.95336e-16
0		0.967662		2.98721e-16
0		0.970845		3.00266e-16
0		0.974028		2.99158e-16
0		0.977211		2.94888e-16
0		0.980394		2.87254e-16
0		0.983578		2.76324e-16
0		0.986761		2.62419e-16
0		0.989944		2.46069e-16
0		0.993127		2.27984e-16
0		0.99631		2.09005e-16

0.166667		0		0.00765145
0.166667		0.0031831		0.00770335
0.166667		0.0063662		0.00784582
0.166667		0.0095493		0.00804335
0.166667		0.0127324		0.0082483
0.166667		0.0159155		0.0084118
0.166667		0.0190986		0.00849217
0.166667		0.0222817		0.00846031
0.166667		0.0254648		0.00830328
0.166667		0.0286479		0.00802697
0.166667		0.031831		0.00765909
0.166667		0.0350141		0.00725198
0.166667		0.0381972		0.00688347
0.166667		0.0413803		0.00664964
0.166667		0.0445634		0.006641
0.166667		0.0477465		0.00690469
0.166667		0.0509296		0.00742004
0.166667		0.0541127		0.00811059
0.166667		0.0572958		0.00887692
0.166667		0.0604789		0.00962202
0.166667		0.063662		0.0102622
0.166667		0.0668451		0.0107299
0.166667		0.0700282		0.0109735
0.166667		0.0732113		0.0109576
0.166667		0.0763944		0.010664
0.166667		0.0795775		0.0100933
0.166667		0.0827606		0.00926986
0.166667		0.0859437		0.00825012
0.166667		0.0891268		0.00714163
0.166667		0.0923099		0.00613853
0.166667		0.095493		0.00555389
0.166667		0.0986761		0.00571286
0.166667		0.101859		0.00665001
0.166667		0.105042		0.00809503
0.166667		0.108225		0.00975305
0.166667		0.111408		0.0114132
0.166667		0.114592		0.0129287
0.166667		0.117775		0.0141904
0.166667		0.120958		0.0151127
0.166667		0.124141		0.015629
0.166667		0.127324		0.0156901
0.166667		0.130507		0.0152647
0.166667		0.13369		0.0143419
0.166667		0.136873		0.0129347
0.166667		0.140056		0.0110885
0.166667		0.143239		0.00890471
0.166667		0.146423		0.00662098
0.166667		0.149606		0.00490414
0.166667		0.152789		0.00513297
0.166667		0.155972		0.00742285
0.166667		0.159155		0.010573
0.166667		0.162338		0.0139439
0.166667		0.165521		0.0172448
0.166667		0.168704		0.0202873
0.166667		0.171887		0.0229179
0.166667		0.17507		0.0250012
0.166667		0.178254		0.0264155
0.166667		0.181437		0.0270537
0.166667		0.18462		0.0268252
0.166667		0.187803		0.0256587
0.166667		0.190986		0.0235055
0.166667		0.194169		0.020345
0.166667		0.197352		0.0161958
0.166667		0.200535		0.0111626
0.166667		0.203718		0.00579687
0.166667		0.206901		0.00508037
0.166667		0.210085		0.0117765
0.166667		0.213268		0.020186
0.166667		0.216451		0.0293573
0.166667		0.219634		0.0390218
0.166667		0.222817		0.0489827
0.166667		0.226		0.0590531
0.166667		0.229183		0.0690457
0.166667		0.232366		0.0787733
0.166667		0.235549		0.0880515
0.166667		0.238732		0.0967021
0.166667		0.241916		0.104557
0.166667		0.245099		0.111461
0.166667		0.248282		0.117279
0.166667		0.251465		0.121893
0.166667		0.254648		0.12521
0.166667		0.257831		0.127164
0.166667		0.261014		0.127713
0.166667		0.264197		0.126846
0.166667		0.26738		0.124578
0.166667		0.270563		0.120954
0.166667		0.273747		0.116046
0.166667		0.27693		0.109948
0.166667		0.280113		0.102782
0.166667		0.283296		0.0946873
0.166667		0.286479		0.0858202
0.166667		0.289662		0.0763512
0.166667		0.292845		0.0664602
0.166667		0.296028		0.0563327
0.166667		0.299211		0.0461563
0.166667		0.302394		0.0361174
0.166667		0.305577		0.0264015
0.166667		0.308761		0.0172029
0.166667		0.311944		0.00881144
0.166667		0.315127		0.0031913
0.166667		0.31831		0.00751833
0.166667		0.321493		0.0133399
0.166667		0.324676		0.0183658
0.166667		0.327859		0.0223989
0.166667		0.331042		0.025391
0.166667		0.334225		0.0273407
0.166667		0.337408		0.0282766
0.166667		0.340592		0.0282518
0.166667		0.343775		0.0273408
0.166667		0.346958		0.0256364
0.166667		0.350141		0.023247
0.166667		0.353324		0.0202937
0.166667		0.356507		0.0169087
0.166667		0.35969		0.0132356
0.166667		0.362873		0.00944015
0.166667		0.366056		0.00577287
0.166667		0.369239		0.00306167
0.166667		0.372423		0.0038759
0.166667		0.375606		0.00669992
0.166667		0.378789		0.00955963
0.166667		0.381972		0.0120759
0.166667		0.385155		0.0141258
0.166667		0.388338		0.0156485
0.166667		0.391521		0.0166138
0.166667		0.394704		0.0170143
0.166667		0.397887		0.0168622
0.166667		0.40107		0.0161871
0.166667		0.404254		0.0150348
0.166667		0.407437		0.0134654
0.166667		0.41062		0.0115523
0.166667		0.413803		0.00938355
0.166667		0.416986		0.00706973
0.166667		0.420169		0.00478228
0.166667		0.423352		0.00295698
0.166667		0.426535		0.00281048
0.166667		0.429718		0.00435821
0.166667		0.432901		0.00627145
0.166667		0.436085		0.00807967
0.166667		0.439268		0.00963296
0.166667		0.442451		0.0108593
0.166667		0.445634		0.011718
0.166667		0.448817		0.0121881
0.166667		0.452		0.0122647
0.166667		0.455183		0.0119576
0.166667		0.458366		0.0112896
0.166667		0.461549		0.0102963
0.166667		0.464732		0.00902497
0.166667		0.467916		0.00753634
0.166667		0.471099		0.00590969
0.166667		0.474282		0.00426616
0.166667		0.477465		0.00286659
0.166667		0.480648		0.00237525
0.166667		0.483831		0.00319061
0.166667		0.487014		0.00454623
0.166667		0.490197		0.00593845
0.166667		0.49338		0.00719157
0.166667		0.496563		0.00822612
0.166667		0.499747		0.0089972
0.166667		0.50293		0.00947885
0.166667		0.506113		0.00965923
0.166667		0.509296		0.0095387
0.166667		0.512479		0.00912896
0.166667		0.515662		0.0084524
0.166667		0.518845		0.00754193
0.166667		0.522028		0.00644175
0.166667		0.525211		0.00521116
0.166667		0.528394		0.00393868
0.166667		0.531578		0.00279397
0.166667		0.534761		0.00217341
0.166667		0.537944		0.00251813
0.166667		0.541127		0.00348397
0.166667		0.54431		0.00459254
0.166667		0.547493		0.00564136
0.166667		0.550676		0.00654208
0.166667		0.553859		0.00724647
0.166667		0.557042		0.00772569
0.166667		0.560225		0.00796402
0.166667		0.563408		0.00795658
0.166667		0.566592		0.00770832
0.166667		0.569775		0.00723356
0.166667		0.572958		0.00655577
0.166667		0.576141		0.00570816
0.166667		0.579324		0.00473623
0.166667		0.582507		0.00370648
0.166667		0.58569		0.00273595
0.166667		0.588873		0.00207659
0.166667		0.592056		0.00210775
0.166667		0.595239		0.00277014
0.166667		0.598423		0.00366291
0.166667		0.601606		0.00455929
0.166667		0.604789		0.00535957
0.166667		0.607972		0.00601154
0.166667		0.611155		0.00648402
0.166667		0.614338		0.00675868
0.166667		0.617521		0.00682716
0.166667		0.620704		0.00668989
0.166667		0.623887		0.00635561
0.166667		0.62707		0.00584119
0.166667		0.630254		0.00517193
0.166667		0.633437		0.0043833
0.166667		0.63662		0.00352642
0.166667		0.639803		0.00268568
0.166667		0.642986		0.00202949
0.166667		0.646169		0.00185418
0.166667		0.649352		0.00226682
0.166667		0.652535		0.00298094
0.166667		0.655718		0.00375444
0.166667		0.658901		0.00447382
0.166667		0.662085		0.00508174
0.166667		0.665268		0.00554461
0.166667		0.668451		0.00584202
0.166667		0.671634		0.00596299
0.166667		0.674817		0.00590469
0.166667		0.678		0.00567173
0.166667		0.681183		0.00527601
0.166667		0.684366		0.00473693
0.166667		0.687549		0.00408243
0.166667		0.690732		0.00335269
0.166667		0.693916		0.00261138
0.166667		0.697099		0.00197859
0.166667		0.700282		0.00168288
0.166667		0.703465		0.00190663
0.166667		0.706648		0.00247905
0.166667		0.709831		0.0031577
0.166667		0.713014		0.00381585
0.166667		0.716197		0.00439092
0.166667		0.71938		0.00484706
0.166667		0.722563		0.0051621
0.166667		0.725747		0.00532301
0.166667		0.72893		0.00532422
0.166667		0.732113		0.00516695
0.166667		0.735296		0.00485889
0.166667		0.738479		0.00441424
0.166667		0.741662		0.00385425
0.166667		0.744845		0.0032093
0.166667		0.748028		0.00252573
0.166667		0.751211		0.0018876
0.166667		0.754394		0.00147313
0.166667		0.757578		0.00152754
0.166667		0.760761		0.00199661
0.166667		0.763944		0.00262231
0.166667		0.767127		0.00325585
0.166667		0.77031		0.00382882
0.166667		0.773493		0.00430404
0.166667		0.776676		0.0046586
0.166667		0.779859		0.00487839
0.166667		0.783042		0.00495622
0.166667		0.786225		0.00489113
0.166667		0.789409		0.00468817
0.166667		0.792592		0.00435843
0.166667		0.795775		0.00391945
0.166667		0.798958		0.00339667
0.166667		0.802141		0.00282722
0.166667		0.805324		0.00226993
0.166667		0.808507		0.001827
0.166667		0.81169		0.00165303
0.166667		0.814873		0.00183325
0.166667		0.818056		0.00225598
0.166667		0.82124		0.00276554
0.166667		0.824423		0.00326619
0.166667		0.827606		0.00370542
0.166667		0.830789		0.00405233
0.166667		0.833972		0.00428795
0.166667		0.837155		0.00440141
0.166667		0.840338		0.00438839
0.166667		0.843521		0.0042505
0.166667		0.846704		0.00399505
0.166667		0.849887		0.00363526
0.166667		0.85307		0.00319115
0.166667		0.856254		0.00269214
0.166667		0.859437		0.00218397
0.166667		0.86262		0.00174522
0.166667		0.865803		0.00150638
0.166667		0.868986		0.00158365
0.166667		0.872169		0.00192321
0.166667		0.875352		0.00237855
0.166667		0.878535		0.00284702
0.166667		0.881718		0.00327218
0.166667		0.884901		0.0036213
0.166667		0.888085		0.00387414
0.166667		0.891268		0.00401847
0.166667		0.894451		0.00404827
0.166667		0.897634		0.00396303
0.166667		0.900817		0.00376749
0.166667		0.904		0.00347169
0.166667		0.907183		0.00309157
0.166667		0.910366		0.00265065
0.166667		0.913549		0.00218457
0.166667		0.916732		0.00175245
0.166667		0.919916		0.00145611
0.166667		0.923099		0.00142069
0.166667		0.926282		0.00165933
0.166667		0.929465		0.00205093
0.166667		0.932648		0.00248364
0.166667		0.935831		0.00289305
0.166667		0.939014		0.0032426
0.166667		0.942197		0.00350992
0.166667		0.94538		0.00368111
0.166667		0.948563		0.00374849
0.166667		0.951747		0.00370962
0.166667		0.95493		0.00356701
0.166667		0.958113		0.003328
0.166667		0.961296		0.00300519
0.166667		0.964479		0.00261747
0.166667		0.967662		0.00219303
0.166667		0.970845		0.0017769
0.166667		0.974028		0.00144652
0.166667		0.977211		0.00131654
0.166667		0.980394		0.00145129
0.166667		0.983578		0.00177295
0.166667		0.986761		0.00216627
0.166667		0.989944		0.0025572
0.166667		0.993127		0.00290407
0.166667		0.99631		0.00318188

0.333333		0		0.0060808
0.333333		0.0031831		0.0060542
0.333333		0.0063662		0.00597899
0.333333		0.0095493		0.0058685
0.333333		0.0127324		0.00574369
0.333333		0.0159155		0.00563062
0.333333		0.0190986		0.00555619
0.333333		0.0222817		0.00554231
0.333333		0.0254648		0.0055999
0.333333		0.0286479		0.00572531
0.333333		0.031831		0.00590097
0.333333		0.0350141		0.00609981
0.333333		0.0381972		0.00629104
0.333333		0.0413803		0.00644523
0.333333		0.0445634		0.00653785
0.333333		0.0477465		0.0065516
0.333333		0.0509296		0.00647789
0.333333		0.0541127		0.00631798
0.333333		0.0572958		0.00608422
0.333333		0.0604789		0.00580112
0.333333		0.063662		0.00550617
0.333333		0.0668451		0.00524854
0.333333		0.0700282		0.00508313
0.333333		0.0732113		0.00505698
0.333333		0.0763944		0.00519169
0.333333		0.0795775		0.0054734
0.333333		0.0827606		0.00585904
0.333333		0.0859437		0.00629209
0.333333		0.0891268		0.00671619
0.333333		0.0923099		0.00708234
0.333333		0.095493		0.00735138
0.333333		0.0986761		0.00749458
0.333333		0.101859		0.00749375
0.333333		0.105042		0.00734166
0.333333		0.108225		0.00704296
0.333333		0.111408		0.00661589
0.333333		0.114592		0.00609545
0.333333		0.117775		0.00553829
0.333333		0.120958		0.0050285
0.333333		0.124141		0.0046766
0.333333		0.127324		0.0045927
0.333333		0.130507		0.00482734
0.333333		0.13369		0.00533561
0.333333		0.136873		0.00601284
0.333333		0.140056		0.00674954
0.333333		0.143239		0.00745591
0.333333		0.146423		0.00806363
0.333333		0.149606		0.00852192
0.333333		0.152789		0.00879435
0.333333		0.155972		0.00885716
0.333333		0.159155		0.00869881
0.333333		0.162338		0.00832054
0.333333		0.165521		0.00773798
0.333333		0.168704		0.00698474
0.333333		0.171887		0.00611998
0.333333		0.17507		0.00524397
0.333333		0.178254		0.00452344
0.333333		0.181437		0.00419391
0.333333		0.18462		0.00443328
0.333333		0.187803		0.00517896
0.333333		0.190986		0.00621218
0.333333		0.194169		0.00733638
0.333333		0.197352		0.0084172
0.333333		0.200535		0.00936315
0.333333		0.203718		0.0101088
0.333333		0.206901		0.0106063
0.333333		0.210085		0.0108225
0.333333		0.213268		0.0107373
0.333333		0.216451		0.0103444
0.333333		0.219634		0.00965225
0.333333		0.222817		0.00868687
0.333333		0.226		0.00749776
0.333333		0.229183		0.00617404
0.333333		0.232366		0.00488786
0.333333		0.235549		0.00399162
0.333333		0.238732		0.00399802
0.333333		0.241916		0.00498516
0.333333		0.245099		0.00649945
0.333333		0.248282		0.00816879
0.333333		0.251465		0.00979074
0.333333		0.254648		0.0112432
0.333333		0.257831		0.0124402
0.333333		0.261014		0.0133167
0.333333		0.264197		0.0138236
0.333333		0.26738		0.0139263
0.333333		0.270563		0.0136054
0.333333		0.273747		0.0128577
0.333333		0.27693		0.0116976
0.333333		0.280113		0.0101613
0.333333		0.283296		0.00831634
0.333333		0.286479		0.00629317
0.333333		0.289662		0.00441142
0.333333		0.292845		0.00357787
0.333333		0.296028		0.00472109
0.333333		0.299211		0.00697987
0.333333		0.302394		0.00952681
0.333333		0.305577		0.0120396
0.333333		0.308761		0.0143516
0.333333		0.311944		0.016345
0.333333		0.315127		0.0179244
0.333333		0.31831		0.0190113
0.333333		0.321493		0.0195426
0.333333		0.324676		0.0194722
0.333333		0.327859		0.0187727
0.333333		0.331042		0.0174366
0.333333		0.334225		0.0154797
0.333333		0.337408		0.0129454
0.333333		0.340592		0.00991877
0.333333		0.343775		0.00658976
0.333333		0.346958		0.00370458
0.333333		0.350141		0.00429566
0.333333		0.353324		0.00797354
0.333333		0.356507		0.0122771
0.333333		0.35969		0.0166273
0.333333		0.362873		0.0207873
0.333333		0.366056		0.0245797
0.333333		0.369239		0.0278455
0.333333		0.372423		0.0304376
0.333333		0.375606		0.0322208
0.333333		0.378789		0.0330746
0.333333		0.381972		0.0328963
0.333333		0.385155		0.0316036
0.333333		0.388338		0.0291382
0.333333		0.391521		0.0254691
0.333333		0.394704		0.0205978
0.333333		0.397887		0.0145758
0.333333		0.40107		0.00762439
0.333333		0.404254		0.0034131
0.333333		0.407437		0.0111877
0.333333		0.41062		0.0211757
0.333333		0.413803		0.0320031
0.333333		0.416986		0.0434057
0.333333		0.420169		0.0551756
0.333333		0.423352		0.0671064
0.333333		0.426535		0.0789879
0.333333		0.429718		0.0906074
0.333333		0.432901		0.101754
0.333333		0.436085		0.112222
0.333333		0.439268		0.121816
0.333333		0.442451		0.130355
0.333333		0.445634		0.137678
0.333333		0.448817		0.143643
0.333333		0.452		0.148136
0.333333		0.455183		0.15107
0.333333		0.458366		0.152388
0.333333		0.461549		0.152066
0.333333		0.464732		0.150108
0.333333		0.467916		0.146554
0.333333		0.471099		0.141472
0.333333		0.474282		0.134961
0.333333		0.477465		0.127146
0.333333		0.480648		0.118175
0.333333		0.483831		0.108219
0.333333		0.487014		0.0974657
0.333333		0.490197		0.0861132
0.333333		0.49338		0.07437
0.333333		0.496563		0.0624476
0.333333		0.499747		0.0505573
0.333333		0.50293		0.0389064
0.333333		0.506113		0.0276974
0.333333		0.509296		0.0171383
0.333333		0.512479		0.0075562
0.333333		0.515662		0.00336629
0.333333		0.518845		0.0102632
0.333333		0.522028		0.0169491
0.333333		0.525211		0.0225523
0.333333		0.528394		0.0269707
0.333333		0.531578		0.0301801
0.333333		0.534761		0.0321938
0.333333		0.537944		0.0330541
0.333333		0.541127		0.0328288
0.333333		0.54431		0.0316076
0.333333		0.547493		0.0294999
0.333333		0.550676		0.0266306
0.333333		0.553859		0.0231378
0.333333		0.557042		0.0191697
0.333333		0.560225		0.0148842
0.333333		0.563408		0.0104565
0.333333		0.566592		0.00613431
0.333333		0.569775		0.00281637
0.333333		0.572958		0.00411394
0.333333		0.576141		0.00757157
0.333333		0.579324		0.0109151
0.333333		0.582507		0.0138214
0.333333		0.58569		0.0161797
0.333333		0.588873		0.0179316
0.333333		0.592056		0.0190478
0.333333		0.595239		0.0195224
0.333333		0.598423		0.0193702
0.333333		0.601606		0.0186247
0.333333		0.604789		0.0173368
0.333333		0.607972		0.0155722
0.333333		0.611155		0.0134107
0.333333		0.614338		0.0109457
0.333333		0.617521		0.00828861
0.333333		0.620704		0.00559609
0.333333		0.623887		0.0032326
0.333333		0.62707		0.0025931
0.333333		0.630254		0.0043217
0.333333		0.633437		0.00656425
0.333333		0.63662		0.00868899
0.333333		0.639803		0.0105273
0.333333		0.642986		0.0120007
0.333333		0.646169		0.0130641
0.333333		0.649352		0.0136932
0.333333		0.652535		0.0138807
0.333333		0.655718		0.0136349
0.333333		0.658901		0.0129786
0.333333		0.662085		0.0119475
0.333333		0.665268		0.0105903
0.333333		0.668451		0.00896783
0.333333		0.671634		0.00715672
0.333333		0.674817		0.00526232
0.333333		0.678		0.00348092
0.333333		0.681183		0.00238046
0.333333		0.684366		0.00288703
0.333333		0.687549		0.00435937
0.333333		0.690732		0.00597036
0.333333		0.693916		0.00745775
0.333333		0.697099		0.00871944
0.333333		0.700282		0.00970041
0.333333		0.703465		0.0103681
0.333333		0.706648		0.0107055
0.333333		0.709831		0.0107091
0.333333		0.713014		0.0103873
0.333333		0.716197		0.00976031
0.333333		0.71938		0.00885903
0.333333		0.722563		0.00772545
0.333333		0.725747		0.00641422
0.333333		0.72893		0.00499988
0.333333		0.732113		0.00360434
0.333333		0.735296		0.0025029
0.333333		0.738479		0.0022927
0.333333		0.741662		0.00311094
0.333333		0.744845		0.00431078
0.333333		0.748028		0.00552417
0.333333		0.751211		0.0066121
0.333333		0.754394		0.00750748
0.333333		0.757578		0.00817137
0.333333		0.760761		0.008581
0.333333		0.763944		0.00872591
0.333333		0.767127		0.00860644
0.333333		0.77031		0.00823294
0.333333		0.773493		0.0076254
0.333333		0.776676		0.00681333
0.333333		0.779859		0.00583679
0.333333		0.783042		0.00475016
0.333333		0.786225		0.0036354
0.333333		0.789409		0.00264656
0.333333		0.792592		0.00211462
0.333333		0.795775		0.00238224
0.333333		0.798958		0.00319349
0.333333		0.802141		0.00415023
0.333333		0.805324		0.00506504
0.333333		0.808507		0.00585321
0.333333		0.81169		0.0064686
0.333333		0.814873		0.0068838
0.333333		0.818056		0.00708387
0.333333		0.82124		0.00706405
0.333333		0.824423		0.00682885
0.333333		0.827606		0.00639179
0.333333		0.830789		0.00577562
0.333333		0.833972		0.00501374
0.333333		0.837155		0.00415463
0.333333		0.840338		0.00327529
0.333333		0.843521		0.0025186
0.333333		0.846704		0.00215033
0.333333		0.849887		0.0023949
0.333333		0.85307		0.00307936
0.333333		0.856254		0.00391667
0.333333		0.859437		0.00474651
0.333333		0.86262		0.00548798
0.333333		0.865803		0.00609446
0.333333		0.868986		0.00653666
0.333333		0.872169		0.00679664
0.333333		0.875352		0.00686558
0.333333		0.878535		0.00674282
0.333333		0.881718		0.00643545
0.333333		0.884901		0.00595819
0.333333		0.888085		0.00533374
0.333333		0.891268		0.00459411
0.333333		0.894451		0.00378495
0.333333		0.897634		0.0029779
0.333333		0.900817		0.00230329
0.333333		0.904		0.00199
0.333333		0.907183		0.0022074
0.333333		0.910366		0.00279355
0.333333		0.913549		0.00350356
0.333333		0.916732		0.00419918
0.333333		0.919916		0.00481028
0.333333		0.923099		0.00529714
0.333333		0.926282		0.00563576
0.333333		0.929465		0.00581248
0.333333		0.932648		0.0058219
0.333333		0.935831		0.00566604
0.333333		0.939014		0.00535399
0.333333		0.942197		0.004902
0.333333		0.94538		0.00433425
0.333333		0.948563		0.0036853
0.333333		0.951747		0.00300677
0.333333		0.95493		0.00238456
0.333333		0.958113		0.00196892
0.333333		0.961296		0.00194084
0.333333		0.964479		0.00230081
0.333333		0.967662		0.00286192
0.333333		0.970845		0.00346792
0.333333		0.974028		0.00403298
0.333333		0.977211		0.00450936
0.333333		0.980394		0.00486834
0.333333		0.983578		0.00509259
0.333333		0.986761		0.00517306
0.333333		0.989944		0.00510786
0.333333		0.993127		0.00490167
0.333333		0.99631		0.00456571

0.5		0		0.00396418
0.5		0.0031831		0.00399784
0.5		0.0063662		0.00409148
0.5		0.0095493		0.00422556
0.5		0.0127324		0.00437401
0.5		0.0159155		0.00451009
0.5		0.0190986		0.0046106
0.5		0.0222817		0.00465824
0.5		0.0254648		0.00464287
0.5		0.0286479		0.00456219
0.5		0.031831		0.00442239
0.5		0.0350141		0.00423869
0.5		0.0381972		0.00403581
0.5		0.0413803		0.00384731
0.5		0.0445634		0.0037122
0.5		0.0477465		0.00366659
0.5		0.0509296		0.0037314
0.5		0.0541127		0.00390327
0.5		0.0572958		0.00415601
0.5		0.0604789		0.0044508
0.5		0.063662		0.00474676
0.5		0.0668451		0.00500733
0.5		0.0700282		0.00520279
0.5		0.0732113		0.00531099
0.5		0.0763944		0.00531753
0.5		0.0795775		0.00521593
0.5		0.0827606		0.00500832
0.5		0.0859437		0.00470648
0.5		0.0891268		0.00433408
0.5		0.0923099		0.00393018
0.5		0.095493		0.00355376
0.5		0.0986761		0.00328441
0.5		0.101859		0.00320509
0.5		0.105042		0.00335845
0.5		0.108225		0.00371582
0.5		0.111408		0.00420136
0.5		0.114592		0.00473449
0.5		0.117775		0.00524931
0.5		0.120958		0.00569592
0.5		0.124141		0.0060373
0.5		0.127324		0.00624676
0.5		0.130507		0.00630653
0.5		0.13369		0.00620734
0.5		0.136873		0.00594865
0.5		0.140056		0.00553952
0.5		0.143239		0.00500072
0.5		0.146423		0.00436933
0.5		0.149606		0.00370887
0.5		0.152789		0.00312916
0.5		0.155972		0.00280283
0.5		0.159155		0.00289444
0.5		0.162338		0.00338969
0.5		0.165521		0.00412244
0.5		0.168704		0.00493662
0.5		0.171887		0.0057292
0.5		0.17507		0.00643256
0.5		0.178254		0.00699928
0.5		0.181437		0.00739488
0.5		0.18462		0.00759498
0.5		0.187803		0.00758428
0.5		0.190986		0.00735658
0.5		0.194169		0.00691519
0.5		0.197352		0.00627408
0.5		0.200535		0.00546054
0.5		0.203718		0.00452214
0.5		0.206901		0.00354689
0.5		0.210085		0.00272234
0.5		0.213268		0.00242138
0.5		0.216451		0.00290555
0.5		0.219634		0.00389245
0.5		0.222817		0.00504585
0.5		0.226		0.00619266
0.5		0.229183		0.00723929
0.5		0.232366		0.008124
0.5		0.235549		0.00880122
0.5		0.238732		0.00923666
0.5		0.241916		0.00940596
0.5		0.245099		0.00929461
0.5		0.248282		0.00889833
0.5		0.251465		0.00822372
0.5		0.254648		0.00728939
0.5		0.257831		0.0061288
0.5		0.261014		0.00479893
0.5		0.264197		0.00341356
0.5		0.26738		0.00229527
0.5		0.270563		0.00227727
0.5		0.273747		0.00346191
0.5		0.27693		0.00503957
0.5		0.280113		0.00665529
0.5		0.283296		0.00817144
0.5		0.286479		0.00950608
0.5		0.289662		0.0105979
0.5		0.292845		0.0113979
0.5		0.296028		0.0118682
0.5		0.299211		0.0119815
0.5		0.302394		0.0117225
0.5		0.305577		0.0110879
0.5		0.308761		0.0100876
0.5		0.311944		0.00874573
0.5		0.315127		0.0071031
0.5		0.31831		0.00522707
0.5		0.321493		0.00326215
0.5		0.324676		0.00183971
0.5		0.327859		0.0027434
0.5		0.331042		0.00487063
0.5		0.334225		0.00715108
0.5		0.337408		0.00935114
0.5		0.340592		0.0113586
0.5		0.343775		0.0130889
0.5		0.346958		0.0144705
0.5		0.350141		0.0154436
0.5		0.353324		0.0159603
0.5		0.356507		0.0159862
0.5		0.35969		0.0155014
0.5		0.362873		0.0145019
0.5		0.366056		0.0130006
0.5		0.369239		0.0110281
0.5		0.372423		0.00863491
0.5		0.375606		0.00590179
0.5		0.378789		0.00301615
0.5		0.381972		0.00168506
0.5		0.385155		0.0044211
0.5		0.388338		0.00775228
0.5		0.391521		0.0110648
0.5		0.394704		0.0141961
0.5		0.397887		0.0170243
0.5		0.40107		0.0194399
0.5		0.404254		0.0213444
0.5		0.407437		0.0226511
0.5		0.41062		0.0232884
0.5		0.413803		0.0232019
0.5		0.416986		0.0223569
0.5		0.420169		0.0207399
0.5		0.423352		0.0183609
0.5		0.426535		0.0152543
0.5		0.429718		0.0114808
0.5		0.432901		0.00713689
0.5		0.436085		0.00248378
0.5		0.439268		0.00334391
0.5		0.442451		0.00867358
0.5		0.445634		0.0141941
0.5		0.448817		0.0196419
0.5		0.452		0.0248285
0.5		0.455183		0.0295711
0.5		0.458366		0.0336896
0.5		0.461549		0.0370101
0.5		0.464732		0.0393688
0.5		0.467916		0.0406165
0.5		0.471099		0.0406226
0.5		0.474282		0.0392793
0.5		0.477465		0.0365046
0.5		0.480648		0.0322458
0.5		0.483831		0.026482
0.5		0.487014		0.0192261
0.5		0.490197		0.0105324
0.5		0.49338		0.00102145
0.5		0.496563		0.0109782
0.5		0.499747		0.0234184
0.5		0.50293		0.0368181
0.5		0.506113		0.0509681
0.5		0.509296		0.0656462
0.5		0.512479		0.0806137
0.5		0.515662		0.0956195
0.5		0.518845		0.110405
0.5		0.522028		0.124709
0.5		0.525211		0.138276
0.5		0.528394		0.150856
0.5		0.531578		0.162218
0.5		0.534761		0.172148
0.5		0.537944		0.180457
0.5		0.541127		0.186987
0.5		0.54431		0.191611
0.5		0.547493		0.194239
0.5		0.550676		0.194816
0.5		0.553859		0.19333
0.5		0.557042		0.189806
0.5		0.560225		0.184309
0.5		0.563408		0.17694
0.5		0.566592		0.167837
0.5		0.569775		0.157169
0.5		0.572958		0.145136
0.5		0.576141		0.131957
0.5		0.579324		0.117876
0.5		0.582507		0.103146
0.5		0.58569		0.0880298
0.5		0.588873		0.0727929
0.5		0.592056		0.0576964
0.5		0.595239		0.0429928
0.5		0.598423		0.0289199
0.5		0.601606		0.0156963
0.5		0.604789		0.00352176
0.5		0.607972		0.00746225
0.5		0.611155		0.0170853
0.5		0.614338		0.0252613
0.5		0.617521		0.0319205
0.5		0.620704		0.0370297
0.5		0.623887		0.0405905
0.5		0.62707		0.0426389
0.5		0.630254		0.0432427
0.5		0.633437		0.0424994
0.5		0.63662		0.040533
0.5		0.639803		0.03749
0.5		0.642986		0.0335358
0.5		0.646169		0.0288504
0.5		0.649352		0.0236256
0.5		0.652535		0.0180641
0.5		0.655718		0.0123915
0.5		0.658901		0.00694501
0.5		0.662085		0.0032117
0.5		0.665268		0.00568156
0.5		0.668451		0.010041
0.5		0.671634		0.0141061
0.5		0.674817		0.0175638
0.5		0.678		0.020298
0.5		0.681183		0.0222506
0.5		0.684366		0.0233999
0.5		0.687549		0.0237549
0.5		0.690732		0.023354
0.5		0.693916		0.0222636
0.5		0.697099		0.0205797
0.5		0.700282		0.018432
0.5		0.703465		0.0159943
0.5		0.706648		0.0135103
0.5		0.709831		0.0113385
0.5		0.713014		0.00997922
0.5		0.716197		0.00988431
0.5		0.71938		0.0110176
0.5		0.722563		0.0128804
0.5		0.725747		0.0149678
0.5		0.72893		0.0169448
0.5		0.732113		0.0186072
0.5		0.735296		0.0198299
0.5		0.738479		0.0205377
0.5		0.741662		0.0206913
0.5		0.744845		0.0202796
0.5		0.748028		0.0193159
0.5		0.751211		0.0178348
0.5		0.754394		0.0158905
0.5		0.757578		0.0135549
0.5		0.760761		0.0109199
0.5		0.763944		0.00810719
0.5		0.767127		0.00532266
0.5		0.77031		0.00317824
0.5		0.773493		0.0034212
0.5		0.776676		0.00560796
0.5		0.779859		0.00809849
0.5		0.783042		0.0104327
0.5		0.786225		0.0124544
0.5		0.789409		0.0140795
0.5		0.792592		0.0152547
0.5		0.795775		0.0159484
0.5		0.798958		0.0161468
0.5		0.802141		0.0158538
0.5		0.805324		0.0150891
0.5		0.808507		0.013888
0.5		0.81169		0.0123005
0.5		0.814873		0.0103911
0.5		0.818056		0.0082415
0.5		0.82124		0.0059646
0.5		0.824423		0.00377579
0.5		0.827606		0.00241087
0.5		0.830789		0.00323367
0.5		0.833972		0.00517741
0.5		0.837155		0.00721866
0.5		0.840338		0.00909063
0.5		0.843521		0.0106857
0.5		0.846704		0.0119406
0.5		0.849887		0.0128143
0.5		0.85307		0.013283
0.5		0.856254		0.0133376
0.5		0.859437		0.0129836
0.5		0.86262		0.01224
0.5		0.865803		0.0111389
0.5		0.868986		0.00972488
0.5		0.872169		0.00805529
0.5		0.875352		0.00620442
0.5		0.878535		0.00428313
0.5		0.881718		0.00255322
0.5		0.884901		0.00200002
0.5		0.888085		0.00325472
0.5		0.891268		0.00499879
0.5		0.894451		0.0067051
0.5		0.897634		0.0082261
0.5		0.900817		0.00948918
0.5		0.904		0.010448
0.5		0.907183		0.0110723
0.5		0.910366		0.0113454
0.5		0.913549		0.0112635
0.5		0.916732		0.0108346
0.5		0.919916		0.0100786
0.5		0.923099		0.00902661
0.5		0.926282		0.0077207
0.5		0.929465		0.0062154
0.5		0.932648		0.00458483
0.5		0.935831		0.00295995
0.5		0.939014		0.00176444
0.5		0.942197		0.00211606
0.5		0.94538		0.00351739
0.5		0.948563		0.00505127
0.5		0.951747		0.00648158
0.5		0.95493		0.00772009
0.5		0.958113		0.00871508
0.5		0.961296		0.00943197
0.5		0.964479		0.0098488
0.5		0.967662		0.00995503
0.5		0.970845		0.00975104
0.5		0.974028		0.00924779
0.5		0.977211		0.00846646
0.5		0.980394		0.00743815
0.5		0.983578		0.00620423
0.5		0.986761		0.00481909
0.5		0.989944		0.00336393
0.5		0.993127		0.00202491
0.5		0.99631		0.00151222

0.666667		0		0.00867504
0.666667		0.0031831		0.00862247
0.666667		0.0063662		0.00847318
0.666667		0.0095493		0.00825199
0.666667		0.0127324		0.00799876
0.666667		0.0159155		0.00776462
0.666667		0.0190986		0.00760419
0.666667		0.0222817		0.00756312
0.666667		0.0254648		0.00766403
0.666667		0.0286479		0.00789808
0.666667		0.031831		0.00822761
0.666667		0.0350141		0.00859757
0.666667		0.0381972		0.00894861
0.666667		0.0413803		0.00922674
0.666667		0.0445634		0.00938894
0.666667		0.0477465		0.0094061
0.666667		0.0509296		0.00926479
0.666667		0.0541127		0.00896891
0.666667		0.0572958		0.00854178
0.666667		0.0604789		0.00802902
0.666667		0.063662		0.00750131
0.666667		0.0668451		0.00705397
0.666667		0.0700282		0.00679462
0.666667		0.0732113		0.00681037
0.666667		0.0763944		0.00712593
0.666667		0.0795775		0.00768994
0.666667		0.0827606		0.00840332
0.666667		0.0859437		0.00915756
0.666667		0.0891268		0.00985662
0.666667		0.0923099		0.0104235
0.666667		0.095493		0.0108001
0.666667		0.0986761		0.0109467
0.666667		0.101859		0.0108408
0.666667		0.105042		0.010478
0.666667		0.108225		0.0098739
0.666667		0.111408		0.0090678
0.666667		0.114592		0.00813067
0.666667		0.117775		0.00717873
0.666667		0.120958		0.00639024
0.666667		0.124141		0.00599542
0.666667		0.127324		0.00617253
0.666667		0.130507		0.00690081
0.666667		0.13369		0.0079883
0.666667		0.136873		0.00921962
0.666667		0.140056		0.0104265
0.666667		0.143239		0.0114879
0.666667		0.146423		0.0123166
0.666667		0.149606		0.0128501
0.666667		0.152789		0.0130464
0.666667		0.155972		0.0128825
0.666667		0.159155		0.0123545
0.666667		0.162338		0.0114796
0.666667		0.165521		0.0103004
0.666667		0.168704		0.00889456
0.666667		0.171887		0.0073999
0.666667		0.17507		0.00606937
0.666667		0.178254		0.00533805
0.666667		0.181437		0.00563426
0.666667		0.18462		0.00686493
0.666667		0.187803		0.00857611
0.666667		0.190986		0.0104089
0.666667		0.194169		0.0121469
0.666667		0.197352		0.0136516
0.666667		0.200535		0.0148257
0.666667		0.203718		0.0155983
0.666667		0.206901		0.0159202
0.666667		0.210085		0.0157626
0.666667		0.213268		0.0151171
0.666667		0.216451		0.0139978
0.666667		0.219634		0.0124441
0.666667		0.222817		0.0105296
0.666667		0.226		0.00838618
0.666667		0.229183		0.0062838
0.666667		0.232366		0.00486629
0.666667		0.235549		0.00515089
0.666667		0.238732		0.007025
0.666667		0.241916		0.00953021
0.666667		0.245099		0.0121259
0.666667		0.248282		0.0145549
0.666667		0.251465		0.0166607
0.666667		0.254648		0.0183298
0.666667		0.257831		0.0194761
0.666667		0.261014		0.020036
0.666667		0.264197		0.019968
0.666667		0.26738		0.0192541
0.666667		0.270563		0.017901
0.666667		0.273747		0.0159425
0.666667		0.27693		0.013445
0.666667		0.280113		0.0105239
0.666667		0.283296		0.00740911
0.666667		0.286479		0.00477765
0.666667		0.289662		0.00465286
0.666667		0.292845		0.00740352
0.666667		0.296028		0.0110179
0.666667		0.299211		0.0146944
0.666667		0.302394		0.0181332
0.666667		0.305577		0.0211504
0.666667		0.308761		0.0236045
0.666667		0.311944		0.0253802
0.666667		0.315127		0.0263865
0.666667		0.31831		0.0265579
0.666667		0.321493		0.025856
0.666667		0.324676		0.024272
0.666667		0.327859		0.0218288
0.666667		0.331042		0.0185843
0.666667		0.334225		0.0146402
0.666667		0.337408		0.010178
0.666667		0.340592		0.00569547
0.666667		0.343775		0.00407408
0.666667		0.346958		0.00811305
0.666667		0.350141		0.0134935
0.666667		0.353324		0.018937
0.666667		0.356507		0.024085
0.666667		0.35969		0.0287032
0.666667		0.362873		0.0325945
0.666667		0.366056		0.0355864
0.666667		0.369239		0.0375315
0.666667		0.372423		0.0383111
0.666667		0.375606		0.0378396
0.666667		0.378789		0.0360678
0.666667		0.381972		0.0329867
0.666667		0.385155		0.028631
0.666667		0.388338		0.0230837
0.666667		0.391521		0.0164911
0.666667		0.394704		0.00915884
0.666667		0.397887		0.00347027
0.666667		0.40107		0.00950576
0.666667		0.404254		0.018378
0.666667		0.407437		0.027456
0.666667		0.41062		0.0362843
0.666667		0.413803		0.0445226
0.666667		0.416986		0.0518508
0.666667		0.420169		0.0579615
0.666667		0.423352		0.0625642
0.666667		0.426535		0.0653923
0.666667		0.429718		0.06621
0.666667		0.432901		0.0648194
0.666667		0.436085		0.0610673
0.666667		0.439268		0.0548508
0.666667		0.442451		0.0461226
0.666667		0.445634		0.0348986
0.666667		0.448817		0.0212832
0.666667		0.452		0.00592235
0.666667		0.455183		0.0135287
0.666667		0.458366		0.0333885
0.666667		0.461549		0.0550318
0.666667		0.464732		0.0779939
0.666667		0.467916		0.101883
0.666667		0.471099		0.12629
0.666667		0.474282		0.150787
0.666667		0.477465		0.174936
0.666667		0.480648		0.198293
0.666667		0.483831		0.220423
0.666667		0.487014		0.240908
0.666667		0.490197		0.259355
0.666667		0.49338		0.275406
0.666667		0.496563		0.288748
0.666667		0.499747		0.299118
0.666667		0.50293		0.306312
0.666667		0.506113		0.310185
0.666667		0.509296		0.310659
0.666667		0.512479		0.307725
0.666667		0.515662		0.301439
0.666667		0.518845		0.291924
0.666667		0.522028		0.279367
0.666667		0.525211		0.264014
0.666667		0.528394		0.246163
0.666667		0.531578		0.226159
0.666667		0.534761		0.204387
0.666667		0.537944		0.181258
0.666667		0.541127		0.157205
0.666667		0.54431		0.13267
0.666667		0.547493		0.108097
0.666667		0.550676		0.0839168
0.666667		0.553859		0.0605466
0.666667		0.557042		0.0383796
0.666667		0.560225		0.017815
0.666667		0.563408		0.00283267
0.666667		0.566592		0.018117
0.666667		0.569775		0.032481
0.666667		0.572958		0.0444656
0.666667		0.576141		0.053948
0.666667		0.579324		0.0608958
0.666667		0.582507		0.0653401
0.666667		0.58569		0.0673688
0.666667		0.588873		0.0671217
0.666667		0.592056		0.0647852
0.666667		0.595239		0.0605856
0.666667		0.598423		0.0547826
0.666667		0.601606		0.0476611
0.666667		0.604789		0.0395241
0.666667		0.607972		0.0306851
0.666667		0.611155		0.0214645
0.666667		0.614338		0.0122037
0.666667		0.617521		0.0036246
0.666667		0.620704		0.00629512
0.666667		0.623887		0.0140671
0.666667		0.62707		0.0211167
0.666667		0.630254		0.0271359
0.666667		0.633437		0.0319766
0.666667		0.63662		0.035548
0.666667		0.639803		0.0378057
0.666667		0.642986		0.0387487
0.666667		0.646169		0.038416
0.666667		0.649352		0.0368842
0.666667		0.652535		0.0342628
0.666667		0.655718		0.03069
0.666667		0.658901		0.0263273
0.666667		0.662085		0.0213546
0.666667		0.665268		0.0159658
0.666667		0.668451		0.0103718
0.666667		0.671634		0.00486495
0.666667		0.674817		0.00206456
0.666667		0.678		0.00652092
0.666667		0.681183		0.0111929
0.666667		0.684366		0.0153383
0.666667		0.687549		0.0188046
0.666667		0.690732		0.0215037
0.666667		0.693916		0.0233837
0.666667		0.697099		0.0244255
0.666667		0.700282		0.0246399
0.666667		0.703465		0.0240665
0.666667		0.706648		0.022771
0.666667		0.709831		0.0208422
0.666667		0.713014		0.0183881
0.666667		0.716197		0.0155318
0.666667		0.71938		0.0124069
0.666667		0.722563		0.00915331
0.666667		0.725747		0.00591436
0.666667		0.72893		0.00284905
0.666667		0.732113		0.000746341
0.666667		0.735296		0.00269438
0.666667		0.738479		0.00468438
0.666667		0.741662		0.00619535
0.666667		0.744845		0.00718608
0.666667		0.748028		0.00768451
0.666667		0.751211		0.00779831
0.666667		0.754394		0.00775129
0.666667		0.757578		0.00791071
0.666667		0.760761		0.00870324
0.666667		0.763944		0.0103718
0.666667		0.767127		0.0128557
0.666667		0.77031		0.0159356
0.666667		0.773493		0.0193781
0.666667		0.776676		0.0229776
0.666667		0.779859		0.0265549
0.666667		0.783042		0.0299512
0.666667		0.786225		0.033025
0.666667		0.789409		0.0356518
0.666667		0.792592		0.0377252
0.666667		0.795775		0.0391585
0.666667		0.798958		0.0398863
0.666667		0.802141		0.0398663
0.666667		0.805324		0.0390796
0.666667		0.808507		0.0375314
0.666667		0.81169		0.0352506
0.666667		0.814873		0.0322886
0.666667		0.818056		0.0287182
0.666667		0.82124		0.0246316
0.666667		0.824423		0.020139
0.666667		0.827606		0.0153688
0.666667		0.830789		0.0104791
0.666667		0.833972		0.00573952
0.666667		0.837155		0.00263124
0.666667		0.840338		0.00528556
0.666667		0.843521		0.00936143
0.666667		0.846704		0.0131998
0.666667		0.849887		0.0165512
0.666667		0.85307		0.0193017
0.666667		0.856254		0.0213787
0.666667		0.859437		0.0227369
0.666667		0.86262		0.023355
0.666667		0.865803		0.0232346
0.666667		0.868986		0.0223999
0.666667		0.872169		0.0208961
0.666667		0.875352		0.0187883
0.666667		0.878535		0.0161599
0.666667		0.881718		0.0131121
0.666667		0.884901		0.00976714
0.666667		0.888085		0.00629418
0.666667		0.891268		0.00312687
0.666667		0.894451		0.00277358
0.666667		0.897634		0.00563231
0.666667		0.900817		0.00878166
0.666667		0.904		0.011693
0.666667		0.907183		0.0142114
0.666667		0.910366		0.0162462
0.666667		0.913549		0.0177351
0.666667		0.916732		0.0186385
0.666667		0.919916		0.0189376
0.666667		0.923099		0.018634
0.666667		0.926282		0.0177488
0.666667		0.929465		0.0163219
0.666667		0.932648		0.0144111
0.666667		0.935831		0.0120907
0.666667		0.939014		0.00945334
0.666667		0.942197		0.00662068
0.666667		0.94538		0.0038166
0.666667		0.948563		0.00208431
0.666667		0.951747		0.00367052
0.666667		0.95493		0.00631069
0.666667		0.958113		0.00889868
0.666667		0.961296		0.0112183
0.666667		0.964479		0.0131674
0.666667		0.967662		0.014678
0.666667		0.970845		0.0157033
0.666667		0.974028		0.0162156
0.666667		0.977211		0.0162049
0.666667		0.980394		0.0156793
0.666667		0.983578		0.0146635
0.666667		0.986761		0.0131989
0.666667		0.989944		0.0113425
0.666667		0.993127		0.00916693
0.666667		0.99631		0.00676636

0.833333		0		0.037693
0.833333		0.0031831		0.0375168
0.833333		0.0063662		0.0370215
0.833333		0.0095493		0.0363043
0.833333		0.0127324		0.0355176
0.833333		0.0159155		0.0348496
0.833333		0.0190986		0.0344906
0.833333		0.0222817		0.0345874
0.833333		0.0254648		0.0351976
0.833333		0.0286479		0.0362688
0.833333		0.031831		0.0376513
0.833333		0.0350141		0.0391362
0.833333		0.0381972		0.0404989
0.833333		0.0413803		0.0415325
0.833333		0.0445634		0.0420694
0.833333		0.0477465		0.0419953
0.833333		0.0509296		0.0412584
0.833333		0.0541127		0.0398785
0.833333		0.0572958		0.0379582
0.833333		0.0604789		0.0356974
0.833333		0.063662		0.0334065
0.833333		0.0668451		0.0315056
0.833333		0.0700282		0.0304685
0.833333		0.0732113		0.0306762
0.833333		0.0763944		0.0322338
0.833333		0.0795775		0.0349145
0.833333		0.0827606		0.038284
0.833333		0.0859437		0.0418653
0.833333		0.0891268		0.0452316
0.833333		0.0923099		0.0480345
0.833333		0.095493		0.0500039
0.833333		0.0986761		0.0509445
0.833333		0.101859		0.0507332
0.833333		0.105042		0.0493221
0.833333		0.108225		0.0467463
0.833333		0.111408		0.0431402
0.833333		0.114592		0.0387707
0.833333		0.117775		0.0341002
0.833333		0.120958		0.0298892
0.833333		0.124141		0.0272564
0.833333		0.127324		0.0273371
0.833333		0.130507		0.0304029
0.833333		0.13369		0.0356336
0.833333		0.136873		0.0419078
0.833333		0.140056		0.0483257
0.833333		0.143239		0.0542439
0.833333		0.146423		0.0591942
0.833333		0.149606		0.0628271
0.833333		0.152789		0.0648847
0.833333		0.155972		0.065191
0.833333		0.159155		0.0636518
0.833333		0.162338		0.0602603
0.833333		0.165521		0.0551116
0.833333		0.168704		0.048433
0.833333		0.171887		0.04066
0.833333		0.17507		0.0326392
0.833333		0.178254		0.026141
0.833333		0.181437		0.0243021
0.833333		0.18462		0.0289753
0.833333		0.187803		0.0379796
0.833333		0.190986		0.0486403
0.833333		0.194169		0.0594255
0.833333		0.197352		0.069439
0.833333		0.200535		0.0780583
0.833333		0.203718		0.0848016
0.833333		0.206901		0.0892851
0.833333		0.210085		0.0912116
0.833333		0.213268		0.090373
0.833333		0.216451		0.0866563
0.833333		0.219634		0.0800563
0.833333		0.222817		0.0706946
0.833333		0.226		0.0588663
0.833333		0.229183		0.0451852
0.833333		0.232366		0.0311824
0.833333		0.235549		0.0220845
0.833333		0.238732		0.0277932
0.833333		0.241916		0.0440026
0.833333		0.245099		0.063173
0.833333		0.248282		0.0826847
0.833333		0.251465		0.101302
0.833333		0.254648		0.118133
0.833333		0.257831		0.132407
0.833333		0.261014		0.143431
0.833333		0.264197		0.15058
0.833333		0.26738		0.153308
0.833333		0.270563		0.151159
0.833333		0.273747		0.143783
0.833333		0.27693		0.130952
0.833333		0.280113		0.112584
0.833333		0.283296		0.0887977
0.833333		0.286479		0.0601337
0.833333		0.289662		0.0294479
0.833333		0.292845		0.0270477
0.833333		0.296028		0.0656758
0.833333		0.299211		0.112399
0.833333		0.302394		0.162892
0.833333		0.305577		0.215835
0.833333		0.308761		0.270201
0.833333		0.311944		0.324998
0.833333		0.315127		0.379231
0.833333		0.31831		0.431907
0.833333		0.321493		0.482051
0.833333		0.324676		0.528722
0.833333		0.327859		0.571039
0.833333		0.331042		0.608196
0.833333		0.334225		0.639479
0.833333		0.337408		0.664288
0.833333		0.340592		0.682144
0.833333		0.343775		0.692704
0.833333		0.346958		0.695769
0.833333		0.350141		0.691285
0.833333		0.353324		0.679347
0.833333		0.356507		0.660196
0.833333		0.35969		0.634214
0.833333		0.362873		0.601912
0.833333		0.366056		0.563922
0.833333		0.369239		0.520978
0.833333		0.372423		0.473902
0.833333		0.375606		0.423586
0.833333		0.378789		0.37097
0.833333		0.381972		0.317021
0.833333		0.385155		0.262716
0.833333		0.388338		0.209025
0.833333		0.391521		0.156902
0.833333		0.394704		0.107313
0.833333		0.397887		0.0614467
0.833333		0.40107		0.0232817
0.833333		0.404254		0.028358
0.833333		0.407437		0.0590652
0.833333		0.41062		0.0868815
0.833333		0.413803		0.109723
0.833333		0.416986		0.127202
0.833333		0.420169		0.139262
0.833333		0.423352		0.146019
0.833333		0.426535		0.147723
0.833333		0.429718		0.144735
0.833333		0.432901		0.137511
0.833333		0.436085		0.126588
0.833333		0.439268		0.112569
0.833333		0.442451		0.0961133
0.833333		0.445634		0.0779284
0.833333		0.448817		0.0587967
0.833333		0.452		0.0397109
0.833333		0.455183		0.0227084
0.833333		0.458366		0.0159828
0.833333		0.461549		0.0262886
0.833333		0.464732		0.0406391
0.833333		0.467916		0.0540972
0.833333		0.471099		0.0655338
0.833333		0.474282		0.0744994
0.833333		0.477465		0.0807744
0.833333		0.480648		0.084275
0.833333		0.483831		0.0850227
0.833333		0.487014		0.0831309
0.833333		0.490197		0.078794
0.833333		0.49338		0.0722796
0.833333		0.496563		0.0639212
0.833333		0.499747		0.0541174
0.833333		0.50293		0.0433471
0.833333		0.506113		0.0322431
0.833333		0.509296		0.0219034
0.833333		0.512479		0.0151465
0.833333		0.515662		0.0167108
0.833333		0.518845		0.024187
0.833333		0.522028		0.0327991
0.833333		0.525211		0.0408014
0.833333		0.528394		0.0475497
0.833333		0.531578		0.052732
0.833333		0.534761		0.056185
0.833333		0.537944		0.0578414
0.833333		0.541127		0.0577103
0.833333		0.54431		0.0558679
0.833333		0.547493		0.052451
0.833333		0.550676		0.0476528
0.833333		0.553859		0.0417222
0.833333		0.557042		0.0349729
0.833333		0.560225		0.0278188
0.833333		0.563408		0.0208948
0.833333		0.566592		0.0154217
0.833333		0.569775		0.0136134
0.833333		0.572958		0.0163846
0.833333		0.576141		0.0214699
0.833333		0.579324		0.0269326
0.833333		0.582507		0.0319141
0.833333		0.58569		0.0360179
0.833333		0.588873		0.039038
0.833333		0.592056		0.0408707
0.833333		0.595239		0.0414829
0.833333		0.598423		0.0408983
0.833333		0.601606		0.0391904
0.833333		0.604789		0.0364781
0.833333		0.607972		0.0329234
0.833333		0.611155		0.0287336
0.833333		0.614338		0.0241742
0.833333		0.617521		0.0196042
0.833333		0.620704		0.0155633
0.833333		0.623887		0.0128897
0.833333		0.62707		0.0124601
0.833333		0.630254		0.0141682
0.833333		0.633437		0.0169636
0.833333		0.63662		0.0199496
0.833333		0.639803		0.0226346
0.833333		0.642986		0.0247691
0.833333		0.646169		0.0262326
0.833333		0.649352		0.0269824
0.833333		0.652535		0.0270299
0.833333		0.655718		0.0264283
0.833333		0.658901		0.0252638
0.833333		0.662085		0.0236473
0.833333		0.665268		0.0217055
0.833333		0.668451		0.0195705
0.833333		0.671634		0.0173654
0.833333		0.674817		0.0151882
0.833333		0.678		0.0130922
0.833333		0.681183		0.0110709
0.833333		0.684366		0.00905353
0.833333		0.687549		0.00691786
0.833333		0.690732		0.00451716
0.833333		0.693916		0.00171096
0.833333		0.697099		0.00161142
0.833333		0.700282		0.00551807
0.833333		0.703465		0.0100309
0.833333		0.706648		0.015127
0.833333		0.709831		0.0207433
0.833333		0.713014		0.026782
0.833333		0.716197		0.0331161
0.833333		0.71938		0.0395963
0.833333		0.722563		0.0460571
0.833333		0.725747		0.0523233
0.833333		0.72893		0.0582168
0.833333		0.732113		0.0635626
0.833333		0.735296		0.0681956
0.833333		0.738479		0.0719655
0.833333		0.741662		0.074743
0.833333		0.744845		0.0764236
0.833333		0.748028		0.076932
0.833333		0.751211		0.0762243
0.833333		0.754394		0.0742909
0.833333		0.757578		0.0711565
0.833333		0.760761		0.0668814
0.833333		0.763944		0.0615603
0.833333		0.767127		0.0553221
0.833333		0.77031		0.04833
0.833333		0.773493		0.0407852
0.833333		0.776676		0.0329405
0.833333		0.779859		0.0251456
0.833333		0.783042		0.0180027
0.833333		0.786225		0.012867
0.833333		0.789409		0.0121665
0.833333		0.792592		0.0158299
0.833333		0.795775		0.0210426
0.833333		0.798958		0.0262338
0.833333		0.802141		0.0307974
0.833333		0.805324		0.034458
0.833333		0.808507		0.0370724
0.833333		0.81169		0.0385698
0.833333		0.814873		0.0389318
0.833333		0.818056		0.0381836
0.833333		0.82124		0.0363904
0.833333		0.824423		0.0336552
0.833333		0.827606		0.0301202
0.833333		0.830789		0.0259727
0.833333		0.833972		0.0214658
0.833333		0.837155		0.0169759
0.833333		0.840338		0.0131543
0.833333		0.843521		0.0111297
0.833333		0.846704		0.0118694
0.833333		0.849887		0.0147089
0.833333		0.85307		0.0183296
0.833333		0.856254		0.02193
0.833333		0.859437		0.0251069
0.833333		0.86262		0.027641
0.833333		0.865803		0.0294061
0.833333		0.868986		0.0303349
0.833333		0.872169		0.0304053
0.833333		0.875352		0.0296343
0.833333		0.878535		0.0280755
0.833333		0.881718		0.0258183
0.833333		0.884901		0.0229911
0.833333		0.888085		0.0197707
0.833333		0.891268		0.0164078
0.833333		0.894451		0.0132882
0.833333		0.897634		0.0110288
0.833333		0.900817		0.0103858
0.833333		0.904		0.0115473
0.833333		0.907183		0.0138285
0.833333		0.910366		0.0164582
0.833333		0.913549		0.0189566
0.833333		0.916732		0.0210537
0.833333		0.919916		0.0225935
0.833333		0.923099		0.0234879
0.833333		0.926282		0.0236981
0.833333		0.929465		0.0232262
0.833333		0.932648		0.0221139
0.833333		0.935831		0.0204447
0.833333		0.939014		0.0183527
0.833333		0.942197		0.0160426
0.833333		0.94538		0.013827
0.833333		0.948563		0.0121687
0.833333		0.951747		0.0116082
0.833333		0.95493		0.0124097
0.833333		0.958113		0.0142947
0.833333		0.961296		0.0167398
0.833333		0.964479		0.0193071
0.833333		0.967662		0.0217001
0.833333		0.970845		0.0237227
0.833333		0.974028		0.0252434
0.833333		0.977211		0.0261769
0.833333		0.980394		0.0264749
0.833333		0.983578		0.0261215
0.833333		0.986761		0.0251318
0.833333		0.989944		0.0235509
0.833333		0.993127		0.0214563
0.833333		0.99631		0.0189629

1		0		0.384969
1		0.0031831		0.369011
1		0.0063662		0.325127
1		0.0095493		0.269265
1		0.0127324		0.242591
1		0.0159155		0.297572
1		0.0190986		0.425495
1		0.0222817		0.588092
1		0.0254648		0.760479
1		0.0286479		0.926158
1		0.031831		1.07165
1		0.0350141		1.18483
1		0.0381972		1.25458
1		0.0413803		1.27085
1		0.0445634		1.22489
1		0.0477465		1.1095
1		0.0509296		0.919362
1		0.0541127		0.651483
1		0.0572958		0.307828
1		0.0604789		0.15352
1		0.063662		0.640509
1		0.0668451		1.21317
1		0.0700282		1.85039
1		0.0732113		2.54158
1		0.0763944		3.27513
1		0.0795775		4.03802
1		0.0827606		4.81602
1		0.0859437		5.59403
1		0.0891268		6.35641
1		0.0923099		7.08738
1		0.095493		7.77141
1		0.0986761		8.39364
1		0.101859		8.94022
1		0.105042		9.39873
1		0.108225		9.75843
1		0.111408		10.0106
1		0.114592		10.1488
1		0.117775		10.169
1		0.120958		10.0695
1		0.124141		9.85154
1		0.127324		9.51864
1		0.130507		9.0769
1		0.13369		8.53475
1		0.136873		7.90277
1		0.140056		7.19338
1		0.143239		6.42062
1		0.146423		5.59971
1		0.149606		4.74677
1		0.152789		3.87835
1		0.155972		3.0111
1		0.159155		2.16132
1		0.162338		1.34464
1		0.165521		0.575742
1		0.168704		0.135945
1		0.171887		0.770458
1		0.17507		1.32539
1		0.178254		1.79168
1		0.181437		2.1642
1		0.18462		2.44026
1		0.187803		2.61951
1		0.190986		2.70391
1		0.194169		2.69762
1		0.197352		2.60683
1		0.200535		2.43955
1		0.203718		2.20535
1		0.206901		1.91506
1		0.210085		1.58046
1		0.213268		1.21395
1		0.216451		0.82821
1		0.219634		0.435889
1		0.222817		0.0510932
1		0.226		0.321676
1		0.229183		0.664031
1		0.232366		0.969904
1		0.235549		1.23146
1		0.238732		1.44257
1		0.241916		1.59888
1		0.245099		1.69782
1		0.248282		1.73863
1		0.251465		1.72234
1		0.254648		1.65166
1		0.257831		1.53081
1		0.261014		1.3654
1		0.264197		1.1622
1		0.26738		0.928888
1		0.270563		0.673796
1		0.273747		0.405655
1		0.27693		0.133321
1		0.280113		0.134611
1		0.283296		0.38971
1		0.286479		0.62444
1		0.289662		0.83202
1		0.292845		1.00673
1		0.296028		1.14402
1		0.299211		1.24066
1		0.302394		1.29476
1		0.305577		1.3058
1		0.308761		1.27465
1		0.311944		1.20343
1		0.315127		1.09549
1		0.31831		0.955233
1		0.321493		0.787956
1		0.324676		0.599683
1		0.327859		0.396969
1		0.331042		0.186832
1		0.334225		0.0300747
1		0.337408		0.231172
1		0.340592		0.423946
1		0.343775		0.598696
1		0.346958		0.750149
1		0.350141		0.873987
1		0.353324		0.966881
1		0.356507		1.02656
1		0.35969		1.05185
1		0.362873		1.04271
1		0.366056		1.00018
1		0.369239		0.926338
1		0.372423		0.82421
1		0.375606		0.697664
1		0.378789		0.551261
1		0.381972		0.390102
1		0.385155		0.219661
1		0.388338		0.0457051
1		0.391521		0.126614
1		0.394704		0.291156
1		0.397887		0.443087
1		0.40107		0.577751
1		0.404254		0.691149
1		0.407437		0.780039
1		0.41062		0.842024
1		0.413803		0.875612
1		0.416986		0.880246
1		0.420169		0.856311
1		0.423352		0.805097
1		0.426535		0.728749
1		0.429718		0.630183
1		0.432901		0.512977
1		0.436085		0.381249
1		0.439268		0.239524
1		0.442451		0.092643
1		0.445634		0.0553115
1		0.448817		0.19809
1		0.452		0.33213
1		0.455183		0.453042
1		0.458366		0.557101
1		0.461549		0.641196
1		0.464732		0.702916
1		0.467916		0.740613
1		0.471099		0.753446
1		0.474282		0.741398
1		0.477465		0.705264
1		0.480648		0.646619
1		0.483831		0.567755
1		0.487014		0.471612
1		0.490197		0.361688
1		0.49338		0.242003
1		0.496563		0.117543
1		0.499747		0.0297322
1		0.50293		0.14062
1		0.506113		0.257485
1		0.509296		0.364325
1		0.512479		0.457081
1		0.515662		0.532624
1		0.518845		0.588505
1		0.522028		0.622973
1		0.525211		0.635026
1		0.528394		0.624443
1		0.531578		0.591826
1		0.534761		0.538642
1		0.537944		0.467348
1		0.541127		0.381754
1		0.54431		0.288346
1		0.547493		0.201572
1		0.550676		0.16074
1		0.553859		0.207447
1		0.557042		0.304205
1		0.560225		0.413082
1		0.563408		0.519587
1		0.566592		0.616791
1		0.569775		0.700241
1		0.572958		0.766707
1		0.576141		0.813828
1		0.579324		0.840018
1		0.582507		0.844434
1		0.58569		0.826964
1		0.588873		0.78821
1		0.592056		0.729453
1		0.595239		0.652614
1		0.598423		0.560199
1		0.601606		0.455271
1		0.604789		0.341494
1		0.607972		0.223661
1		0.611155		0.112124
1		0.614338		0.0760261
1		0.617521		0.166008
1		0.620704		0.269435
1		0.623887		0.364843
1		0.62707		0.447093
1		0.630254		0.513284
1		0.633437		0.561452
1		0.63662		0.590354
1		0.639803		0.599417
1		0.642986		0.588721
1		0.646169		0.558976
1		0.649352		0.511495
1		0.652535		0.44814
1		0.655718		0.371281
1		0.658901		0.283753
1		0.662085		0.18897
1		0.665268		0.0923053
1		0.668451		0.0406127
1		0.671634		0.123043
1		0.674817		0.215506
1		0.678		0.301357
1		0.681183		0.376805
1		0.684366		0.439281
1		0.687549		0.486839
1		0.690732		0.518087
1		0.693916		0.5322
1		0.697099		0.528924
1		0.700282		0.508573
1		0.703465		0.472015
1		0.706648		0.420635
1		0.709831		0.356295
1		0.713014		0.281288
1		0.716197		0.198333
1		0.71938		0.110927
1		0.722563		0.0319245
1		0.725747		0.0799865
1		0.72893		0.164974
1		0.732113		0.245582
1		0.735296		0.317835
1		0.738479		0.379227
1		0.741662		0.427803
1		0.744845		0.462093
1		0.748028		0.48112
1		0.751211		0.484419
1		0.754394		0.472042
1		0.757578		0.44455
1		0.760761		0.402992
1		0.763944		0.348867
1		0.767127		0.284081
1		0.77031		0.210913
1		0.773493		0.13208
1		0.776676		0.0521233
1		0.779859		0.0424415
1		0.783042		0.120033
1		0.786225		0.196281
1		0.789409		0.265923
1		0.792592		0.326452
1		0.795775		0.375908
1		0.798958		0.412762
1		0.802141		0.435926
1		0.805324		0.444772
1		0.808507		0.439148
1		0.81169		0.419373
1		0.814873		0.386228
1		0.818056		0.340924
1		0.82124		0.285066
1		0.824423		0.220611
1		0.827606		0.149857
1		0.830789		0.0757385
1		0.833972		0.018325
1		0.837155		0.0811747
1		0.840338		0.152704
1		0.843521		0.219112
1		0.846704		0.277782
1		0.849887		0.326739
1		0.85307		0.364399
1		0.856254		0.389578
1		0.859437		0.401509
1		0.86262		0.399865
1		0.865803		0.38476
1		0.868986		0.356746
1		0.872169		0.316789
1		0.875352		0.266237
1		0.878535		0.206774
1		0.881718		0.140373
1		0.884901		0.069278
1		0.888085		0.00771837
1		0.891268		0.0787371
1		0.894451		0.150145
1		0.897634		0.217064
1		0.900817		0.277314
1		0.904		0.328984
1		0.907183		0.370456
1		0.910366		0.400451
1		0.913549		0.418065
1		0.916732		0.422796
1		0.919916		0.414557
1		0.923099		0.393678
1		0.926282		0.360892
1		0.929465		0.31731
1		0.932648		0.264389
1		0.935831		0.203896
1		0.939014		0.137898
1		0.942197		0.0690458
1		0.94538		0.017006
1		0.948563		0.0761521
1		0.951747		0.142358
1		0.95493		0.203861
1		0.958113		0.258338
1		0.961296		0.304026
1		0.964479		0.339519
1		0.967662		0.363762
1		0.970845		0.376072
1		0.974028		0.376159
1		0.977211		0.364125
1		0.980394		0.340461
1		0.983578		0.30603
1		0.986761		0.262037
1		0.989944		0.209993
1		0.993127		0.151694
1		0.99631		0.0892726

