0			0			1.30334e-16
1			0			7.346e-17
2			0			1.52847e-16
3			0			1.0055e-16
4			0			1.2504e-16
5			0			-5.87025e-17
6			0			4.21841e-17
7			0			-1.72269e-16
8			0			-2.64164e-17
9			0			-9.06283e-17
10			0			-1.74762e-16
11			0			-9.14957e-17

0			0.05			5.03759e-18
1			0.05			9.34741e-17
2			0.05			1.99578e-16
3			0.05			8.74385e-17
4			0.05			1.45886e-16
5			0.05			-6.01374e-17
6			0.05			5.20383e-17
7			0.05			-1.68205e-16
8			0.05			2.04731e-18
9			0.05			-8.02436e-17
10			0.05			-1.54403e-16
11			0.05			-9.1953e-17

0			0.1			9.64067e-17
1			0.1			8.05581e-17
2			0.1			1.69253e-16
3			0.1			7.51969e-17
4			0.1			1.72196e-16
5			0.1			-7.54364e-17
6			0.1			4.7369e-17
7			0.1			-1.52807e-16
8			0.1			-3.63353e-17
9			0.1			-9.44485e-17
10			0.1			-4.02384e-17
11			0.1			-1.85955e-16

0			0.15			4.20227e-17
1			0.15			4.73119e-17
2			0.15			2.24105e-16
3			0.15			2.9786e-17
4			0.15			1.9712e-16
5			0.15			-6.73592e-17
6			0.15			7.85307e-17
7			0.15			-1.35663e-16
8			0.15			-3.38876e-18
9			0.15			-1.294e-16
10			0.15			-7.21543e-17
11			0.15			-1.27665e-16

0			0.2			5.76895e-17
1			0.2			1.00909e-16
2			0.2			1.76024e-16
3			0.2			5.66921e-18
4			0.2			2.3628e-16
5			0.2			-9.81549e-17
6			0.2			7.78115e-17
7			0.2			-1.7928e-16
8			0.2			3.1493e-18
9			0.2			-1.07765e-16
10			0.2			-8.91163e-17
11			0.2			-1.16872e-16

0			0.25			8.29141e-17
1			0.25			1.42339e-16
2			0.25			1.34679e-16
3			0.25			4.44467e-17
4			0.25			1.7579e-16
5			0.25			-2.84046e-17
6			0.25			-3.10369e-17
7			0.25			-1.39881e-16
8			0.25			-4.66572e-17
9			0.25			-7.85463e-17
10			0.25			-1.04134e-16
11			0.25			-9.71946e-17

0			0.3			7.35315e-17
1			0.3			1.02189e-16
2			0.3			1.45136e-16
3			0.3			6.00832e-18
4			0.3			1.87837e-16
5			0.3			-2.83144e-17
6			0.3			-1.82902e-17
7			0.3			-1.52912e-16
8			0.3			-4.18665e-17
9			0.3			-9.04388e-17
10			0.3			-1.66767e-16
11			0.3			-4.18665e-17

0			0.35			1.39605e-16
1			0.35			1.28703e-16
2			0.35			1.52222e-16
3			0.35			3.51918e-17
4			0.35			1.9623e-16
5			0.35			-4.29879e-17
6			0.35			-5.71629e-18
7			0.35			-1.46976e-16
8			0.35			-4.65008e-17
9			0.35			-6.45663e-17
10			0.35			-1.83395e-16
11			0.35			-4.4617e-17

0			0.4			2.6051e-16
1			0.4			1.10049e-16
2			0.4			1.64817e-16
3			0.4			1.09426e-17
4			0.4			2.08195e-16
5			0.4			-5.28028e-17
6			0.4			1.97759e-17
7			0.4			-1.50327e-16
8			0.4			-4.2716e-17
9			0.4			-1.10045e-16
10			0.4			-1.8724e-16
11			0.4			-1.03973e-16

0			0.45			1.6522e-16
1			0.45			1.02264e-16
2			0.45			1.54304e-16
3			0.45			6.13667e-17
4			0.45			1.56924e-16
5			0.45			-6.77409e-18
6			0.45			8.25867e-18
7			0.45			-1.23463e-16
8			0.45			-1.12489e-17
9			0.45			-5.98889e-17
10			0.45			-1.24941e-16
11			0.45			-1.24941e-16

0			0.5			1.69198e-16
1			0.5			1.35462e-16
2			0.5			1.18639e-16
3			0.5			5.39233e-17
4			0.5			2.26741e-16
5			0.5			-6.39467e-17
6			0.5			2.60134e-17
7			0.5			-1.94325e-16
8			0.5			-1.23772e-17
9			0.5			-7.94893e-17
10			0.5			-1.79236e-16
11			0.5			-1.96413e-17

0			0.55			8.38725e-17
1			0.55			1.2729e-16
2			0.55			1.70169e-16
3			0.55			5.63818e-17
4			0.55			2.37026e-16
5			0.55			-7.60915e-17
6			0.55			2.05954e-17
7			0.55			-2.23357e-16
8			0.55			2.92321e-17
9			0.55			-1.25985e-16
10			0.55			-1.07337e-16
11			0.55			-5.18256e-17

0			0.6			5.95039e-17
1			0.6			1.54285e-16
2			0.6			1.39892e-16
3			0.6			7.09492e-17
4			0.6			1.80175e-16
5			0.6			1.30052e-19
6			0.6			-1.48912e-17
7			0.6			-1.93168e-16
8			0.6			-1.5049e-17
9			0.6			-4.87541e-17
10			0.6			-1.8146e-16
11			0.6			-1.04924e-18

0			0.65			1.33671e-16
1			0.65			1.72808e-16
2			0.65			1.31071e-16
3			0.65			7.74342e-17
4			0.65			2.00337e-16
5			0.65			1.16335e-17
6			0.65			-2.76976e-17
7			0.65			-2.22984e-16
8			0.65			2.19046e-18
9			0.65			-6.04493e-17
10			0.65			-1.51522e-16
11			0.65			-4.74389e-17

0			0.7			1.92439e-16
1			0.7			1.76843e-16
2			0.7			1.83936e-16
3			0.7			8.42537e-17
4			0.7			2.17671e-16
5			0.7			-4.78099e-17
6			0.7			6.55442e-18
7			0.7			-2.15263e-16
8			0.7			-4.87768e-18
9			0.7			-1.19668e-16
10			0.7			-1.80817e-16
11			0.7			-5.59165e-17

0			0.75			1.51915e-16
1			0.75			1.93919e-16
2			0.75			1.86256e-16
3			0.75			6.81242e-17
4			0.75			2.46975e-16
5			0.75			-4.52414e-17
6			0.75			2.8049e-17
7			0.75			-2.27403e-16
8			0.75			-1.48523e-17
9			0.75			-1.00369e-16
10			0.75			-1.40267e-16
11			0.75			-7.08785e-17

0			0.8			1.73422e-16
1			0.8			1.61784e-16
2			0.8			1.60632e-16
3			0.8			9.36244e-17
4			0.8			2.64297e-16
5			0.8			7.49891e-18
6			0.8			8.94142e-18
7			0.8			-2.80877e-16
8			0.8			-4.09565e-17
9			0.8			-1.26202e-16
10			0.8			-1.98193e-16
11			0.8			-4.55373e-17

0			0.85			1.03952e-16
1			0.85			1.42389e-16
2			0.85			1.83908e-16
3			0.85			7.61272e-17
4			0.85			2.71054e-16
5			0.85			-1.19269e-18
6			0.85			-2.41406e-17
7			0.85			-2.80743e-16
8			0.85			-3.15434e-17
9			0.85			-9.57688e-17
10			0.85			-1.6776e-16
11			0.85			-1.12249e-16

0			0.9			1.31072e-16
1			0.9			1.25395e-16
2			0.9			1.63209e-16
3			0.9			3.94182e-17
4			0.9			2.85761e-16
5			0.9			2.15285e-17
6			0.9			-3.63158e-17
7			0.9			-3.01205e-16
8			0.9			-5.22292e-18
9			0.9			-1.09821e-16
10			0.9			-9.07394e-17
11			0.9			-1.74006e-16

0			0.95			1.56248e-16
1			0.95			1.55273e-16
2			0.95			1.53457e-16
3			0.95			7.9682e-17
4			0.95			2.59635e-16
5			0.95			2.88806e-17
6			0.95			-4.79843e-17
7			0.95			-2.94826e-16
8			0.95			-3.67516e-17
9			0.95			-1.52761e-16
10			0.95			-1.12863e-16
11			0.95			-1.2674e-16

0			1			1.74133e-16
1			1			1.34729e-16
2			1			1.52159e-16
3			1			8.63845e-17
4			1			2.51997e-16
5			1			7.51172e-17
6			1			-6.88001e-17
7			1			-2.83859e-16
8			1			-8.97819e-17
9			1			-1.20722e-16
10			1			-1.78836e-16
11			1			-6.78132e-17

0			1.05			2.10734e-16
1			1.05			2.02006e-16
2			1.05			1.25063e-16
3			1.05			9.3913e-17
4			1.05			2.30765e-16
5			1.05			4.40328e-17
6			1.05			-8.84743e-17
7			1.05			-2.82473e-16
8			1.05			-7.38171e-17
9			1.05			-1.33028e-16
10			1.05			-2.32775e-16
11			1.05			-1.07875e-16

0			1.1			1.03572e-16
1			1.1			1.50114e-16
2			1.1			1.53213e-16
3			1.1			6.53556e-17
4			1.1			2.55109e-16
5			1.1			8.34143e-17
6			1.1			-7.20645e-17
7			1.1			-3.0896e-16
8			1.1			-5.70848e-17
9			1.1			-1.11688e-16
10			1.1			-1.29035e-16
11			1.1			-1.29035e-16

0			1.15			7.6925e-17
1			1.15			2.01424e-16
2			1.15			1.50666e-16
3			1.15			7.24511e-17
4			1.15			2.92769e-16
5			1.15			8.28875e-17
6			1.15			-6.62141e-17
7			1.15			-3.06093e-16
8			1.15			-5.56126e-17
9			1.15			-1.42728e-16
10			1.15			-1.64846e-16
11			1.15			-1.3709e-16

0			1.2			1.83168e-16
1			1.2			1.71077e-16
2			1.2			1.51927e-16
3			1.2			6.24589e-17
4			1.2			3.05139e-16
5			1.2			9.92605e-17
6			1.2			-5.7512e-17
7			1.2			-3.0845e-16
8			1.2			-8.18799e-17
9			1.2			-1.32309e-16
10			1.2			-2.57209e-16
11			1.2			-3.51644e-17

0			1.25			1.6374e-16
1			1.25			1.58049e-16
2			1.25			1.55484e-16
3			1.25			6.78662e-17
4			1.25			2.75506e-16
5			1.25			1.42704e-16
6			1.25			-1.0429e-16
7			1.25			-3.02529e-16
8			1.25			-7.39252e-17
9			1.25			-1.61447e-16
10			1.25			-2.09586e-16
11			1.25			-6.38692e-17

0			1.3			2.51354e-16
1			1.3			1.92512e-16
2			1.3			2.18092e-16
3			1.3			8.59634e-17
4			1.3			3.11089e-16
5			1.3			1.37692e-16
6			1.3			-1.11332e-16
7			1.3			-3.11051e-16
8			1.3			-1.13546e-16
9			1.3			-1.11595e-16
10			1.3			-3.38843e-16
11			1.3			9.13681e-17

0			1.35			1.26737e-16
1			1.35			1.94533e-16
2			1.35			2.09754e-16
3			1.35			1.01691e-16
4			1.35			3.14529e-16
5			1.35			1.22697e-16
6			1.35			-1.14803e-16
7			1.35			-3.1116e-16
8			1.35			-1.4185e-16
9			1.35			-1.28189e-16
10			1.35			-3.2508e-16
11			1.35			6.34977e-17

0			1.4			2.57845e-16
1			1.4			1.81789e-16
2			1.4			2.33012e-16
3			1.4			1.03204e-16
4			1.4			3.33929e-16
5			1.4			1.13023e-16
6			1.4			-7.43653e-17
7			1.4			-3.42633e-16
8			1.4			-1.17541e-16
9			1.4			-1.73879e-16
10			1.4			-3.09187e-16
11			1.4			-3.16314e-17

0			1.45			1.52455e-16
1			1.45			2.05066e-16
2			1.45			2.20344e-16
3			1.45			1.22912e-16
4			1.45			3.12004e-16
5			1.45			1.31284e-16
6			1.45			-9.66605e-17
7			1.45			-3.39597e-16
8			1.45			-1.4509e-16
9			1.45			-1.04975e-16
10			1.45			-3.70388e-16
11			1.45			9.45182e-17

0			1.5			1.2035e-16
1			1.5			2.37014e-16
2			1.5			2.52205e-16
3			1.5			1.20428e-16
4			1.5			3.4395e-16
5			1.5			1.13874e-16
6			1.5			-7.99541e-17
7			1.5			-3.53366e-16
8			1.5			-1.51065e-16
9			1.5			-1.09784e-16
10			1.5			-4.28973e-16
11			1.5			7.06275e-17

0			1.55			2.09502e-17
1			1.55			2.49371e-16
2			1.55			2.20877e-16
3			1.55			1.19377e-16
4			1.55			3.65006e-16
5			1.55			1.43106e-16
6			1.55			-1.26545e-16
7			1.55			-3.32499e-16
8			1.55			-1.40501e-16
9			1.55			-7.15998e-17
10			1.55			-4.54974e-16
11			1.55			1.14016e-16

0			1.6			3.12239e-17
1			1.6			2.36996e-16
2			1.6			1.83907e-16
3			1.6			1.85104e-16
4			1.6			3.42488e-16
5			1.6			1.82412e-16
6			1.6			-9.15323e-17
7			1.6			-3.9296e-16
8			1.6			-1.77628e-16
9			1.6			-1.11383e-16
10			1.6			-3.39499e-16
11			1.6			1.32345e-16

0			1.65			9.1168e-17
1			1.65			2.57439e-16
2			1.65			2.25036e-16
3			1.65			1.57119e-16
4			1.65			3.59495e-16
5			1.65			1.92848e-16
6			1.65			-1.47369e-16
7			1.65			-3.90602e-16
8			1.65			-1.61565e-16
9			1.65			-1.48352e-16
10			1.65			-3.73432e-16
11			1.65			7.75962e-17

0			1.7			2.19289e-17
1			1.7			2.60308e-16
2			1.7			2.29583e-16
3			1.7			1.54077e-16
4			1.7			3.95149e-16
5			1.7			1.31765e-16
6			1.7			-1.12476e-16
7			1.7			-4.28698e-16
8			1.7			-1.63808e-16
9			1.7			-1.84503e-16
10			1.7			-3.41495e-16
11			1.7			8.8716e-17

0			1.75			7.202e-17
1			1.75			2.51932e-16
2			1.75			2.26475e-16
3			1.75			1.27228e-16
4			1.75			4.32752e-16
5			1.75			1.8451e-16
6			1.75			-1.14956e-16
7			1.75			-4.06022e-16
8			1.75			-1.29677e-16
9			1.75			-2.32432e-16
10			1.75			-3.72511e-16
11			1.75			-1.86272e-17

0			1.8			1.37281e-17
1			1.8			2.72422e-16
2			1.8			2.57897e-16
3			1.8			1.39134e-16
4			1.8			4.40518e-16
5			1.8			1.67885e-16
6			1.8			-1.18551e-16
7			1.8			-3.87007e-16
8			1.8			-1.33733e-16
9			1.8			-2.7018e-16
10			1.8			-3.52579e-16
11			1.8			2.21214e-17

0			1.85			7.0579e-18
1			1.85			3.27767e-16
2			1.85			2.49684e-16
3			1.85			1.23426e-16
4			1.85			4.32024e-16
5			1.85			1.67949e-16
6			1.85			-1.33473e-16
7			1.85			-3.78731e-16
8			1.85			-1.73666e-16
9			1.85			-2.68263e-16
10			1.85			-4.10944e-16
11			1.85			8.86566e-17

0			1.9			-1.58262e-17
1			1.9			3.04535e-16
2			1.9			2.25087e-16
3			1.9			1.91717e-16
4			1.9			3.94874e-16
5			1.9			1.45309e-16
6			1.9			-1.14589e-16
7			1.9			-3.82452e-16
8			1.9			-2.76844e-16
9			1.9			-1.96329e-16
10			1.9			-5.12048e-16
11			1.9			1.05513e-16

0			1.95			2.87128e-17
1			1.95			3.32165e-16
2			1.95			2.28519e-16
3			1.95			1.98148e-16
4			1.95			4.17181e-16
5			1.95			1.84099e-16
6			1.95			-1.46527e-16
7			1.95			-3.76967e-16
8			1.95			-2.27895e-16
9			1.95			-1.8988e-16
10			1.95			-5.20345e-16
11			1.95			2.013e-16

0			2			9.21918e-17
1			2			2.88174e-16
2			2			2.57879e-16
3			2			1.48601e-16
4			2			4.95292e-16
5			2			1.71774e-16
6			2			-9.44879e-17
7			2			-4.67706e-16
8			2			-1.85069e-16
9			2			-2.80194e-16
10			2			-4.31982e-16
11			2			1.02313e-16

0			2.05			1.30619e-16
1			2.05			2.833e-16
2			2.05			2.85521e-16
3			2.05			1.74193e-16
4			2.05			4.27846e-16
5			2.05			2.15278e-16
6			2.05			-1.71094e-16
7			2.05			-4.20838e-16
8			2.05			-1.89208e-16
9			2.05			-2.90812e-16
10			2.05			-4.84667e-16
11			2.05			1.39833e-16

0			2.1			7.83982e-17
1			2.1			3.45453e-16
2			2.1			2.35334e-16
3			2.1			2.13488e-16
4			2.1			4.61213e-16
5			2.1			1.8248e-16
6			2.1			-1.04706e-16
7			2.1			-4.84482e-16
8			2.1			-2.51104e-16
9			2.1			-2.52852e-16
10			2.1			-5.78113e-16
11			2.1			1.92104e-16

0			2.15			5.68766e-17
1			2.15			3.71177e-16
2			2.15			2.27054e-16
3			2.15			2.28706e-16
4			2.15			4.61576e-16
5			2.15			2.14655e-16
6			2.15			-1.18097e-16
7			2.15			-4.49517e-16
8			2.15			-2.85406e-16
9			2.15			-2.28729e-16
10			2.15			-6.12103e-16
11			2.15			2.4832e-16

0			2.2			7.41906e-17
1			2.2			3.59979e-16
2			2.2			2.2334e-16
3			2.2			2.35704e-16
4			2.2			4.57896e-16
5			2.2			1.93256e-16
6			2.2			-7.91618e-17
7			2.2			-4.83307e-16
8			2.2			-2.79359e-16
9			2.2			-2.41033e-16
10			2.2			-5.69763e-16
11			2.2			1.51882e-16

0			2.25			3.65542e-17
1			2.25			3.9314e-16
2			2.25			1.95457e-16
3			2.25			2.96262e-16
4			2.25			4.52232e-16
5			2.25			1.70384e-16
6			2.25			-1.169e-16
7			2.25			-4.75826e-16
8			2.25			-2.8748e-16
9			2.25			-2.25965e-16
10			2.25			-5.74211e-16
11			2.25			2.30701e-16

0			2.3			1.41305e-16
1			2.3			3.43465e-16
2			2.3			3.01006e-16
3			2.3			2.48531e-16
4			2.3			5.4253e-16
5			2.3			1.17836e-16
6			2.3			-6.86408e-17
7			2.3			-5.14489e-16
8			2.3			-2.54012e-16
9			2.3			-2.97312e-16
10			2.3			-5.54051e-16
11			2.3			6.35105e-17

0			2.35			1.32964e-16
1			2.35			3.56115e-16
2			2.35			2.89113e-16
3			2.35			2.74623e-16
4			2.35			5.1555e-16
5			2.35			1.0736e-16
6			2.35			-8.82217e-17
7			2.35			-5.28077e-16
8			2.35			-2.72725e-16
9			2.35			-2.71857e-16
10			2.35			-6.07093e-16
11			2.35			1.14552e-16

0			2.4			1.35688e-16
1			2.4			3.94597e-16
2			2.4			2.85254e-16
3			2.4			2.91404e-16
4			2.4			5.0354e-16
5			2.4			1.60816e-16
6			2.4			-9.91395e-17
7			2.4			-5.20562e-16
8			2.4			-2.53131e-16
9			2.4			-3.39678e-16
10			2.4			-5.82973e-16
11			2.4			1.66428e-16

0			2.45			1.66579e-16
1			2.45			4.28899e-16
2			2.45			2.72712e-16
3			2.45			3.03242e-16
4			2.45			5.17948e-16
5			2.45			1.63858e-16
6			2.45			-1.15275e-16
7			2.45			-5.34881e-16
8			2.45			-2.81745e-16
9			2.45			-3.31591e-16
10			2.45			-4.49119e-16
11			2.45			7.82371e-17

0			2.5			-2.44333e-18
1			2.5			4.15994e-16
2			2.5			3.34642e-16
3			2.5			2.94675e-16
4			2.5			5.1575e-16
5			2.5			1.63776e-16
6			2.5			-1.21313e-16
7			2.5			-4.99678e-16
8			2.5			-3.00252e-16
9			2.5			-3.19794e-16
10			2.5			-4.68113e-16
11			2.5			1.84143e-16

0			2.55			1.07228e-16
1			2.55			4.65871e-16
2			2.55			2.64421e-16
3			2.55			3.21915e-16
4			2.55			5.07319e-16
5			2.55			1.89173e-16
6			2.55			-1.52749e-16
7			2.55			-5.04812e-16
8			2.55			-3.4651e-16
9			2.55			-3.22373e-16
10			2.55			-4.80666e-16
11			2.55			1.29957e-16

0			2.6			1.78641e-16
1			2.6			4.2072e-16
2			2.6			2.91649e-16
3			2.6			3.79014e-16
4			2.6			4.81065e-16
5			2.6			1.7491e-16
6			2.6			-1.08898e-16
7			2.6			-5.03725e-16
8			2.6			-3.77306e-16
9			2.6			-2.84078e-16
10			2.6			-4.34132e-16
11			2.6			-3.92027e-18

0			2.65			1.9342e-16
1			2.65			4.0133e-16
2			2.65			3.29047e-16
3			2.65			3.35842e-16
4			2.65			5.29086e-16
5			2.65			1.40084e-16
6			2.65			-7.08366e-17
7			2.65			-5.53175e-16
8			2.65			-3.70143e-16
9			2.65			-3.40313e-16
10			2.65			-5.10316e-16
11			2.65			1.70396e-17

0			2.7			1.83479e-16
1			2.7			3.74639e-16
2			2.7			3.40935e-16
3			2.7			3.3899e-16
4			2.7			5.50886e-16
5			2.7			1.23788e-16
6			2.7			-9.39164e-17
7			2.7			-5.23492e-16
8			2.7			-3.66436e-16
9			2.7			-3.96712e-16
10			2.7			-4.72173e-16
11			2.7			-3.28072e-19

0			2.75			1.92267e-16
1			2.75			4.04556e-16
2			2.75			3.26494e-16
3			2.75			3.84707e-16
4			2.75			5.08802e-16
5			2.75			1.67552e-16
6			2.75			-8.83111e-17
7			2.75			-5.18558e-16
8			2.75			-4.52907e-16
9			2.75			-3.06214e-16
10			2.75			-5.53846e-16
11			2.75			4.28986e-17

0			2.8			2.57889e-16
1			2.8			3.98717e-16
2			2.8			3.66868e-16
3			2.8			3.42634e-16
4			2.8			5.24417e-16
5			2.8			1.60732e-16
6			2.8			-8.96175e-17
7			2.8			-4.93989e-16
8			2.8			-3.86839e-16
9			2.8			-4.07168e-16
10			2.8			-5.54619e-16
11			2.8			6.29421e-17

0			2.85			2.02458e-16
1			2.85			4.23256e-16
2			2.85			4.126e-16
3			2.85			3.83126e-16
4			2.85			4.66815e-16
5			2.85			1.80738e-16
6			2.85			-1.1646e-16
7			2.85			-4.41032e-16
8			2.85			-4.63651e-16
9			2.85			-3.69054e-16
10			2.85			-5.61608e-16
11			2.85			2.12589e-17

0			2.9			2.6548e-16
1			2.9			4.48837e-16
2			2.9			3.93428e-16
3			2.9			3.90839e-16
4			2.9			5.01041e-16
5			2.9			1.58768e-16
6			2.9			-1.29331e-16
7			2.9			-4.69956e-16
8			2.9			-4.14997e-16
9			2.9			-4.4507e-16
10			2.9			-5.44817e-16
11			2.9			6.58059e-17

0			2.95			3.02765e-16
1			2.95			4.29622e-16
2			2.95			4.52308e-16
3			2.95			3.96321e-16
4			2.95			4.99054e-16
5			2.95			1.22011e-16
6			2.95			-9.6417e-17
7			2.95			-4.8466e-16
8			2.95			-4.00729e-16
9			2.95			-4.53028e-16
10			2.95			-5.92674e-16
11			2.95			3.18268e-17

0			3			3.0998e-16
1			3			3.79571e-16
2			3			4.53282e-16
3			3			4.10546e-16
4			3			5.18045e-16
5			3			1.13491e-16
6			3			-8.98498e-17
7			3			-4.69997e-16
8			3			-4.30574e-16
9			3			-4.37716e-16
10			3			-5.5134e-16
11			3			1.28671e-16

0			3.05			3.08559e-16
1			3.05			4.20694e-16
2			3.05			4.90145e-16
3			3.05			4.0078e-16
4			3.05			5.25276e-16
5			3.05			1.38676e-16
6			3.05			-1.081e-16
7			3.05			-4.73308e-16
8			3.05			-4.20978e-16
9			3.05			-4.74862e-16
10			3.05			-5.57696e-16
11			3.05			-3.03396e-17

0			3.1			2.81739e-16
1			3.1			4.23099e-16
2			3.1			4.93605e-16
3			3.1			4.23809e-16
4			3.1			5.19141e-16
5			3.1			1.71391e-16
6			3.1			-1.22699e-16
7			3.1			-4.90635e-16
8			3.1			-4.3553e-16
9			3.1			-4.67324e-16
10			3.1			-5.62734e-16
11			3.1			5.48275e-17

0			3.15			3.02186e-16
1			3.15			4.83399e-16
2			3.15			4.30189e-16
3			3.15			4.84918e-16
4			3.15			4.95165e-16
5			3.15			1.76025e-16
6			3.15			-1.50479e-16
7			3.15			-4.27058e-16
8			3.15			-4.70274e-16
9			3.15			-4.39632e-16
10			3.15			-6.52136e-16
11			3.15			8.33869e-17

0			3.2			1.31579e-16
1			3.2			5.0684e-16
2			3.2			4.09264e-16
3			3.2			4.94665e-16
4			3.2			4.73047e-16
5			3.2			1.90455e-16
6			3.2			-1.49681e-16
7			3.2			-4.49597e-16
8			3.2			-4.79835e-16
9			3.2			-4.09958e-16
10			3.2			-5.75624e-16
11			3.2			7.66316e-17

0			3.25			2.8839e-16
1			3.25			4.81959e-16
2			3.25			4.59933e-16
3			3.25			4.83331e-16
4			3.25			5.1212e-16
5			3.25			1.3383e-16
6			3.25			-1.46643e-16
7			3.25			-4.83587e-16
8			3.25			-4.2135e-16
9			3.25			-4.61357e-16
10			3.25			-5.56334e-16
11			3.25			8.20447e-17

0			3.3			2.93021e-16
1			3.3			4.54331e-16
2			3.3			4.38812e-16
3			3.3			4.80857e-16
4			3.3			4.99154e-16
5			3.3			7.78356e-17
6			3.3			-4.0039e-17
7			3.3			-5.0892e-16
8			3.3			-4.5436e-16
9			3.3			-4.59917e-16
10			3.3			-5.28872e-16
11			3.3			2.62397e-17

0			3.35			2.10214e-16
1			3.35			4.48006e-16
2			3.35			4.29512e-16
3			3.35			4.90916e-16
4			3.35			5.07699e-16
5			3.35			1.02889e-16
6			3.35			-8.66097e-17
7			3.35			-4.3862e-16
8			3.35			-5.15348e-16
9			3.35			-4.43736e-16
10			3.35			-5.56927e-16
11			3.35			6.75736e-17

0			3.4			2.64891e-16
1			3.4			4.19948e-16
2			3.4			4.52395e-16
3			3.4			4.86935e-16
4			3.4			5.19098e-16
5			3.4			1.03867e-16
6			3.4			-8.39526e-17
7			3.4			-4.71163e-16
8			3.4			-4.89756e-16
9			3.4			-4.6242e-16
10			3.4			-4.97115e-16
11			3.4			-4.45339e-18

0			3.45			2.64359e-16
1			3.45			4.56032e-16
2			3.45			4.7536e-16
3			3.45			4.94118e-16
4			3.45			4.74881e-16
5			3.45			1.43626e-16
6			3.45			-1.28815e-16
7			3.45			-4.79009e-16
8			3.45			-4.92114e-16
9			3.45			-4.39367e-16
10			3.45			-5.09624e-16
11			3.45			5.93656e-17

0			3.5			1.28471e-16
1			3.5			5.05035e-16
2			3.5			4.5316e-16
3			3.5			5.40013e-16
4			3.5			4.48381e-16
5			3.5			1.58578e-16
6			3.5			-1.39983e-16
7			3.5			-4.65569e-16
8			3.5			-5.09034e-16
9			3.5			-4.72632e-16
10			3.5			-5.71511e-16
11			3.5			8.07452e-17

0			3.55			3.36481e-16
1			3.55			4.63039e-16
2			3.55			5.20662e-16
3			3.55			4.56563e-16
4			3.55			5.18777e-16
5			3.55			9.87737e-17
6			3.55			-9.9419e-17
7			3.55			-5.08882e-16
8			3.55			-4.8763e-16
9			3.55			-4.8332e-16
10			3.55			-5.72658e-16
11			3.55			-1.06078e-17

0			3.6			2.17775e-16
1			3.6			5.31099e-16
2			3.6			4.87407e-16
3			3.6			5.02531e-16
4			3.6			4.82375e-16
5			3.6			1.02367e-16
6			3.6			-1.13171e-16
7			3.6			-5.08087e-16
8			3.6			-4.86045e-16
9			3.6			-4.20573e-16
10			3.6			-6.4175e-16
11			3.6			1.21529e-16

0			3.65			2.04741e-16
1			3.65			5.10535e-16
2			3.65			4.99534e-16
3			3.65			5.13055e-16
4			3.65			4.88126e-16
5			3.65			9.61721e-17
6			3.65			-9.73052e-17
7			3.65			-4.61946e-16
8			3.65			-4.93371e-16
9			3.65			-4.42671e-16
10			3.65			-6.21348e-16
11			3.65			1.00297e-16

0			3.7			2.35835e-16
1			3.7			4.77266e-16
2			3.7			5.50479e-16
3			3.7			4.87079e-16
4			3.7			5.43384e-16
5			3.7			6.55305e-17
6			3.7			-8.11167e-17
7			3.7			-4.93271e-16
8			3.7			-4.7115e-16
9			3.7			-5.18638e-16
10			3.7			-6.59584e-16
11			3.7			8.98162e-17

0			3.75			2.19027e-16
1			3.75			4.94964e-16
2			3.75			4.93109e-16
3			3.75			5.03414e-16
4			3.75			4.86849e-16
5			3.75			1.25878e-16
6			3.75			-1.42204e-16
7			3.75			-4.30751e-16
8			3.75			-5.30843e-16
9			3.75			-4.71022e-16
10			3.75			-7.06945e-16
11			3.75			1.11845e-16

0			3.8			1.81703e-16
1			3.8			5.61056e-16
2			3.8			4.987e-16
3			3.8			5.30347e-16
4			3.8			4.52723e-16
5			3.8			1.54089e-16
6			3.8			-1.52595e-16
7			3.8			-4.35439e-16
8			3.8			-5.44138e-16
9			3.8			-4.48877e-16
10			3.8			-7.03014e-16
11			3.8			1.01897e-16

0			3.85			9.89726e-17
1			3.85			5.44716e-16
2			3.85			5.0854e-16
3			3.85			5.0007e-16
4			3.85			4.85025e-16
5			3.85			1.12631e-16
6			3.85			-1.12843e-16
7			3.85			-4.29997e-16
8			3.85			-5.28314e-16
9			3.85			-4.94066e-16
10			3.85			-6.6884e-16
11			3.85			1.77705e-16

0			3.9			1.44489e-16
1			3.9			5.21483e-16
2			3.9			5.07718e-16
3			3.9			5.1384e-16
4			3.9			4.77461e-16
5			3.9			1.11184e-16
6			3.9			-1.20892e-16
7			3.9			-4.95351e-16
8			3.9			-5.165e-16
9			3.9			-4.85424e-16
10			3.9			-6.5109e-16
11			3.9			1.26066e-16

0			3.95			1.55457e-16
1			3.95			5.0709e-16
2			3.95			4.88574e-16
3			3.95			5.00538e-16
4			3.95			4.79279e-16
5			3.95			1.01083e-16
6			3.95			-1.27563e-16
7			3.95			-4.41726e-16
8			3.95			-5.38229e-16
9			3.95			-4.46072e-16
10			3.95			-6.473e-16
11			3.95			1.0904e-16

0			4			1.83755e-16
1			4			4.80437e-16
2			4			5.75253e-16
3			4			4.80884e-16
4			4			4.62827e-16
5			4			1.08092e-16
6			4			-1.06654e-16
7			4			-4.46221e-16
8			4			-5.15064e-16
9			4			-4.57005e-16
10			4			-6.5433e-16
11			4			1.78337e-16

0			4.05			8.57733e-17
1			4.05			5.4958e-16
2			4.05			5.36766e-16
3			4.05			4.90677e-16
4			4.05			4.70909e-16
5			4.05			1.04576e-16
6			4.05			-1.14375e-16
7			4.05			-4.61085e-16
8			4.05			-5.27504e-16
9			4.05			-4.93461e-16
10			4.05			-6.25733e-16
11			4.05			1.93056e-16

0			4.1			1.17308e-16
1			4.1			5.69664e-16
2			4.1			5.18232e-16
3			4.1			5.25687e-16
4			4.1			4.21955e-16
5			4.1			1.47017e-16
6			4.1			-1.25991e-16
7			4.1			-4.89669e-16
8			4.1			-5.10181e-16
9			4.1			-4.41267e-16
10			4.1			-6.55505e-16
11			4.1			1.07773e-16

0			4.15			1.38619e-16
1			4.15			5.57865e-16
2			4.15			5.12219e-16
3			4.15			5.13507e-16
4			4.15			4.45453e-16
5			4.15			1.46832e-16
6			4.15			-1.53536e-16
7			4.15			-4.30115e-16
8			4.15			-5.44571e-16
9			4.15			-4.48442e-16
10			4.15			-6.22782e-16
11			4.15			6.41684e-17

0			4.2			2.35725e-16
1			4.2			5.46031e-16
2			4.2			4.77546e-16
3			4.2			5.08589e-16
4			4.2			4.55331e-16
5			4.2			1.2722e-16
6			4.2			-1.53653e-16
7			4.2			-4.19469e-16
8			4.2			-5.11193e-16
9			4.2			-4.2672e-16
10			4.2			-6.37922e-16
11			4.2			9.76005e-17

0			4.25			2.15763e-16
1			4.25			5.58456e-16
2			4.25			4.59747e-16
3			4.25			4.88137e-16
4			4.25			4.66706e-16
5			4.25			1.43787e-16
6			4.25			-1.56459e-16
7			4.25			-4.19036e-16
8			4.25			-5.00351e-16
9			4.25			-4.16732e-16
10			4.25			-6.06684e-16
11			4.25			-3.07558e-17

0			4.3			1.35729e-16
1			4.3			5.70763e-16
2			4.3			5.04846e-16
3			4.3			4.72467e-16
4			4.3			4.8229e-16
5			4.3			1.24916e-16
6			4.3			-1.60197e-16
7			4.3			-4.69695e-16
8			4.3			-5.17353e-16
9			4.3			-4.00001e-16
10			4.3			-6.95772e-16
11			4.3			8.13844e-17

0			4.35			1.28702e-16
1			4.35			5.59579e-16
2			4.35			4.57055e-16
3			4.35			4.9525e-16
4			4.35			4.64623e-16
5			4.35			1.64828e-16
6			4.35			-1.95494e-16
7			4.35			-4.38977e-16
8			4.35			-4.65686e-16
9			4.35			-4.03602e-16
10			4.35			-6.88964e-16
11			4.35			1.29826e-16

0			4.4			6.4888e-17
1			4.4			5.12684e-16
2			4.4			4.3308e-16
3			4.4			4.6805e-16
4			4.4			4.77478e-16
5			4.4			1.53618e-16
6			4.4			-1.95032e-16
7			4.4			-4.20031e-16
8			4.4			-4.61449e-16
9			4.4			-3.83631e-16
10			4.4			-6.66824e-16
11			4.4			1.2421e-16

0			4.45			1.84295e-16
1			4.45			5.56429e-16
2			4.45			4.31152e-16
3			4.45			4.95941e-16
4			4.45			4.35639e-16
5			4.45			1.57112e-16
6			4.45			-2.08232e-16
7			4.45			-3.87457e-16
8			4.45			-4.9079e-16
9			4.45			-3.95922e-16
10			4.45			-6.03221e-16
11			4.45			1.32301e-16

0			4.5			1.46768e-16
1			4.5			5.53007e-16
2			4.5			4.10574e-16
3			4.5			5.11903e-16
4			4.5			4.08429e-16
5			4.5			1.98334e-16
6			4.5			-2.11801e-16
7			4.5			-3.5525e-16
8			4.5			-4.89191e-16
9			4.5			-4.0091e-16
10			4.5			-5.87392e-16
11			4.5			5.79247e-17

0			4.55			1.99712e-16
1			4.55			5.28436e-16
2			4.55			4.32119e-16
3			4.55			4.92528e-16
4			4.55			4.55095e-16
5			4.55			1.24529e-16
6			4.55			-1.97346e-16
7			4.55			-3.76486e-16
8			4.55			-4.67759e-16
9			4.55			-3.66657e-16
10			4.55			-5.64416e-16
11			4.55			-5.09376e-17

0			4.6			2.22156e-16
1			4.6			5.08696e-16
2			4.6			4.33392e-16
3			4.6			4.54412e-16
4			4.6			4.19444e-16
5			4.6			1.76475e-16
6			4.6			-2.13987e-16
7			4.6			-3.86541e-16
8			4.6			-4.59673e-16
9			4.6			-3.50318e-16
10			4.6			-5.71062e-16
11			4.6			-1.59502e-17

0			4.65			2.1368e-16
1			4.65			5.09121e-16
2			4.65			4.06408e-16
3			4.65			4.44283e-16
4			4.65			4.40642e-16
5			4.65			2.13366e-16
6			4.65			-2.47773e-16
7			4.65			-3.87834e-16
8			4.65			-4.30639e-16
9			4.65			-3.55314e-16
10			4.65			-5.98609e-16
11			4.65			1.20133e-17

0			4.7			2.19706e-16
1			4.7			5.18799e-16
2			4.7			3.86004e-16
3			4.7			4.55131e-16
4			4.7			4.13159e-16
5			4.7			2.0649e-16
6			4.7			-2.51889e-16
7			4.7			-3.59699e-16
8			4.7			-4.43171e-16
9			4.7			-3.49658e-16
10			4.7			-5.95989e-16
11			4.7			-1.31221e-17

0			4.75			2.24166e-16
1			4.75			5.39348e-16
2			4.75			3.79924e-16
3			4.75			4.8125e-16
4			4.75			3.82986e-16
5			4.75			2.50904e-16
6			4.75			-2.56988e-16
7			4.75			-3.56783e-16
8			4.75			-4.4262e-16
9			4.75			-3.18994e-16
10			4.75			-6.07825e-16
11			4.75			4.44307e-17

0			4.8			2.08565e-16
1			4.8			5.39781e-16
2			4.8			3.41468e-16
3			4.8			4.97974e-16
4			4.8			3.90474e-16
5			4.8			2.42473e-16
6			4.8			-2.24828e-16
7			4.8			-3.76082e-16
8			4.8			-4.6994e-16
9			4.8			-2.98188e-16
10			4.8			-6.44266e-16
11			4.8			-6.13986e-17

0			4.85			2.05174e-16
1			4.85			5.05802e-16
2			4.85			3.2459e-16
3			4.85			5.02058e-16
4			4.85			3.84618e-16
5			4.85			2.48471e-16
6			4.85			-2.62447e-16
7			4.85			-3.7976e-16
8			4.85			-4.91187e-16
9			4.85			-3.25575e-16
10			4.85			-6.13539e-16
11			4.85			3.87171e-17

0			4.9			2.31068e-16
1			4.9			4.78489e-16
2			4.9			3.68391e-16
3			4.9			4.45293e-16
4			4.9			4.13864e-16
5			4.9			2.12831e-16
6			4.9			-2.04207e-16
7			4.9			-3.9177e-16
8			4.9			-4.19096e-16
9			4.9			-3.14172e-16
10			4.9			-6.1558e-16
11			4.9			-4.95764e-18

0			4.95			1.86321e-16
1			4.95			5.11998e-16
2			4.95			3.58146e-16
3			4.95			3.95275e-16
4			4.95			4.61006e-16
5			4.95			2.02578e-16
6			4.95			-1.88277e-16
7			4.95			-3.88317e-16
8			4.95			-4.28816e-16
9			4.95			-3.11058e-16
10			4.95			-6.42824e-16
11			4.95			-1.08529e-16

0			5			1.50931e-16
1			5			5.01378e-16
2			5			3.51615e-16
3			5			3.84168e-16
4			5			4.40827e-16
5			5			2.41539e-16
6			5			-2.39212e-16
7			5			-3.70959e-16
8			5			-4.04305e-16
9			5			-2.76722e-16
10			5			-6.36677e-16
11			5			-1.23199e-16

0			5.05			1.59199e-16
1			5.05			5.02027e-16
2			5.05			3.0887e-16
3			5.05			4.37464e-16
4			5.05			3.91942e-16
5			5.05			2.72481e-16
6			5.05			-2.47789e-16
7			5.05			-3.9399e-16
8			5.05			-4.12477e-16
9			5.05			-2.61136e-16
10			5.05			-6.34969e-16
11			5.05			-1.07613e-16

0			5.1			2.62434e-16
1			5.1			4.76273e-16
2			5.1			3.32159e-16
3			5.1			3.60468e-16
4			5.1			4.25904e-16
5			5.1			2.89108e-16
6			5.1			-2.74484e-16
7			5.1			-3.67813e-16
8			5.1			-4.10012e-16
9			5.1			-2.35998e-16
10			5.1			-5.81208e-16
11			5.1			-2.60964e-17

0			5.15			1.3818e-16
1			5.15			4.39258e-16
2			5.15			3.13386e-16
3			5.15			3.73624e-16
4			5.15			4.014e-16
5			5.15			2.50327e-16
6			5.15			-2.58713e-16
7			5.15			-3.32307e-16
8			5.15			-4.63717e-16
9			5.15			-2.37484e-16
10			5.15			-6.15654e-16
11			5.15			-1.89091e-17

0			5.2			1.84899e-16
1			5.2			4.58108e-16
2			5.2			2.95637e-16
3			5.2			3.53589e-16
4			5.2			3.99739e-16
5			5.2			2.54583e-16
6			5.2			-2.14004e-16
7			5.2			-3.5795e-16
8			5.2			-4.16377e-16
9			5.2			-2.70769e-16
10			5.2			-5.7955e-16
11			5.2			-2.44381e-17

0			5.25			1.90327e-16
1			5.25			4.12684e-16
2			5.25			3.11275e-16
3			5.25			3.55111e-16
4			5.25			4.09111e-16
5			5.25			2.35886e-16
6			5.25			-2.20665e-16
7			5.25			-3.87933e-16
8			5.25			-3.74463e-16
9			5.25			-2.50173e-16
10			5.25			-5.71964e-16
11			5.25			-2.97486e-18

0			5.3			2.22318e-16
1			5.3			4.02082e-16
2			5.3			2.89664e-16
3			5.3			3.31272e-16
4			5.3			3.92634e-16
5			5.3			2.3087e-16
6			5.3			-2.28712e-16
7			5.3			-3.65963e-16
8			5.3			-3.74968e-16
9			5.3			-2.21851e-16
10			5.3			-6.12164e-16
11			5.3			6.78473e-17

0			5.35			1.53605e-16
1			5.35			5.08793e-16
2			5.35			1.92421e-16
3			5.35			3.81593e-16
4			5.35			3.25886e-16
5			5.35			3.10097e-16
6			5.35			-2.89459e-16
7			5.35			-3.23416e-16
8			5.35			-3.44446e-16
9			5.35			-1.79173e-16
10			5.35			-6.32803e-16
11			5.35			1.09658e-16

0			5.4			2.27798e-16
1			5.4			4.69661e-16
2			5.4			2.21573e-16
3			5.4			3.39867e-16
4			5.4			3.044e-16
5			5.4			3.29037e-16
6			5.4			-2.68836e-16
7			5.4			-3.50098e-16
8			5.4			-4.00395e-16
9			5.4			-1.75274e-16
10			5.4			-6.30639e-16
11			5.4			8.40668e-17

0			5.45			1.31497e-16
1			5.45			4.76609e-16
2			5.45			1.87266e-16
3			5.45			3.31574e-16
4			5.45			3.0731e-16
5			5.45			2.88208e-16
6			5.45			-3.028e-16
7			5.45			-2.7377e-16
8			5.45			-3.68971e-16
9			5.45			-1.82257e-16
10			5.45			-5.75606e-16
11			5.45			2.11388e-17

0			5.5			1.82895e-16
1			5.5			4.84697e-16
2			5.5			2.31843e-16
3			5.5			2.92283e-16
4			5.5			2.823e-16
5			5.5			3.42871e-16
6			5.5			-2.92583e-16
7			5.5			-2.9022e-16
8			5.5			-3.17197e-16
9			5.5			-2.02854e-16
10			5.5			-6.26126e-16
11			5.5			2.61296e-17

0			5.55			1.43592e-16
1			5.55			3.62947e-16
2			5.55			2.0536e-16
3			5.55			2.65505e-16
4			5.55			3.09413e-16
5			5.55			2.82042e-16
6			5.55			-2.51709e-16
7			5.55			-3.16259e-16
8			5.55			-3.23054e-16
9			5.55			-1.93465e-16
10			5.55			-5.38241e-16
11			5.55			-1.08855e-17

0			5.6			1.11757e-16
1			5.6			3.5726e-16
2			5.6			1.72684e-16
3			5.6			2.83866e-16
4			5.6			2.78959e-16
5			5.6			2.93575e-16
6			5.6			-2.66074e-16
7			5.6			-2.95742e-16
8			5.6			-2.9892e-16
9			5.6			-1.93292e-16
10			5.6			-5.05542e-16
11			5.6			2.87526e-17

0			5.65			2.37564e-17
1			5.65			4.11795e-16
2			5.65			1.41585e-16
3			5.65			3.24434e-16
4			5.65			2.33819e-16
5			5.65			3.29528e-16
6			5.65			-2.91779e-16
7			5.65			-2.36332e-16
8			5.65			-3.78297e-16
9			5.65			-8.62128e-17
10			5.65			-5.97956e-16
11			5.65			8.89943e-17

0			5.7			6.13609e-17
1			5.7			3.60133e-16
2			5.7			1.286e-16
3			5.7			2.92176e-16
4			5.7			2.69226e-16
5			5.7			3.10585e-16
6			5.7			-2.48332e-16
7			5.7			-3.15843e-16
8			5.7			-3.34793e-16
9			5.7			-1.71092e-16
10			5.7			-4.61658e-16
11			5.7			1.35087e-16

0			5.75			2.21958e-17
1			5.75			3.87673e-16
2			5.75			1.35721e-16
3			5.75			2.95347e-16
4			5.75			2.71079e-16
5			5.75			3.28584e-16
6			5.75			-2.80983e-16
7			5.75			-2.75417e-16
8			5.75			-2.63769e-16
9			5.75			-1.34532e-16
10			5.75			-4.98824e-16
11			5.75			1.81188e-16

0			5.8			4.69044e-17
1			5.8			4.11795e-16
2			5.8			1.55009e-16
3			5.8			3.04677e-16
4			5.8			2.62073e-16
5			5.8			3.069e-16
6			5.8			-2.74034e-16
7			5.8			-2.16986e-16
8			5.8			-3.37378e-16
9			5.8			-1.40582e-16
10			5.8			-5.37834e-16
11			5.8			1.83811e-16

0			5.85			1.10155e-16
1			5.85			3.72518e-16
2			5.85			1.75747e-16
3			5.85			2.53866e-16
4			5.85			2.23961e-16
5			5.85			3.15496e-16
6			5.85			-2.56153e-16
7			5.85			-2.20933e-16
8			5.85			-2.60783e-16
9			5.85			-1.82558e-16
10			5.85			-4.31057e-16
11			5.85			1.5181e-16

0			5.9			1.51382e-16
1			5.9			4.00875e-16
2			5.9			1.35402e-16
3			5.9			2.73815e-16
4			5.9			2.17334e-16
5			5.9			3.03046e-16
6			5.9			-2.56148e-16
7			5.9			-2.41155e-16
8			5.9			-2.89989e-16
9			5.9			-1.60048e-16
10			5.9			-4.44542e-16
11			5.9			1.24447e-16

0			5.95			3.68319e-17
1			5.95			3.59142e-16
2			5.95			1.12034e-16
3			5.95			3.00026e-16
4			5.95			2.2171e-16
5			5.95			2.83117e-16
6			5.95			-2.17402e-16
7			5.95			-2.67168e-16
8			5.95			-3.00173e-16
9			5.95			-1.17485e-16
10			5.95			-4.75706e-16
11			5.95			1.83489e-16

0			6			3.38539e-17
1			6			3.51079e-16
2			6			1.11607e-16
3			6			2.65638e-16
4			6			1.84464e-16
5			6			3.33345e-16
6			6			-2.66721e-16
7			6			-2.30691e-16
8			6			-3.15596e-16
9			6			-1.08866e-16
10			6			-4.31525e-16
11			6			6.80759e-17

0			6.05			-3.49545e-17
1			6.05			3.685e-16
2			6.05			1.03646e-16
3			6.05			2.60563e-16
4			6.05			2.20355e-16
5			6.05			2.91984e-16
6			6.05			-2.34134e-16
7			6.05			-2.3462e-16
8			6.05			-2.91914e-16
9			6.05			-8.04272e-17
10			6.05			-4.34311e-16
11			6.05			1.62434e-16

0			6.1			-8.17692e-17
1			6.1			3.39088e-16
2			6.1			9.02242e-17
3			6.1			2.37764e-16
4			6.1			2.23923e-16
5			6.1			2.88175e-16
6			6.1			-2.66981e-16
7			6.1			-1.89707e-16
8			6.1			-3.27916e-16
9			6.1			-8.23985e-17
10			6.1			-3.7123e-16
11			6.1			1.00615e-16

0			6.15			-6.96335e-17
1			6.15			3.38535e-16
2			6.15			8.42676e-17
3			6.15			2.51952e-16
4			6.15			1.98889e-16
5			6.15			2.85219e-16
6			6.15			-2.28085e-16
7			6.15			-2.32472e-16
8			6.15			-2.87085e-16
9			6.15			-1.16201e-16
10			6.15			-3.98094e-16
11			6.15			1.29262e-16

0			6.2			2.40591e-17
1			6.2			3.21326e-16
2			6.2			1.13387e-16
3			6.2			2.08234e-16
4			6.2			1.95925e-16
5			6.2			2.63008e-16
6			6.2			-2.22533e-16
7			6.2			-2.26309e-16
8			6.2			-2.06066e-16
9			6.2			-1.67834e-16
10			6.2			-3.91179e-16
11			6.2			6.67875e-17

0			6.25			-8.30191e-17
1			6.25			3.06059e-16
2			6.25			9.13155e-17
3			6.25			2.0296e-16
4			6.25			2.30663e-16
5			6.25			2.42346e-16
6			6.25			-1.91154e-16
7			6.25			-2.03316e-16
8			6.25			-2.46832e-16
9			6.25			-1.06292e-16
10			6.25			-4.01195e-16
11			6.25			1.12283e-16

0			6.3			-1.0265e-16
1			6.3			3.25539e-16
2			6.3			5.65521e-17
3			6.3			1.94629e-16
4			6.3			2.47293e-16
5			6.3			2.45758e-16
6			6.3			-1.79405e-16
7			6.3			-2.28978e-16
8			6.3			-2.51958e-16
9			6.3			-1.40435e-16
10			6.3			-3.16509e-16
11			6.3			1.83091e-16

0			6.35			-1.73662e-16
1			6.35			3.10343e-16
2			6.35			3.02726e-17
3			6.35			2.189e-16
4			6.35			2.15325e-16
5			6.35			2.51585e-16
6			6.35			-1.73866e-16
7			6.35			-2.47625e-16
8			6.35			-2.26157e-16
9			6.35			-9.63102e-17
10			6.35			-3.4958e-16
11			6.35			1.98593e-16

0			6.4			-1.45309e-16
1			6.4			2.96833e-16
2			6.4			3.26709e-17
3			6.4			2.10983e-16
4			6.4			2.06881e-16
5			6.4			2.73468e-16
6			6.4			-1.89295e-16
7			6.4			-2.10861e-16
8			6.4			-2.43197e-16
9			6.4			-1.10419e-17
10			6.4			-4.05692e-16
11			6.4			2.60442e-16

0			6.45			-2.05751e-16
1			6.45			2.94927e-16
2			6.45			3.42854e-17
3			6.45			1.73284e-16
4			6.45			2.44262e-16
5			6.45			2.1725e-16
6			6.45			-1.67615e-16
7			6.45			-2.20775e-16
8			6.45			-2.10093e-16
9			6.45			-8.89472e-17
10			6.45			-3.18364e-16
11			6.45			2.22869e-16

0			6.5			-1.66581e-16
1			6.5			2.76559e-16
2			6.5			1.41942e-17
3			6.5			1.58276e-16
4			6.5			1.88067e-16
5			6.5			2.43373e-16
6			6.5			-1.83387e-16
7			6.5			-2.0616e-16
8			6.5			-2.87823e-16
9			6.5			-4.96241e-17
10			6.5			-3.93099e-16
11			6.5			2.24462e-16

0			6.55			-1.41649e-16
1			6.55			2.6454e-16
2			6.55			5.45762e-17
3			6.55			1.80413e-16
4			6.55			1.8222e-16
5			6.55			2.22079e-16
6			6.55			-1.78759e-16
7			6.55			-1.7559e-16
8			6.55			-2.2235e-16
9			6.55			-6.97757e-17
10			6.55			-3.13938e-16
11			6.55			1.57907e-16

0			6.6			-2.00657e-16
1			6.6			3.08791e-16
2			6.6			9.4475e-18
3			6.6			1.63263e-16
4			6.6			1.63414e-16
5			6.6			2.3224e-16
6			6.6			-2.02039e-16
7			6.6			-1.99632e-16
8			6.6			-2.14371e-16
9			6.6			-1.2136e-16
10			6.6			-3.19552e-16
11			6.6			2.21682e-16

0			6.65			-1.47931e-16
1			6.65			3.21797e-16
2			6.65			-2.04809e-17
3			6.65			1.6904e-16
4			6.65			1.61444e-16
5			6.65			2.35951e-16
6			6.65			-1.56112e-16
7			6.65			-1.63898e-16
8			6.65			-2.47733e-16
9			6.65			-4.63833e-17
10			6.65			-3.06592e-16
11			6.65			2.06886e-16

0			6.7			-9.30933e-17
1			6.7			2.92344e-16
2			6.7			-3.6638e-17
3			6.7			2.18553e-16
4			6.7			1.34713e-16
5			6.7			2.25513e-16
6			6.7			-1.73247e-16
7			6.7			-1.29224e-16
8			6.7			-2.99983e-16
9			6.7			2.67281e-17
10			6.7			-3.29758e-16
11			6.7			2.11476e-16

0			6.75			-1.56213e-16
1			6.75			2.96421e-16
2			6.75			-1.44492e-17
3			6.75			2.1141e-16
4			6.75			1.34832e-16
5			6.75			2.04878e-16
6			6.75			-1.51822e-16
7			6.75			-1.5032e-16
8			6.75			-2.79327e-16
9			6.75			2.74212e-17
10			6.75			-2.97839e-16
11			6.75			1.4625e-16

0			6.8			-5.66595e-17
1			6.8			2.24508e-16
2			6.8			5.82517e-17
3			6.8			1.52456e-16
4			6.8			1.74548e-16
5			6.8			1.47357e-16
6			6.8			-9.32251e-17
7			6.8			-1.9672e-16
8			6.8			-1.88694e-16
9			6.8			-1.44496e-17
10			6.8			-1.80983e-16
11			6.8			-2.13884e-17

0			6.85			-5.0197e-17
1			6.85			2.35827e-16
2			6.85			3.44207e-17
3			6.85			1.4696e-16
4			6.85			1.51467e-16
5			6.85			1.74001e-16
6			6.85			-1.06287e-16
7			6.85			-1.69911e-16
8			6.85			-1.743e-16
9			6.85			-5.69214e-17
10			6.85			-1.77485e-16
11			6.85			1.27827e-16

0			6.9			3.55651e-17
1			6.9			2.67298e-16
2			6.9			5.7267e-19
3			6.9			1.5936e-16
4			6.9			9.36029e-17
5			6.9			1.98491e-16
6			6.9			-1.57031e-16
7			6.9			-7.46175e-17
8			6.9			-2.55058e-16
9			6.9			1.6887e-17
10			6.9			-3.14445e-16
11			6.9			1.15766e-16

0			6.95			-1.56352e-17
1			6.95			2.64859e-16
2			6.95			-8.77692e-18
3			6.95			1.47318e-16
4			6.95			1.13155e-16
5			6.95			1.94236e-16
6			6.95			-1.57862e-16
7			6.95			-9.20908e-17
8			6.95			-2.47982e-16
9			6.95			3.77463e-17
10			6.95			-2.63228e-16
11			6.95			2.22494e-16

0			7			-1.40472e-17
1			7			2.63256e-16
2			7			-3.3853e-17
3			7			1.77889e-16
4			7			1.02601e-16
5			7			1.65457e-16
6			7			-1.45055e-16
7			7			-6.83081e-17
8			7			-2.46815e-16
9			7			1.22684e-17
10			7			-2.72226e-16
11			7			1.16352e-16

0			7.05			-1.38821e-16
1			7.05			3.11293e-16
2			7.05			-7.78707e-17
3			7.05			1.78278e-16
4			7.05			8.15728e-17
5			7.05			1.82513e-16
6			7.05			-1.33818e-16
7			7.05			-1.13597e-16
8			7.05			-2.0563e-16
9			7.05			5.33453e-17
10			7.05			-2.75385e-16
11			7.05			2.79727e-16

0			7.1			-5.95242e-17
1			7.1			2.69229e-16
2			7.1			-4.94951e-17
3			7.1			2.11285e-16
4			7.1			9.67859e-17
5			7.1			1.29556e-16
6			7.1			-9.57128e-17
7			7.1			-8.10426e-17
8			7.1			-2.2993e-16
9			7.1			3.69324e-17
10			7.1			-3.09579e-16
11			7.1			2.03899e-16

0			7.15			-2.53579e-17
1			7.15			2.52579e-16
2			7.15			-2.44034e-17
3			7.15			1.68651e-16
4			7.15			9.14568e-17
5			7.15			1.28165e-16
6			7.15			-1.02474e-16
7			7.15			-7.61144e-17
8			7.15			-1.95382e-16
9			7.15			2.27189e-17
10			7.15			-2.64378e-16
11			7.15			1.72773e-16

0			7.2			-2.5178e-17
1			7.2			2.57457e-16
2			7.2			-2.03857e-17
3			7.2			1.58785e-16
4			7.2			8.76383e-17
5			7.2			1.46986e-16
6			7.2			-1.39545e-16
7			7.2			-2.71227e-17
8			7.2			-2.21162e-16
9			7.2			3.45742e-18
10			7.2			-2.342e-16
11			7.2			1.82134e-16

0			7.25			-1.10863e-17
1			7.25			2.39139e-16
2			7.25			-3.48036e-17
3			7.25			1.98441e-16
4			7.25			4.84877e-17
5			7.25			1.79732e-16
6			7.25			-1.44916e-16
7			7.25			-4.07789e-17
8			7.25			-2.07935e-16
9			7.25			3.53601e-17
10			7.25			-2.58676e-16
11			7.25			1.71536e-16

0			7.3			-5.80429e-17
1			7.3			2.89123e-16
2			7.3			-8.7688e-17
3			7.3			1.80908e-16
4			7.3			5.39703e-17
5			7.3			1.53931e-16
6			7.3			-1.43448e-16
7			7.3			-6.11996e-17
8			7.3			-1.7407e-16
9			7.3			-3.30422e-17
10			7.3			-3.04526e-16
11			7.3			2.02013e-16

0			7.35			-1.08125e-16
1			7.35			2.54441e-16
2			7.35			-8.03475e-17
3			7.35			1.89771e-16
4			7.35			4.90966e-17
5			7.35			1.2656e-16
6			7.35			-7.85566e-17
7			7.35			-4.6419e-17
8			7.35			-2.31354e-16
9			7.35			5.56612e-17
10			7.35			-2.85212e-16
11			7.35			2.07449e-16

0			7.4			-1.13708e-16
1			7.4			2.35678e-16
2			7.4			-6.96659e-17
3			7.4			1.76477e-16
4			7.4			6.142e-17
5			7.4			1.15262e-16
6			7.4			-5.46996e-17
7			7.4			-5.68056e-17
8			7.4			-1.55057e-16
9			7.4			7.07824e-17
10			7.4			-2.43203e-16
11			7.4			2.14764e-16

0			7.45			-2.6972e-17
1			7.45			1.68784e-16
2			7.45			-2.14296e-17
3			7.45			1.70028e-16
4			7.45			5.49356e-17
5			7.45			1.1931e-16
6			7.45			-5.94106e-17
7			7.45			-9.37714e-17
8			7.45			-1.41521e-16
9			7.45			2.78447e-17
10			7.45			-3.15631e-16
11			7.45			2.25603e-16

0			7.5			-3.85207e-17
1			7.5			2.45234e-16
2			7.5			-7.55794e-17
3			7.5			1.56286e-16
4			7.5			5.54395e-17
5			7.5			1.72349e-16
6			7.5			-1.40486e-16
7			7.5			-7.93134e-17
8			7.5			-1.33442e-16
9			7.5			4.4191e-17
10			7.5			-2.52013e-16
11			7.5			1.85137e-16

0			7.55			-3.11455e-17
1			7.55			2.12344e-16
2			7.55			-2.78444e-17
3			7.55			1.47673e-16
4			7.55			3.42645e-17
5			7.55			1.60204e-16
6			7.55			-1.31264e-16
7			7.55			-6.4432e-17
8			7.55			-1.44219e-16
9			7.55			2.55397e-17
10			7.55			-2.71532e-16
11			7.55			2.48885e-16

0			7.6			-5.26088e-17
1			7.6			2.12672e-16
2			7.6			-1.30238e-17
3			7.6			1.33349e-16
4			7.6			3.73329e-17
5			7.6			1.87044e-16
6			7.6			-1.57334e-16
7			7.6			-4.92594e-17
8			7.6			-1.55503e-16
9			7.6			2.46105e-17
10			7.6			-2.42537e-16
11			7.6			1.39102e-16

0			7.65			-1.30025e-16
1			7.65			2.42498e-16
2			7.65			-8.54969e-17
3			7.65			1.58741e-16
4			7.65			-1.51045e-18
5			7.65			1.84064e-16
6			7.65			-1.85502e-16
7			7.65			-2.403e-17
8			7.65			-1.84216e-16
9			7.65			7.42709e-17
10			7.65			-3.82395e-16
11			7.65			2.55983e-16

0			7.7			-2.31462e-16
1			7.7			2.41213e-16
2			7.7			-5.21426e-17
3			7.7			1.49884e-16
4			7.7			3.22251e-17
5			7.7			2.09559e-16
6			7.7			-1.78159e-16
7			7.7			-5.96167e-17
8			7.7			-1.39751e-16
9			7.7			5.94979e-17
10			7.7			-3.06529e-16
11			7.7			3.04094e-16

0			7.75			-1.31082e-16
1			7.75			2.27057e-16
2			7.75			-5.6786e-17
3			7.75			1.21117e-16
4			7.75			7.26219e-17
5			7.75			1.53676e-16
6			7.75			-1.83648e-16
7			7.75			-4.99787e-17
8			7.75			-1.06029e-16
9			7.75			6.5776e-17
10			7.75			-3.77446e-16
11			7.75			2.7481e-16

0			7.8			-2.39358e-16
1			7.8			2.56728e-16
2			7.8			-4.34818e-17
3			7.8			1.1957e-16
4			7.8			7.55529e-17
5			7.8			1.3317e-16
6			7.8			-1.32671e-16
7			7.8			-9.93458e-17
8			7.8			-1.14129e-16
9			7.8			4.44086e-17
10			7.8			-1.78937e-16
11			7.8			1.68008e-16

0			7.85			-1.99568e-16
1			7.85			2.14188e-16
2			7.85			-2.41054e-17
3			7.85			1.24899e-16
4			7.85			7.75652e-17
5			7.85			1.25592e-16
6			7.85			-1.20964e-16
7			7.85			-1.00894e-16
8			7.85			-1.10846e-16
9			7.85			4.44935e-17
10			7.85			-1.48928e-16
11			7.85			1.772e-16

0			7.9			-2.91806e-16
1			7.9			2.39492e-16
2			7.9			-5.39701e-17
3			7.9			1.33653e-16
4			7.9			5.11964e-17
5			7.9			1.55815e-16
6			7.9			-1.51069e-16
7			7.9			-3.08887e-17
8			7.9			-1.76942e-16
9			7.9			6.04165e-17
10			7.9			-2.09333e-16
11			7.9			2.07001e-16

0			7.95			-2.57168e-16
1			7.95			2.70786e-16
2			7.95			-5.65021e-17
3			7.95			1.68363e-16
4			7.95			4.77437e-17
5			7.95			1.70283e-16
6			7.95			-1.46524e-16
7			7.95			-5.43048e-17
8			7.95			-1.3617e-16
9			7.95			7.3054e-17
10			7.95			-2.80396e-16
11			7.95			1.77571e-16

0			8			-2.71118e-16
1			8			2.84247e-16
2			8			-4.69589e-17
3			8			1.67124e-16
4			8			1.412e-17
5			8			2.00892e-16
6			8			-2.02993e-16
7			8			-1.59303e-17
8			8			-1.67811e-16
9			8			9.26418e-17
10			8			-2.99406e-16
11			8			2.41828e-16

0			8.05			-2.78249e-16
1			8.05			2.50638e-16
2			8.05			-1.72729e-17
3			8.05			1.71401e-16
4			8.05			2.84488e-17
5			8.05			1.41747e-16
6			8.05			-1.34466e-16
7			8.05			-2.21402e-17
8			8.05			-1.58985e-16
9			8.05			3.51823e-17
10			8.05			-2.80537e-16
11			8.05			9.41629e-17

0			8.1			-2.6794e-16
1			8.1			2.45465e-16
2			8.1			-1.27317e-17
3			8.1			1.72589e-16
4			8.1			3.5513e-17
5			8.1			1.51564e-16
6			8.1			-1.79488e-16
7			8.1			-3.04226e-17
8			8.1			-1.20762e-16
9			8.1			4.15972e-17
10			8.1			-2.17744e-16
11			8.1			1.15323e-16

0			8.15			-2.08806e-16
1			8.15			2.90371e-16
2			8.15			-3.31668e-17
3			8.15			1.99218e-16
4			8.15			7.04079e-17
5			8.15			1.63626e-16
6			8.15			-1.42136e-16
7			8.15			-8.44647e-17
8			8.15			-1.30022e-16
9			8.15			8.61136e-17
10			8.15			-2.77745e-16
11			8.15			1.38589e-16

0			8.2			-2.72797e-16
1			8.2			3.07816e-16
2			8.2			-8.39502e-18
3			8.2			2.05069e-16
4			8.2			4.4127e-17
5			8.2			1.76211e-16
6			8.2			-1.76858e-16
7			8.2			-9.52614e-17
8			8.2			-1.18778e-16
9			8.2			2.04334e-17
10			8.2			-2.64061e-16
11			8.2			1.38395e-16

0			8.25			-1.73225e-16
1			8.25			3.12268e-16
2			8.25			-1.04172e-17
3			8.25			1.93371e-16
4			8.25			4.36442e-17
5			8.25			2.08146e-16
6			8.25			-1.89224e-16
7			8.25			-5.58389e-17
8			8.25			-1.65346e-16
9			8.25			6.35701e-17
10			8.25			-2.79905e-16
11			8.25			1.08673e-16

0			8.3			-1.94413e-16
1			8.3			3.12143e-16
2			8.3			-4.51002e-17
3			8.3			2.12955e-16
4			8.3			3.51011e-17
5			8.3			1.79605e-16
6			8.3			-1.57193e-16
7			8.3			-7.37807e-17
8			8.3			-1.73634e-16
9			8.3			8.21427e-17
10			8.3			-2.79981e-16
11			8.3			1.50231e-16

0			8.35			-5.57423e-17
1			8.35			3.79942e-16
2			8.35			-4.39892e-17
3			8.35			1.98556e-16
4			8.35			7.70943e-17
5			8.35			1.49534e-16
6			8.35			-1.46001e-16
7			8.35			-1.56213e-16
8			8.35			-1.69042e-16
9			8.35			1.19099e-16
10			8.35			-4.24737e-16
11			8.35			1.5813e-16

0			8.4			-9.46786e-17
1			8.4			3.44777e-16
2			8.4			-2.06611e-17
3			8.4			1.71458e-16
4			8.4			9.98706e-17
5			8.4			1.0524e-16
6			8.4			-8.47009e-17
7			8.4			-1.81464e-16
8			8.4			-1.13433e-16
9			8.4			7.86473e-17
10			8.4			-4.83837e-16
11			8.4			3.00258e-16

0			8.45			-1.36305e-16
1			8.45			3.32955e-16
2			8.45			-5.29589e-17
3			8.45			1.70456e-16
4			8.45			8.81105e-17
5			8.45			1.78353e-16
6			8.45			-1.4629e-16
7			8.45			-1.38985e-16
8			8.45			-1.3076e-16
9			8.45			1.1507e-16
10			8.45			-4.36572e-16
11			8.45			1.67111e-16

0			8.5			-1.30388e-16
1			8.5			3.38695e-16
2			8.5			-8.1024e-18
3			8.5			1.77485e-16
4			8.5			7.97494e-17
5			8.5			1.75733e-16
6			8.5			-1.42318e-16
7			8.5			-1.13462e-16
8			8.5			-1.6323e-16
9			8.5			1.19123e-16
10			8.5			-4.51601e-16
11			8.5			2.42288e-16

0			8.55			-1.77737e-16
1			8.55			3.81105e-16
2			8.55			-4.21389e-17
3			8.55			1.96606e-16
4			8.55			7.08765e-17
5			8.55			2.18214e-16
6			8.55			-2.04863e-16
7			8.55			-1.24147e-16
8			8.55			-1.59927e-16
9			8.55			1.22643e-16
10			8.55			-4.69765e-16
11			8.55			2.65758e-16

0			8.6			-1.14263e-16
1			8.6			3.12652e-16
2			8.6			-1.0333e-17
3			8.6			1.8405e-16
4			8.6			9.48439e-17
5			8.6			1.72818e-16
6			8.6			-1.30155e-16
7			8.6			-1.50957e-16
8			8.6			-1.79749e-16
9			8.6			8.66938e-17
10			8.6			-4.43264e-16
11			8.6			1.53481e-16

0			8.65			-7.87457e-17
1			8.65			3.79369e-16
2			8.65			-3.72095e-17
3			8.65			2.0189e-16
4			8.65			1.21557e-16
5			8.65			2.05663e-16
6			8.65			-1.71301e-16
7			8.65			-1.84228e-16
8			8.65			-1.47574e-16
9			8.65			1.14911e-16
10			8.65			-4.87472e-16
11			8.65			1.16212e-16

0			8.7			-7.1129e-17
1			8.7			3.64048e-16
2			8.7			6.67175e-18
3			8.7			1.88987e-16
4			8.7			1.4095e-16
5			8.7			1.79101e-16
6			8.7			-1.43663e-16
7			8.7			-1.98458e-16
8			8.7			-1.20781e-16
9			8.7			7.82241e-17
10			8.7			-3.70202e-16
11			8.7			1.15521e-16

0			8.75			-4.0358e-17
1			8.75			3.68147e-16
2			8.75			2.77597e-17
3			8.75			1.59773e-16
4			8.75			1.7137e-16
5			8.75			1.61803e-16
6			8.75			-1.42703e-16
7			8.75			-2.11416e-16
8			8.75			-1.23448e-16
9			8.75			5.95929e-17
10			8.75			-4.34803e-16
11			8.75			2.24392e-16

