0		0		3.42098e-15
0		0.0031831		3.39913e-15
0		0.0063662		3.33405e-15
0		0.0095493		3.22709e-15
0		0.0127324		3.08053e-15
0		0.0159155		2.89742e-15
0		0.0190986		2.68161e-15
0		0.0222817		2.43759e-15
0		0.0254648		2.17044e-15
0		0.0286479		1.88569e-15
0		0.031831		1.58927e-15
0		0.0350141		1.28743e-15
0		0.0381972		9.86867e-16
0		0.0413803		6.95391e-16
0		0.0445634		4.25422e-16
0		0.0477465		2.19833e-16
0		0.0509296		2.40665e-16
0		0.0541127		4.18748e-16
0		0.0572958		6.0242e-16
0		0.0604789		7.6356e-16
0		0.063662		8.95201e-16
0		0.0668451		9.94744e-16
0		0.0700282		1.06141e-15
0		0.0732113		1.09561e-15
0		0.0763944		1.09878e-15
0		0.0795775		1.07321e-15
0		0.0827606		1.02206e-15
0		0.0859437		9.4933e-16
0		0.0891268		8.59925e-16
0		0.0923099		7.5983e-16
0		0.095493		6.56544e-16
0		0.0986761		5.59822e-16
0		0.101859		4.82394e-16
0		0.105042		4.38512e-16
0		0.108225		4.36606e-16
0		0.111408		4.71093e-16
0		0.114592		5.26564e-16
0		0.117775		5.88118e-16
0		0.120958		6.45458e-16
0		0.124141		6.92307e-16
0		0.127324		7.25154e-16
0		0.130507		7.42406e-16
0		0.13369		7.4394e-16
0		0.136873		7.30879e-16
0		0.140056		7.055e-16
0		0.143239		6.71223e-16
0		0.146423		6.32602e-16
0		0.149606		5.95223e-16
0		0.152789		5.65251e-16
0		0.155972		5.48329e-16
0		0.159155		5.4787e-16
0		0.162338		5.63661e-16
0		0.165521		5.91973e-16
0		0.168704		6.27083e-16
0		0.171887		6.62967e-16
0		0.17507		6.94315e-16
0		0.178254		7.169e-16
0		0.181437		7.27605e-16
0		0.18462		7.24358e-16
0		0.187803		7.06055e-16
0		0.190986		6.72527e-16
0		0.194169		6.24557e-16
0		0.197352		5.64019e-16
0		0.200535		4.94219e-16
0		0.203718		4.20725e-16
0		0.206901		3.53121e-16
0		0.210085		3.07345e-16
0		0.213268		3.02483e-16
0		0.216451		3.44113e-16
0		0.219634		4.18227e-16
0		0.222817		5.07685e-16
0		0.226		6.00805e-16
0		0.229183		6.90292e-16
0		0.232366		7.71293e-16
0		0.235549		8.40349e-16
0		0.238732		8.94928e-16
0		0.241916		9.33207e-16
0		0.245099		9.5398e-16
0		0.248282		9.56602e-16
0		0.251465		9.40962e-16
0		0.254648		9.07447e-16
0		0.257831		8.5691e-16
0		0.261014		7.90631e-16
0		0.264197		7.10266e-16
0		0.26738		6.17802e-16
0		0.270563		5.15493e-16
0		0.273747		4.05817e-16
0		0.27693		2.91455e-16
0		0.280113		1.75473e-16
0		0.283296		6.41812e-17
0		0.286479		6.64253e-17
0		0.289662		1.70056e-16
0		0.292845		2.70247e-16
0		0.296028		3.6168e-16
0		0.299211		4.42249e-16
0		0.302394		5.10467e-16
0		0.305577		5.65256e-16
0		0.308761		6.05912e-16
0		0.311944		6.32093e-16
0		0.315127		6.43808e-16
0		0.31831		6.41399e-16
0		0.321493		6.25521e-16
0		0.324676		5.97114e-16
0		0.327859		5.57371e-16
0		0.331042		5.07702e-16
0		0.334225		4.49711e-16
0		0.337408		3.85175e-16
0		0.340592		3.16066e-16
0		0.343775		2.44692e-16
0		0.346958		1.74248e-16
0		0.350141		1.11357e-16
0		0.353324		7.74351e-17
0		0.356507		1.01063e-16
0		0.35969		1.5274e-16
0		0.362873		2.07449e-16
0		0.366056		2.58206e-16
0		0.369239		3.02422e-16
0		0.372423		3.38735e-16
0		0.375606		3.66293e-16
0		0.378789		3.84556e-16
0		0.381972		3.93214e-16
0		0.385155		3.92159e-16
0		0.388338		3.81459e-16
0		0.391521		3.61354e-16
0		0.394704		3.32244e-16
0		0.397887		2.94688e-16
0		0.40107		2.4941e-16
0		0.404254		1.97327e-16
0		0.407437		1.39689e-16
0		0.41062		7.89303e-17
0		0.413803		3.20911e-17
0		0.416986		7.30026e-17
0		0.420169		1.41009e-16
0		0.423352		2.11399e-16
0		0.426535		2.80967e-16
0		0.429718		3.47919e-16
0		0.432901		4.10732e-16
0		0.436085		4.67998e-16
0		0.439268		5.18413e-16
0		0.442451		5.60789e-16
0		0.445634		5.94081e-16
0		0.448817		6.1741e-16
0		0.452		6.30086e-16
0		0.455183		6.31634e-16
0		0.458366		6.21803e-16
0		0.461549		6.00588e-16
0		0.464732		5.6823e-16
0		0.467916		5.25223e-16
0		0.471099		4.72305e-16
0		0.474282		4.10459e-16
0		0.477465		3.40903e-16
0		0.480648		2.65116e-16
0		0.483831		1.84978e-16
0		0.487014		1.03736e-16
0		0.490197		4.09334e-17
0		0.49338		8.7003e-17
0		0.496563		1.6691e-16
0		0.499747		2.46624e-16
0		0.50293		3.2212e-16
0		0.506113		3.91444e-16
0		0.509296		4.53145e-16
0		0.512479		5.06068e-16
0		0.515662		5.49324e-16
0		0.518845		5.8229e-16
0		0.522028		6.0462e-16
0		0.525211		6.16242e-16
0		0.528394		6.17364e-16
0		0.531578		6.08461e-16
0		0.534761		5.9026e-16
0		0.537944		5.63721e-16
0		0.541127		5.30008e-16
0		0.54431		4.90458e-16
0		0.547493		4.46546e-16
0		0.550676		3.99854e-16
0		0.553859		3.52039e-16
0		0.557042		3.04812e-16
0		0.560225		2.59934e-16
0		0.563408		2.19234e-16
0		0.566592		1.84625e-16
0		0.569775		1.58057e-16
0		0.572958		1.41171e-16
0		0.576141		1.3457e-16
0		0.579324		1.37309e-16
0		0.582507		1.47486e-16
0		0.58569		1.63415e-16
0		0.588873		1.84159e-16
0		0.592056		2.0935e-16
0		0.595239		2.38777e-16
0		0.598423		2.7209e-16
0		0.601606		3.08662e-16
0		0.604789		3.47574e-16
0		0.607972		3.87677e-16
0		0.611155		4.27669e-16
0		0.614338		4.66172e-16
0		0.617521		5.0181e-16
0		0.620704		5.33266e-16
0		0.623887		5.59345e-16
0		0.62707		5.79019e-16
0		0.630254		5.91472e-16
0		0.633437		5.96146e-16
0		0.63662		5.92776e-16
0		0.639803		5.81431e-16
0		0.642986		5.62555e-16
0		0.646169		5.37022e-16
0		0.649352		5.06204e-16
0		0.652535		4.72059e-16
0		0.655718		4.37234e-16
0		0.658901		4.05134e-16
0		0.662085		3.79777e-16
0		0.665268		3.65191e-16
0		0.668451		3.64192e-16
0		0.671634		3.77136e-16
0		0.674817		4.01749e-16
0		0.678		4.34194e-16
0		0.681183		4.70367e-16
0		0.684366		5.06655e-16
0		0.687549		5.40163e-16
0		0.690732		5.68684e-16
0		0.693916		5.90614e-16
0		0.697099		6.04867e-16
0		0.700282		6.10823e-16
0		0.703465		6.08291e-16
0		0.706648		5.97489e-16
0		0.709831		5.79047e-16
0		0.713014		5.54013e-16
0		0.716197		5.23883e-16
0		0.71938		4.90642e-16
0		0.722563		4.56803e-16
0		0.725747		4.25408e-16
0		0.72893		3.99874e-16
0		0.732113		3.83517e-16
0		0.735296		3.78714e-16
0		0.738479		3.86027e-16
0		0.741662		4.0398e-16
0		0.744845		4.29693e-16
0		0.748028		4.59849e-16
0		0.751211		4.91395e-16
0		0.754394		5.21843e-16
0		0.757578		5.49311e-16
0		0.760761		5.72467e-16
0		0.763944		5.90454e-16
0		0.767127		6.02816e-16
0		0.77031		6.09447e-16
0		0.773493		6.10539e-16
0		0.776676		6.06543e-16
0		0.779859		5.98126e-16
0		0.783042		5.86129e-16
0		0.786225		5.71518e-16
0		0.789409		5.55329e-16
0		0.792592		5.38596e-16
0		0.795775		5.22283e-16
0		0.798958		5.07193e-16
0		0.802141		4.93897e-16
0		0.805324		4.82676e-16
0		0.808507		4.73496e-16
0		0.81169		4.66031e-16
0		0.814873		4.59723e-16
0		0.818056		4.53864e-16
0		0.82124		4.47692e-16
0		0.824423		4.40475e-16
0		0.827606		4.31569e-16
0		0.830789		4.20463e-16
0		0.833972		4.06805e-16
0		0.837155		3.90407e-16
0		0.840338		3.71255e-16
0		0.843521		3.49501e-16
0		0.846704		3.25477e-16
0		0.849887		2.99698e-16
0		0.85307		2.72896e-16
0		0.856254		2.46066e-16
0		0.859437		2.20544e-16
0		0.86262		1.98078e-16
0		0.865803		1.808e-16
0		0.868986		1.70877e-16
0		0.872169		1.69686e-16
0		0.875352		1.76994e-16
0		0.878535		1.91022e-16
0		0.881718		2.09337e-16
0		0.884901		2.29657e-16
0		0.888085		2.5016e-16
0		0.891268		2.69467e-16
0		0.894451		2.86552e-16
0		0.897634		3.00646e-16
0		0.900817		3.11181e-16
0		0.904		3.17751e-16
0		0.907183		3.20089e-16
0		0.910366		3.18065e-16
0		0.913549		3.11673e-16
0		0.916732		3.01041e-16
0		0.919916		2.86434e-16
0		0.923099		2.6827e-16
0		0.926282		2.47139e-16
0		0.929465		2.23851e-16
0		0.932648		1.99502e-16
0		0.935831		1.75602e-16
0		0.939014		1.54226e-16
0		0.942197		1.38085e-16
0		0.94538		1.30038e-16
0		0.948563		1.31666e-16
0		0.951747		1.41996e-16
0		0.95493		1.58176e-16
0		0.958113		1.77145e-16
0		0.961296		1.96495e-16
0		0.964479		2.14529e-16
0		0.967662		2.30078e-16
0		0.970845		2.42347e-16
0		0.974028		2.50817e-16
0		0.977211		2.55184e-16
0		0.980394		2.55326e-16
0		0.983578		2.5129e-16
0		0.986761		2.43273e-16
0		0.989944		2.31623e-16
0		0.993127		2.16841e-16
0		0.99631		1.99591e-16

0.166667		0		0.0765512
0.166667		0.0031831		0.0770731
0.166667		0.0063662		0.0785056
0.166667		0.0095493		0.0804916
0.166667		0.0127324		0.0825519
0.166667		0.0159155		0.0841956
0.166667		0.0190986		0.0850034
0.166667		0.0222817		0.0846829
0.166667		0.0254648		0.0831032
0.166667		0.0286479		0.0803228
0.166667		0.031831		0.0766188
0.166667		0.0350141		0.0725163
0.166667		0.0381972		0.0687978
0.166667		0.0413803		0.0664316
0.166667		0.0445634		0.0663326
0.166667		0.0477465		0.0689792
0.166667		0.0509296		0.0741636
0.166667		0.0541127		0.0811151
0.166667		0.0572958		0.0888319
0.166667		0.0604789		0.0963379
0.166667		0.063662		0.102792
0.166667		0.0668451		0.107515
0.166667		0.0700282		0.109987
0.166667		0.0732113		0.109853
0.166667		0.0763944		0.106926
0.166667		0.0795775		0.101209
0.166667		0.0827606		0.0929399
0.166667		0.0859437		0.082678
0.166667		0.0891268		0.0714912
0.166667		0.0923099		0.0613189
0.166667		0.095493		0.0553208
0.166667		0.0986761		0.0568307
0.166667		0.101859		0.0662434
0.166667		0.105042		0.0808163
0.166667		0.108225		0.0975567
0.166667		0.111408		0.114337
0.166667		0.114592		0.129682
0.166667		0.117775		0.142496
0.166667		0.120958		0.151919
0.166667		0.124141		0.157281
0.166667		0.127324		0.158082
0.166667		0.130507		0.154002
0.166667		0.13369		0.14492
0.166667		0.136873		0.130944
0.166667		0.140056		0.112492
0.166667		0.143239		0.090491
0.166667		0.146423		0.0670857
0.166667		0.149606		0.0483818
0.166667		0.152789		0.0485689
0.166667		0.155972		0.0707371
0.166667		0.159155		0.102168
0.166667		0.162338		0.135944
0.166667		0.165521		0.169069
0.166667		0.168704		0.199644
0.166667		0.171887		0.226137
0.166667		0.17507		0.247195
0.166667		0.178254		0.261601
0.166667		0.181437		0.268282
0.166667		0.18462		0.26633
0.166667		0.187803		0.255027
0.166667		0.190986		0.233878
0.166667		0.194169		0.202662
0.166667		0.197352		0.161536
0.166667		0.200535		0.111456
0.166667		0.203718		0.0574615
0.166667		0.206901		0.0484913
0.166667		0.210085		0.115297
0.166667		0.213268		0.199091
0.166667		0.216451		0.290424
0.166667		0.219634		0.386675
0.166667		0.222817		0.485901
0.166667		0.226		0.586248
0.166667		0.229183		0.685853
0.166667		0.232366		0.782851
0.166667		0.235549		0.875403
0.166667		0.238732		0.961731
0.166667		0.241916		1.04015
0.166667		0.245099		1.10913
0.166667		0.248282		1.1673
0.166667		0.251465		1.21349
0.166667		0.254648		1.24676
0.166667		0.257831		1.26646
0.166667		0.261014		1.27215
0.166667		0.264197		1.26373
0.166667		0.26738		1.24134
0.166667		0.270563		1.20543
0.166667		0.273747		1.15669
0.166667		0.27693		1.0961
0.166667		0.280113		1.02483
0.166667		0.283296		0.944274
0.166667		0.286479		0.856001
0.166667		0.289662		0.761706
0.166667		0.292845		0.663179
0.166667		0.296028		0.562272
0.166667		0.299211		0.460854
0.166667		0.302394		0.360789
0.166667		0.305577		0.263928
0.166667		0.308761		0.172222
0.166667		0.311944		0.0885947
0.166667		0.315127		0.0324903
0.166667		0.31831		0.0748528
0.166667		0.321493		0.132831
0.166667		0.324676		0.182982
0.166667		0.327859		0.223263
0.166667		0.331042		0.253175
0.166667		0.334225		0.272696
0.166667		0.337408		0.282105
0.166667		0.340592		0.28193
0.166667		0.343775		0.272911
0.166667		0.346958		0.25597
0.166667		0.350141		0.232186
0.166667		0.353324		0.202768
0.166667		0.356507		0.169032
0.166667		0.35969		0.13241
0.166667		0.362873		0.094556
0.166667		0.366056		0.057965
0.166667		0.369239		0.0308104
0.166667		0.372423		0.0385967
0.166667		0.375606		0.0666938
0.166667		0.378789		0.0952412
0.166667		0.381972		0.12039
0.166667		0.385155		0.1409
0.166667		0.388338		0.156157
0.166667		0.391521		0.165858
0.166667		0.394704		0.169925
0.166667		0.397887		0.168479
0.166667		0.40107		0.161813
0.166667		0.404254		0.150383
0.166667		0.407437		0.134787
0.166667		0.41062		0.115759
0.166667		0.413803		0.09418
0.166667		0.416986		0.071159
0.166667		0.420169		0.0484158
0.166667		0.423352		0.030254
0.166667		0.426535		0.0284474
0.166667		0.429718		0.0435273
0.166667		0.432901		0.0624868
0.166667		0.436085		0.0804926
0.166667		0.439268		0.0959963
0.166667		0.442451		0.10826
0.166667		0.445634		0.116869
0.166667		0.448817		0.12161
0.166667		0.452		0.12243
0.166667		0.455183		0.119423
0.166667		0.458366		0.112817
0.166667		0.461549		0.102964
0.166667		0.464732		0.090338
0.166667		0.467916		0.0755433
0.166667		0.471099		0.0593742
0.166667		0.474282		0.0430432
0.166667		0.477465		0.0291341
0.166667		0.480648		0.0241067
0.166667		0.483831		0.031967
0.166667		0.487014		0.0453488
0.166667		0.490197		0.059184
0.166667		0.49338		0.071673
0.166667		0.496563		0.0820041
0.166667		0.499747		0.0897208
0.166667		0.50293		0.0945594
0.166667		0.506113		0.0963986
0.166667		0.509296		0.0952398
0.166667		0.512479		0.0911981
0.166667		0.515662		0.0844956
0.166667		0.518845		0.0754602
0.166667		0.522028		0.0645328
0.166667		0.525211		0.0523065
0.166667		0.528394		0.0396663
0.166667		0.531578		0.0282965
0.166667		0.534761		0.0220702
0.166667		0.537944		0.0253179
0.166667		0.541127		0.0348072
0.166667		0.54431		0.0457998
0.166667		0.547493		0.0562392
0.166667		0.550676		0.0652248
0.166667		0.553859		0.0722663
0.166667		0.557042		0.0770716
0.166667		0.560225		0.0794807
0.166667		0.563408		0.0794428
0.166667		0.566592		0.077006
0.166667		0.569775		0.0723118
0.166667		0.572958		0.0655939
0.166667		0.576141		0.0571836
0.166667		0.579324		0.0475355
0.166667		0.582507		0.0373144
0.166667		0.58569		0.0276838
0.166667		0.588873		0.0211116
0.166667		0.592056		0.0212884
0.166667		0.595239		0.0277373
0.166667		0.598423		0.0365548
0.166667		0.601606		0.0454565
0.166667		0.604789		0.0534268
0.166667		0.607972		0.0599343
0.166667		0.611155		0.0646625
0.166667		0.614338		0.0674254
0.166667		0.617521		0.0681374
0.166667		0.620704		0.0668014
0.166667		0.623887		0.0635034
0.166667		0.62707		0.0584108
0.166667		0.630254		0.0517761
0.166667		0.633437		0.0439533
0.166667		0.63662		0.0354535
0.166667		0.639803		0.0271172
0.166667		0.642986		0.0206014
0.166667		0.646169		0.018785
0.166667		0.649352		0.0227597
0.166667		0.652535		0.0297829
0.166667		0.655718		0.0374457
0.166667		0.658901		0.0445973
0.166667		0.662085		0.0506544
0.166667		0.665268		0.0552764
0.166667		0.668451		0.0582561
0.166667		0.671634		0.0594821
0.166667		0.674817		0.0589245
0.166667		0.678		0.0566284
0.166667		0.681183		0.0527118
0.166667		0.684366		0.0473679
0.166667		0.687549		0.040876
0.166667		0.690732		0.0336382
0.166667		0.693916		0.0262911
0.166667		0.697099		0.0200256
0.166667		0.700282		0.0170734
0.166667		0.703465		0.0192184
0.166667		0.706648		0.0248418
0.166667		0.709831		0.0315608
0.166667		0.713014		0.0381014
0.166667		0.716197		0.0438297
0.166667		0.71938		0.0483829
0.166667		0.722563		0.0515367
0.166667		0.725747		0.053159
0.166667		0.72893		0.0531929
0.166667		0.732113		0.0516497
0.166667		0.735296		0.0486054
0.166667		0.738479		0.0442014
0.166667		0.741662		0.0386498
0.166667		0.744845		0.0322548
0.166667		0.748028		0.0254801
0.166667		0.751211		0.0191604
0.166667		0.754394		0.0150334
0.166667		0.757578		0.0154714
0.166667		0.760761		0.0200228
0.166667		0.763944		0.0261881
0.166667		0.767127		0.0324692
0.166667		0.77031		0.038168
0.166667		0.773493		0.0429055
0.166667		0.776676		0.0464488
0.166667		0.779859		0.0486546
0.166667		0.783042		0.0494495
0.166667		0.786225		0.0488228
0.166667		0.789409		0.0468239
0.166667		0.792592		0.0435628
0.166667		0.795775		0.0392141
0.166667		0.798958		0.0340315
0.166667		0.802141		0.028385
0.166667		0.805324		0.0228591
0.166667		0.808507		0.0184607
0.166667		0.81169		0.0167002
0.166667		0.814873		0.0184254
0.166667		0.818056		0.0225739
0.166667		0.82124		0.0276136
0.166667		0.824423		0.0325847
0.166667		0.827606		0.0369571
0.166667		0.830789		0.0404185
0.166667		0.833972		0.0427771
0.166667		0.837155		0.0439227
0.166667		0.840338		0.0438112
0.166667		0.843521		0.0424576
0.166667		0.846704		0.0399343
0.166667		0.849887		0.0363729
0.166667		0.85307		0.0319728
0.166667		0.856254		0.0270276
0.166667		0.859437		0.0219924
0.166667		0.86262		0.0176432
0.166667		0.865803		0.0152542
0.166667		0.868986		0.0159636
0.166667		0.872169		0.0192774
0.166667		0.875352		0.0237683
0.166667		0.878535		0.028412
0.166667		0.881718		0.032639
0.166667		0.884901		0.0361182
0.166667		0.888085		0.0386448
0.166667		0.891268		0.040095
0.166667		0.894451		0.0404076
0.166667		0.897634		0.0395765
0.166667		0.900817		0.0376484
0.166667		0.904		0.034723
0.166667		0.907183		0.0309591
0.166667		0.910366		0.0265913
0.166667		0.913549		0.0219749
0.166667		0.916732		0.0176952
0.166667		0.919916		0.0147498
0.166667		0.923099		0.0143572
0.166667		0.926282		0.0166673
0.166667		0.929465		0.0205162
0.166667		0.932648		0.0247969
0.166667		0.935831		0.0288617
0.166667		0.939014		0.0323408
0.166667		0.942197		0.0350081
0.166667		0.94538		0.0367229
0.166667		0.948563		0.0374072
0.166667		0.951747		0.0370359
0.166667		0.95493		0.0356331
0.166667		0.958113		0.0332719
0.166667		0.961296		0.0300774
0.166667		0.964479		0.0262383
0.166667		0.967662		0.0220355
0.166667		0.970845		0.0179163
0.166667		0.974028		0.0146425
0.166667		0.977211		0.0133299
0.166667		0.980394		0.0146146
0.166667		0.983578		0.0177622
0.166667		0.986761		0.021644
0.166667		0.989944		0.0255194
0.166667		0.993127		0.0289675
0.166667		0.99631		0.0317358

0.333333		0		0.0607072
0.333333		0.0031831		0.0604349
0.333333		0.0063662		0.0596645
0.333333		0.0095493		0.0585317
0.333333		0.0127324		0.0572503
0.333333		0.0159155		0.0560866
0.333333		0.0190986		0.055317
0.333333		0.0222817		0.0551678
0.333333		0.0254648		0.0557529
0.333333		0.0286479		0.0570366
0.333333		0.031831		0.0588401
0.333333		0.0350141		0.0608874
0.333333		0.0381972		0.0628644
0.333333		0.0413803		0.0644714
0.333333		0.0445634		0.0654591
0.333333		0.0477465		0.0656511
0.333333		0.0509296		0.0649587
0.333333		0.0541127		0.063393
0.333333		0.0572958		0.0610759
0.333333		0.0604789		0.0582518
0.333333		0.063662		0.0552954
0.333333		0.0668451		0.0527004
0.333333		0.0700282		0.0510197
0.333333		0.0732113		0.0507316
0.333333		0.0763944		0.0520612
0.333333		0.0795775		0.0548771
0.333333		0.0827606		0.0587506
0.333333		0.0859437		0.0631144
0.333333		0.0891268		0.0674009
0.333333		0.0923099		0.0711152
0.333333		0.095493		0.0738614
0.333333		0.0986761		0.0753474
0.333333		0.101859		0.075387
0.333333		0.105042		0.0739029
0.333333		0.108225		0.0709355
0.333333		0.111408		0.0666595
0.333333		0.114592		0.0614144
0.333333		0.117775		0.0557523
0.333333		0.120958		0.0504982
0.333333		0.124141		0.0467519
0.333333		0.127324		0.045644
0.333333		0.130507		0.0477462
0.333333		0.13369		0.0526609
0.333333		0.136873		0.0593455
0.333333		0.140056		0.0666853
0.333333		0.143239		0.0737618
0.333333		0.146423		0.0798781
0.333333		0.149606		0.0845178
0.333333		0.152789		0.0873107
0.333333		0.155972		0.0880152
0.333333		0.159155		0.0865127
0.333333		0.162338		0.0828127
0.333333		0.165521		0.077069
0.333333		0.168704		0.0696149
0.333333		0.171887		0.0610387
0.333333		0.17507		0.0523379
0.333333		0.178254		0.0451706
0.333333		0.181437		0.0418801
0.333333		0.18462		0.0442455
0.333333		0.187803		0.0516614
0.333333		0.190986		0.0619566
0.333333		0.194169		0.0731711
0.333333		0.197352		0.0839614
0.333333		0.200535		0.0934123
0.333333		0.203718		0.100868
0.333333		0.206901		0.10585
0.333333		0.210085		0.108024
0.333333		0.213268		0.107188
0.333333		0.216451		0.103279
0.333333		0.219634		0.0963783
0.333333		0.222817		0.0867446
0.333333		0.226		0.074871
0.333333		0.229183		0.0616457
0.333333		0.232366		0.0487868
0.333333		0.235549		0.0398183
0.333333		0.238732		0.0398804
0.333333		0.241916		0.0497615
0.333333		0.245099		0.064916
0.333333		0.248282		0.0816203
0.333333		0.251465		0.0978514
0.333333		0.254648		0.112389
0.333333		0.257831		0.124374
0.333333		0.261014		0.133155
0.333333		0.264197		0.138239
0.333333		0.26738		0.13928
0.333333		0.270563		0.136082
0.333333		0.273747		0.128611
0.333333		0.27693		0.117009
0.333333		0.280113		0.101635
0.333333		0.283296		0.0831602
0.333333		0.286479		0.0628813
0.333333		0.289662		0.0439854
0.333333		0.292845		0.0355896
0.333333		0.296028		0.0470995
0.333333		0.299211		0.0697977
0.333333		0.302394		0.0953704
0.333333		0.305577		0.120602
0.333333		0.308761		0.143831
0.333333		0.311944		0.163881
0.333333		0.315127		0.179798
0.333333		0.31831		0.190795
0.333333		0.321493		0.19624
0.333333		0.324676		0.19567
0.333333		0.327859		0.188804
0.333333		0.331042		0.175566
0.333333		0.334225		0.156104
0.333333		0.337408		0.130838
0.333333		0.340592		0.100583
0.333333		0.343775		0.0671141
0.333333		0.346958		0.0372115
0.333333		0.350141		0.0410018
0.333333		0.353324		0.0774525
0.333333		0.356507		0.120465
0.333333		0.35969		0.16398
0.333333		0.362873		0.205613
0.333333		0.366056		0.243591
0.333333		0.369239		0.276328
0.333333		0.372423		0.302352
0.333333		0.375606		0.320314
0.333333		0.378789		0.329009
0.333333		0.381972		0.327407
0.333333		0.385155		0.314687
0.333333		0.388338		0.290264
0.333333		0.391521		0.253827
0.333333		0.394704		0.205395
0.333333		0.397887		0.145497
0.333333		0.40107		0.0764187
0.333333		0.404254		0.0347955
0.333333		0.407437		0.111706
0.333333		0.41062		0.211189
0.333333		0.413803		0.319143
0.333333		0.416986		0.432879
0.333333		0.420169		0.550309
0.333333		0.423352		0.66937
0.333333		0.426535		0.787959
0.333333		0.429718		0.903953
0.333333		0.432901		1.01524
0.333333		0.436085		1.11977
0.333333		0.439268		1.2156
0.333333		0.442451		1.3009
0.333333		0.445634		1.37406
0.333333		0.448817		1.43368
0.333333		0.452		1.47861
0.333333		0.455183		1.50799
0.333333		0.458366		1.52123
0.333333		0.461549		1.51809
0.333333		0.464732		1.49862
0.333333		0.467916		1.46321
0.333333		0.471099		1.41254
0.333333		0.474282		1.34759
0.333333		0.477465		1.26961
0.333333		0.480648		1.18009
0.333333		0.483831		1.08073
0.333333		0.487014		0.973387
0.333333		0.490197		0.86006
0.333333		0.49338		0.742822
0.333333		0.496563		0.623788
0.333333		0.499747		0.505067
0.333333		0.50293		0.388731
0.333333		0.506113		0.276803
0.333333		0.509296		0.171363
0.333333		0.512479		0.0756845
0.333333		0.515662		0.0336178
0.333333		0.518845		0.10236
0.333333		0.522028		0.169122
0.333333		0.525211		0.225083
0.333333		0.528394		0.269216
0.333333		0.531578		0.301277
0.333333		0.534761		0.321396
0.333333		0.537944		0.329996
0.333333		0.541127		0.327753
0.333333		0.54431		0.315563
0.333333		0.547493		0.294517
0.333333		0.550676		0.265866
0.333333		0.553859		0.230988
0.333333		0.557042		0.191367
0.333333		0.560225		0.148582
0.333333		0.563408		0.104394
0.333333		0.566592		0.0613141
0.333333		0.569775		0.0284961
0.333333		0.572958		0.0415215
0.333333		0.576141		0.0759521
0.333333		0.579324		0.109303
0.333333		0.582507		0.138309
0.333333		0.58569		0.161848
0.333333		0.588873		0.179333
0.333333		0.592056		0.19047
0.333333		0.595239		0.195198
0.333333		0.598423		0.193664
0.333333		0.601606		0.186203
0.333333		0.604789		0.173323
0.333333		0.607972		0.155683
0.333333		0.611155		0.134079
0.333333		0.614338		0.109445
0.333333		0.617521		0.0828983
0.333333		0.620704		0.0560119
0.333333		0.623887		0.0324499
0.333333		0.62707		0.0260999
0.333333		0.630254		0.04331
0.333333		0.633437		0.0656886
0.333333		0.63662		0.0869084
0.333333		0.639803		0.105273
0.333333		0.642986		0.119994
0.333333		0.646169		0.130619
0.333333		0.649352		0.136904
0.333333		0.652535		0.138777
0.333333		0.655718		0.13632
0.333333		0.658901		0.129759
0.333333		0.662085		0.119455
0.333333		0.665268		0.105892
0.333333		0.668451		0.0896803
0.333333		0.671634		0.0715869
0.333333		0.674817		0.0526697
0.333333		0.678		0.0349005
0.333333		0.681183		0.0239539
0.333333		0.684366		0.0289948
0.333333		0.687549		0.0436701
0.333333		0.690732		0.0597512
0.333333		0.693916		0.0746072
0.333333		0.697099		0.0872122
0.333333		0.700282		0.0970141
0.333333		0.703465		0.103686
0.333333		0.706648		0.107057
0.333333		0.709831		0.107092
0.333333		0.713014		0.103877
0.333333		0.716197		0.0976099
0.333333		0.71938		0.0886024
0.333333		0.722563		0.0772741
0.333333		0.725747		0.0641723
0.333333		0.72893		0.0500439
0.333333		0.732113		0.0361114
0.333333		0.735296		0.025129
0.333333		0.738479		0.0230324
0.333333		0.741662		0.0311805
0.333333		0.744845		0.0431524
0.333333		0.748028		0.0552706
0.333333		0.751211		0.0661404
0.333333		0.754394		0.0750885
0.333333		0.757578		0.0817243
0.333333		0.760761		0.0858195
0.333333		0.763944		0.0872692
0.333333		0.767127		0.0860765
0.333333		0.77031		0.0823449
0.333333		0.773493		0.0762742
0.333333		0.776676		0.0681598
0.333333		0.779859		0.0584026
0.333333		0.783042		0.0475472
0.333333		0.786225		0.0364147
0.333333		0.789409		0.0265465
0.333333		0.792592		0.0212394
0.333333		0.795775		0.0238947
0.333333		0.798958		0.0319794
0.333333		0.802141		0.0415288
0.333333		0.805324		0.0506661
0.333333		0.808507		0.0585415
0.333333		0.81169		0.0646919
0.333333		0.814873		0.0688426
0.333333		0.818056		0.0708436
0.333333		0.82124		0.0706472
0.333333		0.824423		0.0682986
0.333333		0.827606		0.0639329
0.333333		0.830789		0.0577779
0.333333		0.833972		0.0501681
0.333333		0.837155		0.0415897
0.333333		0.840338		0.0328141
0.333333		0.843521		0.0252712
0.333333		0.846704		0.0216062
0.333333		0.849887		0.0240414
0.333333		0.85307		0.0308637
0.333333		0.856254		0.0392194
0.333333		0.859437		0.047506
0.333333		0.86262		0.054913
0.333333		0.865803		0.0609728
0.333333		0.868986		0.0653918
0.333333		0.872169		0.06799
0.333333		0.875352		0.0686791
0.333333		0.878535		0.0674523
0.333333		0.881718		0.0643804
0.333333		0.884901		0.0596108
0.333333		0.888085		0.0533704
0.333333		0.891268		0.0459801
0.333333		0.894451		0.0378969
0.333333		0.897634		0.0298382
0.333333		0.900817		0.0231068
0.333333		0.904		0.019981
0.333333		0.907183		0.0221423
0.333333		0.910366		0.0279856
0.333333		0.913549		0.0350727
0.333333		0.916732		0.0420207
0.333333		0.919916		0.0481268
0.333333		0.923099		0.0529929
0.333333		0.926282		0.056378
0.333333		0.929465		0.0581453
0.333333		0.932648		0.0582406
0.333333		0.935831		0.056684
0.333333		0.939014		0.0535664
0.333333		0.942197		0.0490504
0.333333		0.94538		0.043378
0.333333		0.948563		0.0368951
0.333333		0.951747		0.0301186
0.333333		0.95493		0.0239073
0.333333		0.958113		0.0197591
0.333333		0.961296		0.019473
0.333333		0.964479		0.0230565
0.333333		0.967662		0.0286528
0.333333		0.970845		0.0347027
0.333333		0.974028		0.0403465
0.333333		0.977211		0.045106
0.333333		0.980394		0.0486931
0.333333		0.983578		0.050934
0.333333		0.986761		0.0517381
0.333333		0.989944		0.0510863
0.333333		0.993127		0.0490254
0.333333		0.99631		0.0456677

0.5		0		0.0395892
0.5		0.0031831		0.0399285
0.5		0.0063662		0.0408725
0.5		0.0095493		0.0422241
0.5		0.0127324		0.0437203
0.5		0.0159155		0.0450919
0.5		0.0190986		0.0461055
0.5		0.0222817		0.0465872
0.5		0.0254648		0.0464349
0.5		0.0286479		0.0456256
0.5		0.031831		0.0442211
0.5		0.0350141		0.0423742
0.5		0.0381972		0.0403332
0.5		0.0413803		0.0384356
0.5		0.0445634		0.0370742
0.5		0.0477465		0.0366132
0.5		0.0509296		0.0372637
0.5		0.0541127		0.0389917
0.5		0.0572958		0.0415329
0.5		0.0604789		0.0444958
0.5		0.063662		0.0474691
0.5		0.0668451		0.0500853
0.5		0.0700282		0.0520457
0.5		0.0732113		0.0531278
0.5		0.0763944		0.0531863
0.5		0.0795775		0.0521558
0.5		0.0827606		0.0500562
0.5		0.0859437		0.0470042
0.5		0.0891268		0.0432353
0.5		0.0923099		0.0391398
0.5		0.095493		0.0353106
0.5		0.0986761		0.0325551
0.5		0.101859		0.0317239
0.5		0.105042		0.03326
0.5		0.108225		0.0368709
0.5		0.111408		0.0417802
0.5		0.114592		0.0471691
0.5		0.117775		0.0523723
0.5		0.120958		0.0568891
0.5		0.124141		0.060349
0.5		0.127324		0.0624853
0.5		0.130507		0.0631208
0.5		0.13369		0.0621635
0.5		0.136873		0.0596085
0.5		0.140056		0.0555476
0.5		0.143239		0.0501897
0.5		0.146423		0.0439071
0.5		0.149606		0.0373356
0.5		0.152789		0.0315685
0.5		0.155972		0.0283124
0.5		0.159155		0.0291914
0.5		0.162338		0.0340826
0.5		0.165521		0.0413561
0.5		0.168704		0.0494591
0.5		0.171887		0.0573573
0.5		0.17507		0.0643705
0.5		0.178254		0.0700212
0.5		0.181437		0.0739626
0.5		0.18462		0.0759494
0.5		0.187803		0.075828
0.5		0.190986		0.0735357
0.5		0.194169		0.0691055
0.5		0.197352		0.0626775
0.5		0.200535		0.0545255
0.5		0.203718		0.0451274
0.5		0.206901		0.0353703
0.5		0.210085		0.0271496
0.5		0.213268		0.0242241
0.5		0.216451		0.0291673
0.5		0.219634		0.0391016
0.5		0.222817		0.0506772
0.5		0.226		0.062176
0.5		0.229183		0.0726673
0.5		0.232366		0.0815355
0.5		0.235549		0.0883258
0.5		0.238732		0.0926955
0.5		0.241916		0.0944011
0.5		0.245099		0.093298
0.5		0.248282		0.0893435
0.5		0.251465		0.0826038
0.5		0.254648		0.0732656
0.5		0.257831		0.0616637
0.5		0.261014		0.0483669
0.5		0.264197		0.0345052
0.5		0.26738		0.0232473
0.5		0.270563		0.0228072
0.5		0.273747		0.03447
0.5		0.27693		0.0501809
0.5		0.280113		0.0663123
0.5		0.283296		0.0814625
0.5		0.286479		0.0948041
0.5		0.289662		0.10572
0.5		0.292845		0.113722
0.5		0.296028		0.118426
0.5		0.299211		0.119563
0.5		0.302394		0.116977
0.5		0.305577		0.110637
0.5		0.308761		0.100641
0.5		0.311944		0.087231
0.5		0.315127		0.0708154
0.5		0.31831		0.0520677
0.5		0.321493		0.0324371
0.5		0.324676		0.0182935
0.5		0.327859		0.0274816
0.5		0.331042		0.0487736
0.5		0.334225		0.0715631
0.5		0.337408		0.0935387
0.5		0.340592		0.113584
0.5		0.343775		0.130853
0.5		0.346958		0.144634
0.5		0.350141		0.154329
0.5		0.353324		0.159461
0.5		0.356507		0.159684
0.5		0.35969		0.154802
0.5		0.362873		0.144776
0.5		0.366056		0.129733
0.5		0.369239		0.10998
0.5		0.372423		0.0860231
0.5		0.375606		0.0586625
0.5		0.378789		0.0297579
0.5		0.381972		0.0167049
0.5		0.385155		0.04437
0.5		0.388338		0.0777203
0.5		0.391521		0.110841
0.5		0.394704		0.142133
0.5		0.397887		0.170382
0.5		0.40107		0.194498
0.5		0.404254		0.213495
0.5		0.407437		0.226509
0.5		0.41062		0.232824
0.5		0.413803		0.231898
0.5		0.416986		0.223382
0.5		0.420169		0.207144
0.5		0.423352		0.183283
0.5		0.426535		0.152142
0.5		0.429718		0.114323
0.5		0.432901		0.0707754
0.5		0.436085		0.0239972
0.5		0.439268		0.0337225
0.5		0.442451		0.0872832
0.5		0.445634		0.142595
0.5		0.448817		0.197156
0.5		0.452		0.249098
0.5		0.455183		0.296599
0.5		0.458366		0.337861
0.5		0.461549		0.371148
0.5		0.464732		0.394824
0.5		0.467916		0.407398
0.5		0.471099		0.407568
0.5		0.474282		0.394256
0.5		0.477465		0.366644
0.5		0.480648		0.324209
0.5		0.483831		0.266745
0.5		0.487014		0.194391
0.5		0.490197		0.107734
0.5		0.49338		0.0133055
0.5		0.496563		0.107397
0.5		0.499747		0.231445
0.5		0.50293		0.365164
0.5		0.506113		0.506399
0.5		0.509296		0.652917
0.5		0.512479		0.80233
0.5		0.515662		0.952128
0.5		0.518845		1.09973
0.5		0.522028		1.24253
0.5		0.525211		1.37796
0.5		0.528394		1.50355
0.5		0.531578		1.61698
0.5		0.534761		1.71611
0.5		0.537944		1.79907
0.5		0.541127		1.86426
0.5		0.54431		1.91043
0.5		0.547493		1.93667
0.5		0.550676		1.94246
0.5		0.553859		1.92765
0.5		0.557042		1.8925
0.5		0.560225		1.83766
0.5		0.563408		1.76415
0.5		0.566592		1.67333
0.5		0.569775		1.56691
0.5		0.572958		1.44686
0.5		0.576141		1.3154
0.5		0.579324		1.17493
0.5		0.582507		1.02799
0.5		0.58569		0.877216
0.5		0.588873		0.72524
0.5		0.592056		0.574673
0.5		0.595239		0.428033
0.5		0.598423		0.287692
0.5		0.601606		0.155827
0.5		0.604789		0.0343837
0.5		0.607972		0.0750028
0.5		0.611155		0.170941
0.5		0.614338		0.252424
0.5		0.617521		0.31877
0.5		0.620704		0.36965
0.5		0.623887		0.405085
0.5		0.62707		0.425432
0.5		0.630254		0.431372
0.5		0.633437		0.423878
0.5		0.63662		0.404188
0.5		0.639803		0.373763
0.5		0.642986		0.334256
0.5		0.646169		0.28746
0.5		0.649352		0.235286
0.5		0.652535		0.179751
0.5		0.655718		0.123088
0.5		0.658901		0.0686087
0.5		0.662085		0.03115
0.5		0.665268		0.0564673
0.5		0.668451		0.100174
0.5		0.671634		0.140783
0.5		0.674817		0.175287
0.5		0.678		0.202553
0.5		0.681183		0.222014
0.5		0.684366		0.233457
0.5		0.687549		0.236979
0.5		0.690732		0.232963
0.5		0.693916		0.222079
0.5		0.697099		0.205287
0.5		0.700282		0.183884
0.5		0.703465		0.159615
0.5		0.706648		0.134917
0.5		0.709831		0.113374
0.5		0.713014		0.099958
0.5		0.716197		0.0991124
0.5		0.71938		0.110433
0.5		0.722563		0.128973
0.5		0.725747		0.149734
0.5		0.72893		0.169389
0.5		0.732113		0.185908
0.5		0.735296		0.198042
0.5		0.738479		0.205043
0.5		0.741662		0.206518
0.5		0.744845		0.20236
0.5		0.748028		0.192701
0.5		0.751211		0.177889
0.5		0.754394		0.158464
0.5		0.757578		0.135149
0.5		0.760761		0.108862
0.5		0.763944		0.0808324
0.5		0.767127		0.0531441
0.5		0.77031		0.0319924
0.5		0.773493		0.0345837
0.5		0.776676		0.0563188
0.5		0.779859		0.0810946
0.5		0.783042		0.104327
0.5		0.786225		0.124448
0.5		0.789409		0.140615
0.5		0.792592		0.152297
0.5		0.795775		0.159175
0.5		0.798958		0.161116
0.5		0.802141		0.158156
0.5		0.805324		0.150496
0.5		0.808507		0.138488
0.5		0.81169		0.122633
0.5		0.814873		0.103576
0.5		0.818056		0.0821395
0.5		0.82124		0.0594604
0.5		0.824423		0.0377268
0.5		0.827606		0.0243526
0.5		0.830789		0.03263
0.5		0.833972		0.0519562
0.5		0.837155		0.0722682
0.5		0.840338		0.090901
0.5		0.843521		0.106775
0.5		0.846704		0.119257
0.5		0.849887		0.127939
0.5		0.85307		0.13258
0.5		0.856254		0.133093
0.5		0.859437		0.129532
0.5		0.86262		0.122089
0.5		0.865803		0.111084
0.5		0.868986		0.0969644
0.5		0.872169		0.0803057
0.5		0.875352		0.0618547
0.5		0.878535		0.0427336
0.5		0.881718		0.0256071
0.5		0.884901		0.0202921
0.5		0.888085		0.0327719
0.5		0.891268		0.0501124
0.5		0.894451		0.0670931
0.5		0.897634		0.0822326
0.5		0.900817		0.0948019
0.5		0.904		0.104337
0.5		0.907183		0.110536
0.5		0.910366		0.113234
0.5		0.913549		0.112391
0.5		0.916732		0.10809
0.5		0.919916		0.10053
0.5		0.923099		0.0900209
0.5		0.926282		0.0769863
0.5		0.929465		0.061973
0.5		0.932648		0.0457284
0.5		0.935831		0.0295825
0.5		0.939014		0.0178219
0.5		0.942197		0.021398
0.5		0.94538		0.0353169
0.5		0.948563		0.0505756
0.5		0.951747		0.0648122
0.5		0.95493		0.0771399
0.5		0.958113		0.0870403
0.5		0.961296		0.0941674
0.5		0.964479		0.0983023
0.5		0.967662		0.0993401
0.5		0.970845		0.0972852
0.5		0.974028		0.0922477
0.5		0.977211		0.0844399
0.5		0.980394		0.0741733
0.5		0.983578		0.0618629
0.5		0.986761		0.0480556
0.5		0.989944		0.0335731
0.5		0.993127		0.0203093
0.5		0.99631		0.015347

0.666667		0		0.0862099
0.666667		0.0031831		0.0856694
0.666667		0.0063662		0.0841333
0.666667		0.0095493		0.0818549
0.666667		0.0127324		0.0792417
0.666667		0.0159155		0.0768193
0.666667		0.0190986		0.0751525
0.666667		0.0222817		0.0747166
0.666667		0.0254648		0.0757486
0.666667		0.0286479		0.0781575
0.666667		0.031831		0.0815527
0.666667		0.0350141		0.0853648
0.666667		0.0381972		0.0889821
0.666667		0.0413803		0.0918494
0.666667		0.0445634		0.0935237
0.666667		0.0477465		0.0937018
0.666667		0.0509296		0.0922371
0.666667		0.0541127		0.0891545
0.666667		0.0572958		0.0846722
0.666667		0.0604789		0.079231
0.666667		0.063662		0.0735318
0.666667		0.0668451		0.068548
0.666667		0.0700282		0.0654274
0.666667		0.0732113		0.0651602
0.666667		0.0763944		0.0680922
0.666667		0.0795775		0.0737206
0.666667		0.0827606		0.0809974
0.666667		0.0859437		0.0887728
0.666667		0.0891268		0.0960425
0.666667		0.0923099		0.102012
0.666667		0.095493		0.106089
0.666667		0.0986761		0.107868
0.666667		0.101859		0.107122
0.666667		0.105042		0.103805
0.666667		0.108225		0.0980702
0.666667		0.111408		0.0903088
0.666667		0.114592		0.0812259
0.666667		0.117775		0.0719711
0.666667		0.120958		0.064295
0.666667		0.124141		0.0604404
0.666667		0.127324		0.0621494
0.666667		0.130507		0.0692618
0.666667		0.13369		0.0799441
0.666667		0.136873		0.0920916
0.666667		0.140056		0.104035
0.666667		0.143239		0.114562
0.666667		0.146423		0.122798
0.666667		0.149606		0.12811
0.666667		0.152789		0.130076
0.666667		0.155972		0.128458
0.666667		0.159155		0.123212
0.666667		0.162338		0.114504
0.666667		0.165521		0.10275
0.666667		0.168704		0.088715
0.666667		0.171887		0.0737557
0.666667		0.17507		0.0603724
0.666667		0.178254		0.0529046
0.666667		0.181437		0.0557132
0.666667		0.18462		0.0679381
0.666667		0.187803		0.085012
0.666667		0.190986		0.103318
0.666667		0.194169		0.120687
0.666667		0.197352		0.135732
0.666667		0.200535		0.14748
0.666667		0.203718		0.155222
0.666667		0.206901		0.158467
0.666667		0.210085		0.156922
0.666667		0.213268		0.150505
0.666667		0.216451		0.13935
0.666667		0.219634		0.12385
0.666667		0.222817		0.104736
0.666667		0.226		0.0833222
0.666667		0.229183		0.062314
0.666667		0.232366		0.0482082
0.666667		0.235549		0.0512665
0.666667		0.238732		0.0702025
0.666667		0.241916		0.0953683
0.666667		0.245099		0.121403
0.666667		0.248282		0.145762
0.666667		0.251465		0.166888
0.666667		0.254648		0.183653
0.666667		0.257831		0.195192
0.666667		0.261014		0.200866
0.666667		0.264197		0.200256
0.666667		0.26738		0.193174
0.666667		0.270563		0.179672
0.666667		0.273747		0.160067
0.666667		0.27693		0.134986
0.666667		0.280113		0.105495
0.666667		0.283296		0.0736644
0.666667		0.286479		0.0456266
0.666667		0.289662		0.0426055
0.666667		0.292845		0.0705971
0.666667		0.296028		0.107284
0.666667		0.299211		0.144433
0.666667		0.302394		0.179139
0.666667		0.305577		0.209616
0.666667		0.308761		0.23447
0.666667		0.311944		0.252562
0.666667		0.315127		0.262989
0.666667		0.31831		0.265097
0.666667		0.321493		0.258503
0.666667		0.324676		0.24312
0.666667		0.327859		0.219179
0.666667		0.331042		0.187266
0.666667		0.334225		0.148424
0.666667		0.337408		0.104534
0.666667		0.340592		0.0606852
0.666667		0.343775		0.043232
0.666667		0.346958		0.0804555
0.666667		0.350141		0.133092
0.666667		0.353324		0.186937
0.666667		0.356507		0.238058
0.666667		0.35969		0.284021
0.666667		0.362873		0.322823
0.666667		0.366056		0.352724
0.666667		0.369239		0.372247
0.666667		0.372423		0.380199
0.666667		0.375606		0.375717
0.666667		0.378789		0.358306
0.666667		0.381972		0.32787
0.666667		0.385155		0.28475
0.666667		0.388338		0.229769
0.666667		0.391521		0.164393
0.666667		0.394704		0.0917091
0.666667		0.397887		0.0353726
0.666667		0.40107		0.0944253
0.666667		0.404254		0.182465
0.666667		0.407437		0.272698
0.666667		0.41062		0.360505
0.666667		0.413803		0.44248
0.666667		0.416986		0.515429
0.666667		0.420169		0.576288
0.666667		0.423352		0.622161
0.666667		0.426535		0.650388
0.666667		0.429718		0.658618
0.666667		0.432901		0.644877
0.666667		0.436085		0.607635
0.666667		0.439268		0.545861
0.666667		0.442451		0.459081
0.666667		0.445634		0.347449
0.666667		0.448817		0.212007
0.666667		0.452		0.0592348
0.666667		0.455183		0.134533
0.666667		0.458366		0.332171
0.666667		0.461549		0.547618
0.666667		0.464732		0.776226
0.666667		0.467916		1.01409
0.666667		0.471099		1.25714
0.666667		0.474282		1.50111
0.666667		0.477465		1.74163
0.666667		0.480648		1.97429
0.666667		0.483831		2.19475
0.666667		0.487014		2.39885
0.666667		0.490197		2.58266
0.666667		0.49338		2.74262
0.666667		0.496563		2.87562
0.666667		0.499747		2.97902
0.666667		0.50293		3.05079
0.666667		0.506113		3.08948
0.666667		0.509296		3.09432
0.666667		0.512479		3.06521
0.666667		0.515662		3.00269
0.666667		0.518845		2.90801
0.666667		0.522028		2.78301
0.666667		0.525211		2.63014
0.666667		0.528394		2.45238
0.666667		0.531578		2.25316
0.666667		0.534761		2.0363
0.666667		0.537944		1.80592
0.666667		0.541127		1.5663
0.666667		0.54431		1.32188
0.666667		0.547493		1.07705
0.666667		0.550676		0.836127
0.666667		0.553859		0.603252
0.666667		0.557042		0.382336
0.666667		0.560225		0.177297
0.666667		0.563408		0.0268156
0.666667		0.566592		0.180343
0.666667		0.569775		0.323593
0.666667		0.572958		0.443071
0.666667		0.576141		0.537601
0.666667		0.579324		0.606867
0.666667		0.582507		0.651179
0.666667		0.58569		0.671415
0.666667		0.588873		0.668968
0.666667		0.592056		0.645695
0.666667		0.595239		0.603852
0.666667		0.598423		0.546027
0.666667		0.601606		0.475062
0.666667		0.604789		0.393981
0.666667		0.607972		0.305917
0.666667		0.611155		0.214089
0.666667		0.614338		0.121996
0.666667		0.617521		0.0377289
0.666667		0.620704		0.0639728
0.666667		0.623887		0.140916
0.666667		0.62707		0.211056
0.666667		0.630254		0.271008
0.666667		0.633437		0.319243
0.666667		0.63662		0.354837
0.666667		0.639803		0.377342
0.666667		0.642986		0.386743
0.666667		0.646169		0.383426
0.666667		0.649352		0.368153
0.666667		0.652535		0.342015
0.666667		0.655718		0.306391
0.666667		0.658901		0.26289
0.666667		0.662085		0.213309
0.666667		0.665268		0.159587
0.666667		0.668451		0.103852
0.666667		0.671634		0.0491303
0.666667		0.674817		0.0215217
0.666667		0.678		0.0652342
0.666667		0.681183		0.111725
0.666667		0.684366		0.153055
0.666667		0.687549		0.187642
0.666667		0.690732		0.214591
0.666667		0.693916		0.233379
0.666667		0.697099		0.24381
0.666667		0.700282		0.245991
0.666667		0.703465		0.240314
0.666667		0.706648		0.227433
0.666667		0.709831		0.208232
0.666667		0.713014		0.183787
0.666667		0.716197		0.155326
0.666667		0.71938		0.124181
0.666667		0.722563		0.0917514
0.666667		0.725747		0.0594762
0.666667		0.72893		0.0289911
0.666667		0.732113		0.0082338
0.666667		0.735296		0.0268361
0.666667		0.738479		0.0466272
0.666667		0.741662		0.0617298
0.666667		0.744845		0.0716785
0.666667		0.748028		0.076741
0.666667		0.751211		0.077985
0.666667		0.754394		0.0776299
0.666667		0.757578		0.079306
0.666667		0.760761		0.0872253
0.666667		0.763944		0.103805
0.666667		0.767127		0.128478
0.666667		0.77031		0.159089
0.666667		0.773493		0.193327
0.666667		0.776676		0.229144
0.666667		0.779859		0.264754
0.666667		0.783042		0.298571
0.666667		0.786225		0.329185
0.666667		0.789409		0.355352
0.666667		0.792592		0.37601
0.666667		0.795775		0.390295
0.666667		0.798958		0.397555
0.666667		0.802141		0.397365
0.666667		0.805324		0.389537
0.666667		0.808507		0.374123
0.666667		0.81169		0.351408
0.666667		0.814873		0.321906
0.666667		0.818056		0.286342
0.666667		0.82124		0.245637
0.666667		0.824423		0.200891
0.666667		0.827606		0.15339
0.666667		0.830789		0.104729
0.666667		0.833972		0.0576688
0.666667		0.837155		0.0270955
0.666667		0.840338		0.0530591
0.666667		0.843521		0.0934913
0.666667		0.846704		0.131682
0.666667		0.849887		0.165056
0.666667		0.85307		0.192459
0.666667		0.856254		0.21316
0.666667		0.859437		0.2267
0.666667		0.86262		0.232868
0.666667		0.865803		0.231678
0.666667		0.868986		0.22337
0.666667		0.872169		0.208394
0.666667		0.875352		0.187401
0.666667		0.878535		0.161222
0.666667		0.881718		0.13087
0.666667		0.884901		0.097573
0.666667		0.888085		0.0630445
0.666667		0.891268		0.0317121
0.666667		0.894451		0.028186
0.666667		0.897634		0.0563785
0.666667		0.900817		0.0876719
0.666667		0.904		0.116652
0.666667		0.907183		0.141739
0.666667		0.910366		0.162015
0.666667		0.913549		0.176857
0.666667		0.916732		0.185867
0.666667		0.919916		0.188856
0.666667		0.923099		0.185839
0.666667		0.926282		0.177026
0.666667		0.929465		0.162817
0.666667		0.932648		0.143787
0.666667		0.935831		0.12068
0.666667		0.939014		0.0944254
0.666667		0.942197		0.0662519
0.666667		0.94538		0.0384463
0.666667		0.948563		0.0214269
0.666667		0.951747		0.0369188
0.666667		0.95493		0.0630773
0.666667		0.958113		0.0888135
0.666667		0.961296		0.111908
0.666667		0.964479		0.131322
0.666667		0.967662		0.146373
0.666667		0.970845		0.156591
0.666667		0.974028		0.161697
0.666667		0.977211		0.161594
0.666667		0.980394		0.156357
0.666667		0.983578		0.146237
0.666667		0.986761		0.131645
0.666667		0.989944		0.113151
0.666667		0.993127		0.0914833
0.666667		0.99631		0.0675905

0.833333		0		0.384486
0.833333		0.0031831		0.382547
0.833333		0.0063662		0.377101
0.833333		0.0095493		0.36925
0.833333		0.0127324		0.360729
0.833333		0.0159155		0.353709
0.833333		0.0190986		0.350408
0.833333		0.0222817		0.352539
0.833333		0.0254648		0.36077
0.833333		0.0286479		0.374467
0.833333		0.031831		0.391879
0.833333		0.0350141		0.410608
0.833333		0.0381972		0.428099
0.833333		0.0413803		0.442003
0.833333		0.0445634		0.450385
0.833333		0.0477465		0.451844
0.833333		0.0509296		0.445584
0.833333		0.0541127		0.431475
0.833333		0.0572958		0.410145
0.833333		0.0604789		0.383097
0.833333		0.063662		0.352897
0.833333		0.0668451		0.323383
0.833333		0.0700282		0.299688
0.833333		0.0732113		0.287464
0.833333		0.0763944		0.290725
0.833333		0.0795775		0.309458
0.833333		0.0827606		0.339653
0.833333		0.0859437		0.375618
0.833333		0.0891268		0.411966
0.833333		0.0923099		0.444333
0.833333		0.095493		0.469403
0.833333		0.0986761		0.48477
0.833333		0.101859		0.48884
0.833333		0.105042		0.480787
0.833333		0.108225		0.460586
0.833333		0.111408		0.429096
0.833333		0.114592		0.388291
0.833333		0.117775		0.341708
0.833333		0.120958		0.295346
0.833333		0.124141		0.258909
0.833333		0.127324		0.245141
0.833333		0.130507		0.26222
0.833333		0.13369		0.305582
0.833333		0.136873		0.363482
0.833333		0.140056		0.425507
0.833333		0.143239		0.484347
0.833333		0.146423		0.534889
0.833333		0.149606		0.57342
0.833333		0.152789		0.597232
0.833333		0.155972		0.604467
0.833333		0.159155		0.5941
0.833333		0.162338		0.565987
0.833333		0.165521		0.521015
0.833333		0.168704		0.461421
0.833333		0.171887		0.391562
0.833333		0.17507		0.319863
0.833333		0.178254		0.263199
0.833333		0.181437		0.249124
0.833333		0.18462		0.292902
0.833333		0.187803		0.376677
0.833333		0.190986		0.477022
0.833333		0.194169		0.57944
0.833333		0.197352		0.675107
0.833333		0.200535		0.757824
0.833333		0.203718		0.822781
0.833333		0.206901		0.86614
0.833333		0.210085		0.884925
0.833333		0.213268		0.877032
0.833333		0.216451		0.841301
0.833333		0.219634		0.777637
0.833333		0.222817		0.687215
0.833333		0.226		0.572976
0.833333		0.229183		0.44114
0.833333		0.232366		0.307367
0.833333		0.235549		0.223386
0.833333		0.238732		0.280317
0.833333		0.241916		0.43716
0.833333		0.245099		0.623531
0.833333		0.248282		0.81381
0.833333		0.251465		0.99573
0.833333		0.254648		1.16044
0.833333		0.257831		1.30035
0.833333		0.261014		1.4086
0.833333		0.264197		1.47902
0.833333		0.26738		1.5062
0.833333		0.270563		1.48563
0.833333		0.273747		1.41382
0.833333		0.27693		1.28847
0.833333		0.280113		1.10871
0.833333		0.283296		0.875585
0.833333		0.286479		0.594164
0.833333		0.289662		0.291008
0.833333		0.292845		0.259304
0.833333		0.296028		0.638436
0.833333		0.299211		1.09769
0.833333		0.302394		1.59411
0.833333		0.305577		2.11481
0.833333		0.308761		2.64973
0.833333		0.311944		3.18913
0.833333		0.315127		3.72323
0.833333		0.31831		4.24225
0.833333		0.321493		4.73659
0.833333		0.324676		5.19698
0.833333		0.327859		5.61471
0.833333		0.331042		5.98181
0.833333		0.334225		6.29124
0.833333		0.337408		6.53703
0.833333		0.340592		6.71443
0.833333		0.343775		6.82002
0.833333		0.346958		6.85179
0.833333		0.350141		6.80916
0.833333		0.353324		6.69304
0.833333		0.356507		6.50577
0.833333		0.35969		6.25105
0.833333		0.362873		5.9339
0.833333		0.366056		5.56052
0.833333		0.369239		5.13813
0.833333		0.372423		4.67481
0.833333		0.375606		4.17935
0.833333		0.378789		3.66101
0.833333		0.381972		3.12933
0.833333		0.385155		2.59395
0.833333		0.388338		2.06446
0.833333		0.391521		1.55028
0.833333		0.394704		1.06097
0.833333		0.397887		0.608263
0.833333		0.40107		0.23121
0.833333		0.404254		0.278949
0.833333		0.407437		0.581861
0.833333		0.41062		0.856535
0.833333		0.413803		1.08212
0.833333		0.416986		1.25472
0.833333		0.420169		1.37375
0.833333		0.423352		1.44031
0.833333		0.426535		1.45686
0.833333		0.429718		1.42693
0.833333		0.432901		1.355
0.833333		0.436085		1.24636
0.833333		0.439268		1.10693
0.833333		0.442451		0.943181
0.833333		0.445634		0.762047
0.833333		0.448817		0.571106
0.833333		0.452		0.379812
0.833333		0.455183		0.207756
0.833333		0.458366		0.145298
0.833333		0.461549		0.260219
0.833333		0.464732		0.407516
0.833333		0.467916		0.543492
0.833333		0.471099		0.658592
0.833333		0.474282		0.748818
0.833333		0.477465		0.812153
0.833333		0.480648		0.847829
0.833333		0.483831		0.856087
0.833333		0.487014		0.83806
0.833333		0.490197		0.79569
0.833333		0.49338		0.731643
0.833333		0.496563		0.649259
0.833333		0.499747		0.55255
0.833333		0.50293		0.446377
0.833333		0.506113		0.337205
0.833333		0.509296		0.23603
0.833333		0.512479		0.168617
0.833333		0.515662		0.176442
0.833333		0.518845		0.244097
0.833333		0.522028		0.326914
0.833333		0.525211		0.405532
0.833333		0.528394		0.472567
0.833333		0.531578		0.524504
0.833333		0.534761		0.559515
0.833333		0.537944		0.576815
0.833333		0.541127		0.576418
0.833333		0.54431		0.559027
0.833333		0.547493		0.525961
0.833333		0.550676		0.47911
0.833333		0.553859		0.420931
0.833333		0.557042		0.354529
0.833333		0.560225		0.284005
0.833333		0.563408		0.215574
0.833333		0.566592		0.160842
0.833333		0.569775		0.140483
0.833333		0.572958		0.164709
0.833333		0.576141		0.213413
0.833333		0.579324		0.267099
0.833333		0.582507		0.316663
0.833333		0.58569		0.35787
0.833333		0.588873		0.388526
0.833333		0.592056		0.40751
0.833333		0.595239		0.414435
0.833333		0.598423		0.409493
0.833333		0.601606		0.393379
0.833333		0.604789		0.367249
0.833333		0.607972		0.332696
0.833333		0.611155		0.291775
0.833333		0.614338		0.247117
0.833333		0.617521		0.202272
0.833333		0.620704		0.162468
0.833333		0.623887		0.135585
0.833333		0.62707		0.12985
0.833333		0.630254		0.144975
0.833333		0.633437		0.171546
0.833333		0.63662		0.200741
0.833333		0.639803		0.227443
0.833333		0.642986		0.248983
0.833333		0.646169		0.264033
0.833333		0.649352		0.272075
0.833333		0.652535		0.273154
0.833333		0.655718		0.267739
0.833333		0.658901		0.256635
0.833333		0.662085		0.240898
0.833333		0.665268		0.221752
0.833333		0.668451		0.200481
0.833333		0.671634		0.178302
0.833333		0.674817		0.156207
0.833333		0.678		0.134785
0.833333		0.681183		0.114077
0.833333		0.684366		0.0935074
0.833333		0.687549		0.0719931
0.833333		0.690732		0.0481906
0.833333		0.693916		0.0209658
0.833333		0.697099		0.0131933
0.833333		0.700282		0.0503512
0.833333		0.703465		0.094004
0.833333		0.706648		0.143383
0.833333		0.709831		0.197869
0.833333		0.713014		0.256529
0.833333		0.716197		0.318151
0.833333		0.71938		0.381294
0.833333		0.722563		0.444353
0.833333		0.725747		0.505624
0.833333		0.72893		0.563364
0.833333		0.732113		0.615862
0.833333		0.735296		0.661492
0.833333		0.738479		0.698776
0.833333		0.741662		0.726433
0.833333		0.744845		0.743428
0.833333		0.748028		0.749003
0.833333		0.751211		0.742716
0.833333		0.754394		0.724454
0.833333		0.757578		0.694447
0.833333		0.760761		0.653272
0.833333		0.763944		0.601851
0.833333		0.767127		0.541449
0.833333		0.77031		0.473678
0.833333		0.773493		0.400544
0.833333		0.776676		0.324602
0.833333		0.779859		0.249439
0.833333		0.783042		0.181251
0.833333		0.786225		0.133378
0.833333		0.789409		0.127426
0.833333		0.792592		0.161918
0.833333		0.795775		0.211721
0.833333		0.798958		0.261864
0.833333		0.802141		0.306218
0.833333		0.805324		0.341939
0.833333		0.808507		0.367533
0.833333		0.81169		0.382257
0.833333		0.814873		0.385893
0.833333		0.818056		0.378666
0.833333		0.82124		0.361199
0.833333		0.824423		0.334499
0.833333		0.827606		0.299962
0.833333		0.830789		0.25944
0.833333		0.833972		0.215441
0.833333		0.837155		0.171687
0.833333		0.840338		0.134499
0.833333		0.843521		0.114482
0.833333		0.846704		0.120697
0.833333		0.849887		0.147471
0.833333		0.85307		0.182414
0.833333		0.856254		0.217557
0.833333		0.859437		0.248782
0.833333		0.86262		0.273837
0.833333		0.865803		0.291421
0.833333		0.868986		0.300835
0.833333		0.872169		0.301836
0.833333		0.875352		0.294574
0.833333		0.878535		0.279565
0.833333		0.881718		0.257683
0.833333		0.884901		0.230192
0.833333		0.888085		0.198833
0.833333		0.891268		0.166072
0.833333		0.894451		0.13565
0.833333		0.897634		0.113408
0.833333		0.900817		0.106408
0.833333		0.904		0.116707
0.833333		0.907183		0.138241
0.833333		0.910366		0.16362
0.833333		0.913549		0.18803
0.833333		0.916732		0.208701
0.833333		0.919916		0.224026
0.833333		0.923099		0.233092
0.833333		0.926282		0.235483
0.833333		0.929465		0.231202
0.833333		0.932648		0.220646
0.833333		0.935831		0.204627
0.833333		0.939014		0.184459
0.833333		0.942197		0.162138
0.833333		0.94538		0.140682
0.833333		0.948563		0.124474
0.833333		0.951747		0.118592
0.833333		0.95493		0.125665
0.833333		0.958113		0.143358
0.833333		0.961296		0.166799
0.833333		0.964479		0.19171
0.833333		0.967662		0.215118
0.833333		0.970845		0.235034
0.833333		0.974028		0.250117
0.833333		0.977211		0.259496
0.833333		0.980394		0.262669
0.833333		0.983578		0.259462
0.833333		0.986761		0.250009
0.833333		0.989944		0.234745
0.833333		0.993127		0.214427
0.833333		0.99631		0.190184

1		0		1.95272
1		0.0031831		1.86996
1		0.0063662		1.64135
1		0.0095493		1.34622
1		0.0127324		1.19617
1		0.0159155		1.47261
1		0.0190986		2.12895
1		0.0222817		2.96183
1		0.0254648		3.8435
1		0.0286479		4.69044
1		0.031831		5.43446
1		0.0350141		6.01413
1		0.0381972		6.373
1		0.0413803		6.46003
1		0.0445634		6.23069
1		0.0477465		5.64828
1		0.0509296		4.68523
1		0.0541127		3.32457
1		0.0572958		1.5648
1		0.0604789		0.665277
1		0.063662		3.18819
1		0.0668451		6.099
1		0.0700282		9.33243
1		0.0732113		12.8381
1		0.0763944		16.5579
1		0.0795775		20.4257
1		0.0827606		24.3697
1		0.0859437		28.3129
1		0.0891268		32.1761
1		0.0923099		35.8791
1		0.095493		39.3431
1		0.0986761		42.4926
1		0.101859		45.2576
1		0.105042		47.5749
1		0.108225		49.3901
1		0.111408		50.6593
1		0.114592		51.3498
1		0.117775		51.441
1		0.120958		50.9254
1		0.124141		49.8087
1		0.127324		48.1093
1		0.130507		45.8586
1		0.13369		43.0994
1		0.136873		39.8858
1		0.140056		36.2812
1		0.143239		32.3568
1		0.146423		28.1903
1		0.149606		23.8635
1		0.152789		19.4607
1		0.155972		15.0664
1		0.159155		10.7634
1		0.162338		6.63083
1		0.165521		2.74336
1		0.168704		0.848818
1		0.171887		4.05262
1		0.17507		6.8482
1		0.178254		9.1924
1		0.181437		11.0597
1		0.18462		12.4369
1		0.187803		13.3226
1		0.190986		13.7275
1		0.194169		13.6732
1		0.197352		13.1918
1		0.200535		12.3245
1		0.203718		11.1208
1		0.206901		9.63658
1		0.210085		7.93309
1		0.213268		6.07593
1		0.216451		4.1364
1		0.219634		2.20899
1		0.222817		0.769506
1		0.226		1.91341
1		0.229183		3.56391
1		0.232366		5.0755
1		0.235549		6.37156
1		0.238732		7.41399
1		0.241916		8.17893
1		0.245099		8.6535
1		0.248282		8.83498
1		0.251465		8.7306
1		0.254648		8.35727
1		0.257831		7.74161
1		0.261014		6.92064
1		0.264197		5.94412
1		0.26738		4.88173
1		0.270563		3.84336
1		0.273747		3.02795
1		0.27693		2.75125
1		0.280113		3.16383
1		0.283296		4.00445
1		0.286479		4.97803
1		0.289662		5.92378
1		0.292845		6.75835
1		0.296028		7.43398
1		0.299211		7.92202
1		0.302394		8.20671
1		0.305577		8.28257
1		0.308761		8.15318
1		0.311944		7.8305
1		0.315127		7.33459
1		0.31831		6.69367
1		0.321493		5.94496
1		0.324676		5.13709
1		0.327859		4.33546
1		0.331042		3.63146
1		0.334225		3.14726
1		0.337408		2.99761
1		0.340592		3.18994
1		0.343775		3.60333
1		0.346958		4.09362
1		0.350141		4.55792
1		0.353324		4.93343
1		0.356507		5.18332
1		0.35969		5.28732
1		0.362873		5.23678
1		0.366056		5.03208
1		0.369239		4.68118
1		0.372423		4.19881
1		0.375606		3.60642
1		0.378789		2.9335
1		0.381972		2.22358
1		0.385155		1.55812
1		0.388338		1.14019
1		0.391521		1.27255
1		0.394704		1.80468
1		0.397887		2.43307
1		0.40107		3.03236
1		0.404254		3.55061
1		0.407437		3.95964
1		0.41062		4.24221
1		0.413803		4.38828
1		0.416986		4.39381
1		0.420169		4.26016
1		0.423352		3.99372
1		0.426535		3.60562
1		0.429718		3.11149
1		0.432901		2.53158
1		0.436085		1.89245
1		0.439268		1.23603
1		0.442451		0.684234
1		0.445634		0.698979
1		0.448817		1.23852
1		0.452		1.84922
1		0.455183		2.42052
1		0.458366		2.916
1		0.461549		3.31479
1		0.464732		3.60288
1		0.467916		3.77139
1		0.471099		3.81598
1		0.474282		3.73679
1		0.477465		3.53818
1		0.480648		3.22857
1		0.483831		2.82009
1		0.487014		2.32828
1		0.490197		1.7719
1		0.49338		1.17378
1		0.496563		0.571378
1		0.499747		0.27594
1		0.50293		0.779118
1		0.506113		1.33964
1		0.509296		1.85177
1		0.512479		2.29022
1		0.515662		2.63816
1		0.518845		2.88302
1		0.522028		3.01609
1		0.525211		3.0326
1		0.528394		2.93181
1		0.531578		2.71716
1		0.534761		2.39652
1		0.537944		1.98288
1		0.541127		1.49734
1		0.54431		0.983514
1		0.547493		0.601875
1		0.550676		0.780073
1		0.553859		1.33768
1		0.557042		1.96887
1		0.560225		2.59421
1		0.563408		3.18004
1		0.566592		3.70351
1		0.569775		4.14664
1		0.572958		4.4951
1		0.576141		4.73805
1		0.579324		4.8682
1		0.582507		4.88193
1		0.58569		4.77937
1		0.588873		4.56434
1		0.592056		4.24432
1		0.595239		3.83028
1		0.598423		3.33674
1		0.601606		2.78199
1		0.604789		2.18962
1		0.607972		1.59436
1		0.611155		1.0664
1		0.614338		0.795875
1		0.617521		0.990231
1		0.620704		1.42676
1		0.623887		1.89308
1		0.62707		2.31659
1		0.630254		2.66745
1		0.633437		2.92962
1		0.63662		3.09392
1		0.639803		3.15589
1		0.642986		3.11511
1		0.646169		2.97479
1		0.649352		2.74152
1		0.652535		2.42505
1		0.655718		2.0382
1		0.658901		1.59719
1		0.662085		1.12419
1		0.665268		0.66261
1		0.668451		0.400314
1		0.671634		0.662767
1		0.674817		1.10323
1		0.678		1.54069
1		0.681183		1.93516
1		0.684366		2.2681
1		0.687549		2.52745
1		0.690732		2.70509
1		0.693916		2.79623
1		0.697099		2.79933
1		0.700282		2.71601
1		0.703465		2.55108
1		0.706648		2.31255
1		0.709831		2.01193
1		0.713014		1.66518
1		0.716197		1.29606
1		0.71938		0.947552
1		0.722563		0.716112
1		0.725747		0.74636
1		0.72893		1.00347
1		0.732113		1.33691
1		0.735296		1.66808
1		0.738479		1.96263
1		0.741662		2.20207
1		0.744845		2.37496
1		0.748028		2.47428
1		0.751211		2.4965
1		0.754394		2.44126
1		0.757578		2.31116
1		0.760761		2.11171
1		0.763944		1.85129
1		0.767127		1.54155
1		0.77031		1.19896
1		0.773493		0.851211
1		0.776676		0.565767
1		0.779859		0.515155
1		0.783042		0.745618
1		0.786225		1.06911
1		0.789409		1.39308
1		0.792592		1.68454
1		0.795775		1.92672
1		0.798958		2.10904
1		0.802141		2.22459
1		0.805324		2.2695
1		0.808507		2.24266
1		0.81169		2.14561
1		0.814873		1.98247
1		0.818056		1.75997
1		0.82124		1.4875
1		0.824423		1.17798
1		0.827606		0.851209
1		0.830789		0.550032
1		0.833972		0.409752
1		0.837155		0.573269
1		0.840338		0.868333
1		0.843521		1.17435
1		0.846704		1.45391
1		0.849887		1.68973
1		0.85307		1.87103
1		0.856254		1.99053
1		0.859437		2.04374
1		0.86262		2.02872
1		0.865803		1.94598
1		0.868986		1.79842
1		0.872169		1.5913
1		0.875352		1.33229
1		0.878535		1.03193
1		0.881718		0.706213
1		0.884901		0.394443
1		0.888085		0.293753
1		0.891268		0.554126
1		0.894451		0.892915
1		0.897634		1.22565
1		0.900817		1.52961
1		0.904		1.79182
1		0.907183		2.0028
1		0.910366		2.15547
1		0.913549		2.24495
1		0.916732		2.26858
1		0.919916		2.22591
1		0.923099		2.11876
1		0.926282		1.95114
1		0.929465		1.72928
1		0.932648		1.46167
1		0.935831		1.15969
1		0.939014		0.840013
1		0.942197		0.536875
1		0.94538		0.365406
1		0.948563		0.499074
1		0.951747		0.780371
1		0.95493		1.07596
1		0.958113		1.34815
1		0.961296		1.58076
1		0.964479		1.76391
1		0.967662		1.89098
1		0.970845		1.95787
1		0.974028		1.96275
1		0.977211		1.906
1		0.980394		1.79017
1		0.983578		1.61989
1		0.986761		1.40193
1		0.989944		1.14542
1		0.993127		0.863104
1		0.99631		0.577148

