0		0		1.90792e-17
0		0.0031831		2.23654e-17
0		0.0063662		3.02446e-17
0		0.0095493		4.03017e-17
0		0.0127324		5.15014e-17
0		0.0159155		6.34398e-17
0		0.0190986		7.59027e-17
0		0.0222817		8.87162e-17
0		0.0254648		1.01698e-16
0		0.0286479		1.14643e-16
0		0.031831		1.27326e-16
0		0.0350141		1.39508e-16
0		0.0381972		1.50941e-16
0		0.0413803		1.61385e-16
0		0.0445634		1.7061e-16
0		0.0477465		1.78412e-16
0		0.0509296		1.84616e-16
0		0.0541127		1.89086e-16
0		0.0572958		1.91732e-16
0		0.0604789		1.92513e-16
0		0.063662		1.9144e-16
0		0.0668451		1.88581e-16
0		0.0700282		1.84059e-16
0		0.0732113		1.7805e-16
0		0.0763944		1.70786e-16
0		0.0795775		1.62543e-16
0		0.0827606		1.53638e-16
0		0.0859437		1.44417e-16
0		0.0891268		1.35238e-16
0		0.0923099		1.26446e-16
0		0.095493		1.18345e-16
0		0.0986761		1.11155e-16
0		0.101859		1.04984e-16
0		0.105042		9.97937e-17
0		0.108225		9.54075e-17
0		0.111408		9.15373e-17
0		0.114592		8.78371e-17
0		0.117775		8.39632e-17
0		0.120958		7.9628e-17
0		0.124141		7.46441e-17
0		0.127324		6.89623e-17
0		0.130507		6.27159e-17
0		0.13369		5.62887e-17
0		0.136873		5.04167e-17
0		0.140056		4.62722e-17
0		0.143239		4.52755e-17
0		0.146423		4.83418e-17
0		0.149606		5.51952e-17
0		0.152789		6.47349e-17
0		0.155972		7.57924e-17
0		0.159155		8.74402e-17
0		0.162338		9.89823e-17
0		0.165521		1.09884e-16
0		0.168704		1.19721e-16
0		0.171887		1.28152e-16
0		0.17507		1.34906e-16
0		0.178254		1.39775e-16
0		0.181437		1.42614e-16
0		0.18462		1.43336e-16
0		0.187803		1.41916e-16
0		0.190986		1.38388e-16
0		0.194169		1.32841e-16
0		0.197352		1.25417e-16
0		0.200535		1.16305e-16
0		0.203718		1.0574e-16
0		0.206901		9.39887e-17
0		0.210085		8.13519e-17
0		0.213268		6.81543e-17
0		0.216451		5.47464e-17
0		0.219634		4.15204e-17
0		0.222817		2.89859e-17
0		0.226		1.81246e-17
0		0.229183		1.20232e-17
0		0.232366		1.49873e-17
0		0.235549		2.22364e-17
0		0.238732		2.964e-17
0		0.241916		3.6172e-17
0		0.245099		4.15886e-17
0		0.248282		4.5891e-17
0		0.251465		4.92096e-17
0		0.254648		5.17664e-17
0		0.257831		5.38502e-17
0		0.261014		5.57859e-17
0		0.264197		5.78921e-17
0		0.26738		6.04299e-17
0		0.270563		6.35587e-17
0		0.273747		6.73149e-17
0		0.27693		7.16219e-17
0		0.280113		7.63251e-17
0		0.283296		8.1235e-17
0		0.286479		8.61666e-17
0		0.289662		9.09683e-17
0		0.292845		9.55401e-17
0		0.296028		9.98428e-17
0		0.299211		1.03899e-16
0		0.302394		1.07785e-16
0		0.305577		1.11618e-16
0		0.308761		1.15533e-16
0		0.311944		1.19658e-16
0		0.315127		1.24082e-16
0		0.31831		1.28835e-16
0		0.321493		1.33873e-16
0		0.324676		1.39077e-16
0		0.327859		1.44261e-16
0		0.331042		1.49193e-16
0		0.334225		1.53621e-16
0		0.337408		1.57299e-16
0		0.340592		1.60016e-16
0		0.343775		1.61629e-16
0		0.346958		1.62084e-16
0		0.350141		1.61453e-16
0		0.353324		1.59965e-16
0		0.356507		1.58029e-16
0		0.35969		1.56251e-16
0		0.362873		1.55424e-16
0		0.366056		1.56447e-16
0		0.369239		1.6018e-16
0		0.372423		1.67256e-16
0		0.375606		1.77916e-16
0		0.378789		1.91971e-16
0		0.381972		2.08884e-16
0		0.385155		2.27907e-16
0		0.388338		2.48205e-16
0		0.391521		2.68936e-16
0		0.394704		2.89301e-16
0		0.397887		3.08564e-16
0		0.40107		3.26063e-16
0		0.404254		3.4122e-16
0		0.407437		3.53544e-16
0		0.41062		3.62643e-16
0		0.413803		3.68223e-16
0		0.416986		3.70098e-16
0		0.420169		3.68197e-16
0		0.423352		3.62564e-16
0		0.426535		3.53368e-16
0		0.429718		3.40905e-16
0		0.432901		3.256e-16
0		0.436085		3.0802e-16
0		0.439268		2.88873e-16
0		0.442451		2.69019e-16
0		0.445634		2.49467e-16
0		0.448817		2.31356e-16
0		0.452		2.15886e-16
0		0.455183		2.04167e-16
0		0.458366		1.96988e-16
0		0.461549		1.94572e-16
0		0.464732		1.96463e-16
0		0.467916		2.01654e-16
0		0.471099		2.08869e-16
0		0.474282		2.16837e-16
0		0.477465		2.2446e-16
0		0.480648		2.30882e-16
0		0.483831		2.35488e-16
0		0.487014		2.37885e-16
0		0.490197		2.37869e-16
0		0.49338		2.35401e-16
0		0.496563		2.30576e-16
0		0.499747		2.23606e-16
0		0.50293		2.14788e-16
0		0.506113		2.04488e-16
0		0.509296		1.9311e-16
0		0.512479		1.81073e-16
0		0.515662		1.68777e-16
0		0.518845		1.56572e-16
0		0.522028		1.44731e-16
0		0.525211		1.33418e-16
0		0.528394		1.22684e-16
0		0.531578		1.12468e-16
0		0.534761		1.02636e-16
0		0.537944		9.30397e-17
0		0.541127		8.36058e-17
0		0.54431		7.44547e-17
0		0.547493		6.60676e-17
0		0.550676		5.94858e-17
0		0.553859		5.63573e-17
0		0.557042		5.83284e-17
0		0.560225		6.58463e-17
0		0.563408		7.79128e-17
0		0.566592		9.30368e-17
0		0.569775		1.0992e-16
0		0.572958		1.27559e-16
0		0.576141		1.45164e-16
0		0.579324		1.62077e-16
0		0.582507		1.77736e-16
0		0.58569		1.9165e-16
0		0.588873		2.034e-16
0		0.592056		2.12635e-16
0		0.595239		2.1908e-16
0		0.598423		2.22538e-16
0		0.601606		2.22894e-16
0		0.604789		2.20119e-16
0		0.607972		2.14269e-16
0		0.611155		2.05486e-16
0		0.614338		1.93996e-16
0		0.617521		1.80112e-16
0		0.620704		1.64227e-16
0		0.623887		1.46825e-16
0		0.62707		1.2849e-16
0		0.630254		1.09947e-16
0		0.633437		9.21311e-17
0		0.63662		7.6324e-17
0		0.639803		6.42857e-17
0		0.642986		5.79868e-17
0		0.646169		5.82827e-17
0		0.649352		6.37439e-17
0		0.652535		7.17922e-17
0		0.655718		8.03014e-17
0		0.658901		8.79346e-17
0		0.662085		9.39146e-17
0		0.665268		9.78036e-17
0		0.668451		9.93765e-17
0		0.671634		9.85528e-17
0		0.674817		9.53585e-17
0		0.678		8.99028e-17
0		0.681183		8.23618e-17
0		0.684366		7.29674e-17
0		0.687549		6.20007e-17
0		0.690732		4.97968e-17
0		0.693916		3.67888e-17
0		0.697099		2.37435e-17
0		0.700282		1.34063e-17
0		0.703465		1.54446e-17
0		0.706648		2.73281e-17
0		0.709831		4.10491e-17
0		0.713014		5.49007e-17
0		0.716197		6.84369e-17
0		0.71938		8.14903e-17
0		0.722563		9.40122e-17
0		0.725747		1.06032e-16
0		0.72893		1.1764e-16
0		0.732113		1.28977e-16
0		0.735296		1.40219e-16
0		0.738479		1.51558e-16
0		0.741662		1.63187e-16
0		0.744845		1.75279e-16
0		0.748028		1.87961e-16
0		0.751211		2.01308e-16
0		0.754394		2.15323e-16
0		0.757578		2.29939e-16
0		0.760761		2.45011e-16
0		0.763944		2.60331e-16
0		0.767127		2.75626e-16
0		0.77031		2.90575e-16
0		0.773493		3.04819e-16
0		0.776676		3.17968e-16
0		0.779859		3.2962e-16
0		0.783042		3.39369e-16
0		0.786225		3.46819e-16
0		0.789409		3.51594e-16
0		0.792592		3.53357e-16
0		0.795775		3.51817e-16
0		0.798958		3.46746e-16
0		0.802141		3.37992e-16
0		0.805324		3.25493e-16
0		0.808507		3.09294e-16
0		0.81169		2.89566e-16
0		0.814873		2.66631e-16
0		0.818056		2.41011e-16
0		0.82124		2.13491e-16
0		0.824423		1.85266e-16
0		0.827606		1.58187e-16
0		0.830789		1.35163e-16
0		0.833972		1.20362e-16
0		0.837155		1.17869e-16
0		0.840338		1.28309e-16
0		0.843521		1.48057e-16
0		0.846704		1.72477e-16
0		0.849887		1.98033e-16
0		0.85307		2.22352e-16
0		0.856254		2.43815e-16
0		0.859437		2.61255e-16
0		0.86262		2.73808e-16
0		0.865803		2.80834e-16
0		0.868986		2.81891e-16
0		0.872169		2.76712e-16
0		0.875352		2.65212e-16
0		0.878535		2.4748e-16
0		0.881718		2.2379e-16
0		0.884901		1.94617e-16
0		0.888085		1.60688e-16
0		0.891268		1.23143e-16
0		0.894451		8.4231e-17
0		0.897634		5.12479e-17
0		0.900817		4.99246e-17
0		0.904		8.40489e-17
0		0.907183		1.27659e-16
0		0.910366		1.72376e-16
0		0.913549		2.15475e-16
0		0.916732		2.55373e-16
0		0.919916		2.90853e-16
0		0.923099		3.20895e-16
0		0.926282		3.44641e-16
0		0.929465		3.61393e-16
0		0.932648		3.70621e-16
0		0.935831		3.71979e-16
0		0.939014		3.65323e-16
0		0.942197		3.50723e-16
0		0.94538		3.2849e-16
0		0.948563		2.99219e-16
0		0.951747		2.63874e-16
0		0.95493		2.23992e-16
0		0.958113		1.82222e-16
0		0.961296		1.43748e-16
0		0.964479		1.19202e-16
0		0.967662		1.22786e-16
0		0.970845		1.54782e-16
0		0.974028		2.02307e-16
0		0.977211		2.55786e-16
0		0.980394		3.10295e-16
0		0.983578		3.63049e-16
0		0.986761		4.12186e-16
0		0.989944		4.56317e-16
0		0.993127		4.94357e-16
0		0.99631		5.2546e-16

0.166667		0		0.635597
0.166667		0.0031831		0.646097
0.166667		0.0063662		0.674792
0.166667		0.0095493		0.714616
0.166667		0.0127324		0.756933
0.166667		0.0159155		0.793623
0.166667		0.0190986		0.81801
0.166667		0.0222817		0.825079
0.166667		0.0254648		0.811426
0.166667		0.0286479		0.775168
0.166667		0.031831		0.715887
0.166667		0.0350141		0.634661
0.166667		0.0381972		0.53429
0.166667		0.0413803		0.420164
0.166667		0.0445634		0.303586
0.166667		0.0477465		0.215055
0.166667		0.0509296		0.219656
0.166667		0.0541127		0.31857
0.166667		0.0572958		0.449698
0.166667		0.0604789		0.582848
0.166667		0.063662		0.705115
0.166667		0.0668451		0.808632
0.166667		0.0700282		0.887533
0.166667		0.0732113		0.937223
0.166667		0.0763944		0.954228
0.166667		0.0795775		0.936249
0.166667		0.0827606		0.882298
0.166667		0.0859437		0.792971
0.166667		0.0891268		0.671075
0.166667		0.0923099		0.523589
0.166667		0.095493		0.369657
0.166667		0.0986761		0.275071
0.166667		0.101859		0.35482
0.166667		0.105042		0.560684
0.166667		0.108225		0.810162
0.166667		0.111408		1.07351
0.166667		0.114592		1.33667
0.166667		0.117775		1.58971
0.166667		0.120958		1.82416
0.166667		0.124141		2.03249
0.166667		0.127324		2.20801
0.166667		0.130507		2.34492
0.166667		0.13369		2.43851
0.166667		0.136873		2.48522
0.166667		0.140056		2.48283
0.166667		0.143239		2.43051
0.166667		0.146423		2.32894
0.166667		0.149606		2.18035
0.166667		0.152789		1.98861
0.166667		0.155972		1.75932
0.166667		0.159155		1.50016
0.166667		0.162338		1.22177
0.166667		0.165521		0.940331
0.166667		0.168704		0.686218
0.166667		0.171887		0.526504
0.166667		0.17507		0.55107
0.166667		0.178254		0.725999
0.166667		0.181437		0.950489
0.166667		0.18462		1.17206
0.166667		0.187803		1.36809
0.166667		0.190986		1.5274
0.166667		0.194169		1.64457
0.166667		0.197352		1.71877
0.166667		0.200535		1.75403
0.166667		0.203718		1.7604
0.166667		0.206901		1.75548
0.166667		0.210085		1.76517
0.166667		0.213268		1.82129
0.166667		0.216451		1.95355
0.166667		0.219634		2.17882
0.166667		0.222817		2.49655
0.166667		0.226		2.89328
0.166667		0.229183		3.35002
0.166667		0.232366		3.84705
0.166667		0.235549		4.36574
0.166667		0.238732		4.8889
0.166667		0.241916		5.40078
0.166667		0.245099		5.88694
0.166667		0.248282		6.33422
0.166667		0.251465		6.73087
0.166667		0.254648		7.06654
0.166667		0.257831		7.33251
0.166667		0.261014		7.52174
0.166667		0.264197		7.62901
0.166667		0.26738		7.65099
0.166667		0.270563		7.58631
0.166667		0.273747		7.43553
0.166667		0.27693		7.20116
0.166667		0.280113		6.88755
0.166667		0.283296		6.50083
0.166667		0.286479		6.04874
0.166667		0.289662		5.5405
0.166667		0.292845		4.98663
0.166667		0.296028		4.39884
0.166667		0.299211		3.78992
0.166667		0.302394		3.1739
0.166667		0.305577		2.56668
0.166667		0.308761		1.98794
0.166667		0.311944		1.46684
0.166667		0.315127		1.05793
0.166667		0.31831		0.862206
0.166667		0.321493		0.939262
0.166667		0.324676		1.17364
0.166667		0.327859		1.4384
0.166667		0.331042		1.67583
0.166667		0.334225		1.86277
0.166667		0.337408		1.98963
0.166667		0.340592		2.05307
0.166667		0.343775		2.05339
0.166667		0.346958		1.99339
0.166667		0.350141		1.87778
0.166667		0.353324		1.71295
0.166667		0.356507		1.50675
0.166667		0.35969		1.26862
0.166667		0.362873		1.01034
0.166667		0.366056		0.748772
0.166667		0.369239		0.516901
0.166667		0.372423		0.397045
0.166667		0.375606		0.47766
0.166667		0.378789		0.675054
0.166667		0.381972		0.895527
0.166667		0.385155		1.10393
0.166667		0.388338		1.28582
0.166667		0.391521		1.43366
0.166667		0.394704		1.54313
0.166667		0.397887		1.61205
0.166667		0.40107		1.6399
0.166667		0.404254		1.62768
0.166667		0.407437		1.57777
0.166667		0.41062		1.49387
0.166667		0.413803		1.381
0.166667		0.416986		1.24555
0.166667		0.420169		1.09554
0.166667		0.423352		0.941267
0.166667		0.426535		0.796395
0.166667		0.429718		0.679361
0.166667		0.432901		0.611769
0.166667		0.436085		0.607345
0.166667		0.439268		0.658054
0.166667		0.442451		0.740148
0.166667		0.445634		0.830872
0.166667		0.448817		0.914753
0.166667		0.452		0.982397
0.166667		0.455183		1.0284
0.166667		0.458366		1.05002
0.166667		0.461549		1.04646
0.166667		0.464732		1.01849
0.166667		0.467916		0.968271
0.166667		0.471099		0.899276
0.166667		0.474282		0.816417
0.166667		0.477465		0.726292
0.166667		0.480648		0.637693
0.166667		0.483831		0.562077
0.166667		0.487014		0.512722
0.166667		0.490197		0.500015
0.166667		0.49338		0.524192
0.166667		0.496563		0.574613
0.166667		0.499747		0.637104
0.166667		0.50293		0.699811
0.166667		0.506113		0.754455
0.166667		0.509296		0.795665
0.166667		0.512479		0.820206
0.166667		0.515662		0.826457
0.166667		0.518845		0.814112
0.166667		0.522028		0.784027
0.166667		0.525211		0.738166
0.166667		0.528394		0.679637
0.166667		0.531578		0.612869
0.166667		0.534761		0.543942
0.166667		0.537944		0.481032
0.166667		0.541127		0.43434
0.166667		0.54431		0.413814
0.166667		0.547493		0.423719
0.166667		0.550676		0.45912
0.166667		0.553859		0.509513
0.166667		0.557042		0.564525
0.166667		0.560225		0.616315
0.166667		0.563408		0.659532
0.166667		0.566592		0.690729
0.166667		0.569775		0.707893
0.166667		0.572958		0.710157
0.166667		0.576141		0.697643
0.166667		0.579324		0.671386
0.166667		0.582507		0.633322
0.166667		0.58569		0.586336
0.166667		0.588873		0.534384
0.166667		0.592056		0.482656
0.166667		0.595239		0.437619
0.166667		0.598423		0.406396
0.166667		0.601606		0.394715
0.166667		0.604789		0.403946
0.166667		0.607972		0.430077
0.166667		0.611155		0.466058
0.166667		0.614338		0.504802
0.166667		0.617521		0.540656
0.166667		0.620704		0.569586
0.166667		0.623887		0.588945
0.166667		0.62707		0.597221
0.166667		0.630254		0.593856
0.166667		0.633437		0.579144
0.166667		0.63662		0.55418
0.166667		0.639803		0.520862
0.166667		0.642986		0.481938
0.166667		0.646169		0.441091
0.166667		0.649352		0.402965
0.166667		0.652535		0.372899
0.166667		0.655718		0.355902
0.166667		0.658901		0.354739
0.166667		0.662085		0.368394
0.166667		0.665268		0.392573
0.166667		0.668451		0.421747
0.166667		0.671634		0.45085
0.166667		0.674817		0.47595
0.166667		0.678		0.494286
0.166667		0.681183		0.504124
0.166667		0.684366		0.504624
0.166667		0.687549		0.495746
0.166667		0.690732		0.47821
0.166667		0.693916		0.453506
0.166667		0.697099		0.423939
0.166667		0.700282		0.392704
0.166667		0.703465		0.363884
0.166667		0.706648		0.34215
0.166667		0.709831		0.331791
0.166667		0.713014		0.33509
0.166667		0.716197		0.35116
0.166667		0.71938		0.376439
0.166667		0.722563		0.40631
0.166667		0.725747		0.43644
0.166667		0.72893		0.463339
0.166667		0.732113		0.484428
0.166667		0.735296		0.497954
0.166667		0.738479		0.502893
0.166667		0.741662		0.498877
0.166667		0.744845		0.486152
0.166667		0.748028		0.465566
0.166667		0.751211		0.438582
0.166667		0.754394		0.407322
0.166667		0.757578		0.37462
0.166667		0.760761		0.344033
0.166667		0.763944		0.319629
0.166667		0.767127		0.305238
0.166667		0.77031		0.303109
0.166667		0.773493		0.312753
0.166667		0.776676		0.331141
0.166667		0.779859		0.354099
0.166667		0.783042		0.377612
0.166667		0.786225		0.398444
0.166667		0.789409		0.414241
0.166667		0.792592		0.423459
0.166667		0.795775		0.42526
0.166667		0.798958		0.41944
0.166667		0.802141		0.406389
0.166667		0.805324		0.387085
0.166667		0.808507		0.363117
0.166667		0.81169		0.33673
0.166667		0.814873		0.310858
0.166667		0.818056		0.289016
0.166667		0.82124		0.274817
0.166667		0.824423		0.270907
0.166667		0.827606		0.277768
0.166667		0.830789		0.293434
0.166667		0.833972		0.314467
0.166667		0.837155		0.337216
0.166667		0.840338		0.358559
0.166667		0.843521		0.376116
0.166667		0.846704		0.388228
0.166667		0.849887		0.393877
0.166667		0.85307		0.392621
0.166667		0.856254		0.384545
0.166667		0.859437		0.370257
0.166667		0.86262		0.350887
0.166667		0.865803		0.328125
0.166667		0.868986		0.304251
0.166667		0.872169		0.28212
0.166667		0.875352		0.264946
0.166667		0.878535		0.255667
0.166667		0.881718		0.255912
0.166667		0.884901		0.265212
0.166667		0.888085		0.281222
0.166667		0.891268		0.300744
0.166667		0.894451		0.320676
0.166667		0.897634		0.338469
0.166667		0.900817		0.352236
0.166667		0.904		0.360705
0.166667		0.907183		0.36316
0.166667		0.910366		0.359395
0.166667		0.913549		0.349685
0.166667		0.916732		0.334781
0.166667		0.919916		0.315928
0.166667		0.923099		0.294893
0.166667		0.926282		0.273977
0.166667		0.929465		0.255927
0.166667		0.932648		0.243583
0.166667		0.935831		0.239138
0.166667		0.939014		0.243246
0.166667		0.942197		0.254689
0.166667		0.94538		0.270953
0.166667		0.948563		0.289153
0.166667		0.951747		0.306695
0.166667		0.95493		0.32153
0.166667		0.958113		0.332185
0.166667		0.961296		0.337719
0.166667		0.964479		0.337676
0.166667		0.967662		0.332055
0.166667		0.970845		0.321288
0.166667		0.974028		0.30625
0.166667		0.977211		0.288269
0.166667		0.980394		0.269148
0.166667		0.983578		0.251133
0.166667		0.986761		0.236746
0.166667		0.989944		0.228331
0.166667		0.993127		0.227321
0.166667		0.99631		0.233614

0.333333		0		0.749851
0.333333		0.0031831		0.737099
0.333333		0.0063662		0.699477
0.333333		0.0095493		0.638966
0.333333		0.0127324		0.559183
0.333333		0.0159155		0.466226
0.333333		0.0190986		0.371094
0.333333		0.0222817		0.295832
0.333333		0.0254648		0.277622
0.333333		0.0286479		0.334215
0.333333		0.031831		0.436934
0.333333		0.0350141		0.555309
0.333333		0.0381972		0.672741
0.333333		0.0413803		0.779948
0.333333		0.0445634		0.870941
0.333333		0.0477465		0.941582
0.333333		0.0509296		0.989117
0.333333		0.0541127		1.01205
0.333333		0.0572958		1.0102
0.333333		0.0604789		0.984764
0.333333		0.063662		0.938616
0.333333		0.0668451		0.876603
0.333333		0.0700282		0.806139
0.333333		0.0732113		0.737885
0.333333		0.0763944		0.685899
0.333333		0.0795775		0.665313
0.333333		0.0827606		0.685969
0.333333		0.0859437		0.746372
0.333333		0.0891268		0.83539
0.333333		0.0923099		0.939032
0.333333		0.095493		1.04493
0.333333		0.0986761		1.14344
0.333333		0.101859		1.22731
0.333333		0.105042		1.29122
0.333333		0.108225		1.3314
0.333333		0.111408		1.34549
0.333333		0.114592		1.33234
0.333333		0.117775		1.29197
0.333333		0.120958		1.22546
0.333333		0.124141		1.13492
0.333333		0.127324		1.02339
0.333333		0.130507		0.894794
0.333333		0.13369		0.753901
0.333333		0.136873		0.606497
0.333333		0.140056		0.460007
0.333333		0.143239		0.325839
0.333333		0.146423		0.227165
0.333333		0.149606		0.204932
0.333333		0.152789		0.258204
0.333333		0.155972		0.334596
0.333333		0.159155		0.404136
0.333333		0.162338		0.455587
0.333333		0.165521		0.484389
0.333333		0.168704		0.488987
0.333333		0.171887		0.469903
0.333333		0.17507		0.42975
0.333333		0.178254		0.374039
0.333333		0.181437		0.313522
0.333333		0.18462		0.268973
0.333333		0.187803		0.270324
0.333333		0.190986		0.328723
0.333333		0.194169		0.424182
0.333333		0.197352		0.53439
0.333333		0.200535		0.645107
0.333333		0.203718		0.747049
0.333333		0.206901		0.833431
0.333333		0.210085		0.898989
0.333333		0.213268		0.939649
0.333333		0.216451		0.952459
0.333333		0.219634		0.935611
0.333333		0.222817		0.888507
0.333333		0.226		0.811851
0.333333		0.229183		0.707837
0.333333		0.232366		0.580621
0.333333		0.235549		0.437929
0.333333		0.238732		0.297954
0.333333		0.241916		0.218796
0.333333		0.245099		0.286056
0.333333		0.248282		0.440593
0.333333		0.251465		0.614633
0.333333		0.254648		0.78455
0.333333		0.257831		0.938817
0.333333		0.261014		1.06937
0.333333		0.264197		1.16974
0.333333		0.26738		1.23467
0.333333		0.270563		1.26006
0.333333		0.273747		1.24301
0.333333		0.27693		1.18197
0.333333		0.280113		1.07672
0.333333		0.283296		0.928501
0.333333		0.286479		0.740015
0.333333		0.289662		0.515643
0.333333		0.292845		0.263043
0.333333		0.296028		0.0759768
0.333333		0.299211		0.336891
0.333333		0.302394		0.643656
0.333333		0.305577		0.953989
0.333333		0.308761		1.25732
0.333333		0.311944		1.54437
0.333333		0.315127		1.80635
0.333333		0.31831		2.0351
0.333333		0.321493		2.2233
0.333333		0.324676		2.36476
0.333333		0.327859		2.45469
0.333333		0.331042		2.48989
0.333333		0.334225		2.46909
0.333333		0.337408		2.39315
0.333333		0.340592		2.26545
0.333333		0.343775		2.09235
0.333333		0.346958		1.88409
0.333333		0.350141		1.6563
0.333333		0.353324		1.43284
0.333333		0.356507		1.24927
0.333333		0.35969		1.15095
0.333333		0.362873		1.17111
0.333333		0.366056		1.30024
0.333333		0.369239		1.49459
0.333333		0.372423		1.70856
0.333333		0.375606		1.90789
0.333333		0.378789		2.06834
0.333333		0.381972		2.17235
0.333333		0.385155		2.20709
0.333333		0.388338		2.1637
0.333333		0.391521		2.03751
0.333333		0.394704		1.82944
0.333333		0.397887		1.55036
0.333333		0.40107		1.23488
0.333333		0.404254		0.985944
0.333333		0.407437		1.02354
0.333333		0.41062		1.43956
0.333333		0.413803		2.08753
0.333333		0.416986		2.85944
0.333333		0.420169		3.70566
0.333333		0.423352		4.59702
0.333333		0.426535		5.51098
0.333333		0.429718		6.42728
0.333333		0.432901		7.32671
0.333333		0.436085		8.19076
0.333333		0.439268		9.00177
0.333333		0.442451		9.74314
0.333333		0.445634		10.3996
0.333333		0.448817		10.9576
0.333333		0.452		11.4054
0.333333		0.455183		11.7337
0.333333		0.458366		11.9354
0.333333		0.461549		12.0062
0.333333		0.464732		11.9441
0.333333		0.467916		11.7502
0.333333		0.471099		11.4282
0.333333		0.474282		10.9842
0.333333		0.477465		10.427
0.333333		0.480648		9.76748
0.333333		0.483831		9.0186
0.333333		0.487014		8.19499
0.333333		0.490197		7.31267
0.333333		0.49338		6.38868
0.333333		0.496563		5.44082
0.333333		0.499747		4.48733
0.333333		0.50293		3.54694
0.333333		0.506113		2.63947
0.333333		0.509296		1.78916
0.333333		0.512479		1.04216
0.333333		0.515662		0.58782
0.333333		0.518845		0.808611
0.333333		0.522028		1.29111
0.333333		0.525211		1.74683
0.333333		0.528394		2.12359
0.333333		0.531578		2.40824
0.333333		0.534761		2.59758
0.333333		0.537944		2.69307
0.333333		0.541127		2.69928
0.333333		0.54431		2.62332
0.333333		0.547493		2.47452
0.333333		0.550676		2.26439
0.333333		0.553859		2.00666
0.333333		0.557042		1.71804
0.333333		0.560225		1.41996
0.333333		0.563408		1.14305
0.333333		0.566592		0.934499
0.333333		0.569775		0.854324
0.333333		0.572958		0.924284
0.333333		0.576141		1.0932
0.333333		0.579324		1.29611
0.333333		0.582507		1.49195
0.333333		0.58569		1.65842
0.333333		0.588873		1.7833
0.333333		0.592056		1.86005
0.333333		0.595239		1.8858
0.333333		0.598423		1.86044
0.333333		0.601606		1.78612
0.333333		0.604789		1.667
0.333333		0.607972		1.50906
0.333333		0.611155		1.3202
0.333333		0.614338		1.1107
0.333333		0.617521		0.894751
0.333333		0.620704		0.694685
0.333333		0.623887		0.5501
0.333333		0.62707		0.51573
0.333333		0.630254		0.60081
0.333333		0.633437		0.749235
0.333333		0.63662		0.911274
0.333333		0.639803		1.06116
0.333333		0.642986		1.1858
0.333333		0.646169		1.27802
0.333333		0.649352		1.33403
0.333333		0.652535		1.35229
0.333333		0.655718		1.33313
0.333333		0.658901		1.27852
0.333333		0.662085		1.19201
0.333333		0.665268		1.07871
0.333333		0.668451		0.945613
0.333333		0.671634		0.802306
0.333333		0.674817		0.662706
0.333333		0.678		0.548223
0.333333		0.681183		0.488419
0.333333		0.684366		0.503959
0.333333		0.687549		0.581446
0.333333		0.690732		0.688624
0.333333		0.693916		0.800139
0.333333		0.697099		0.900866
0.333333		0.700282		0.982004
0.333333		0.703465		1.0384
0.333333		0.706648		1.06725
0.333333		0.709831		1.06753
0.333333		0.713014		1.03972
0.333333		0.716197		0.985677
0.333333		0.71938		0.908617
0.333333		0.722563		0.813263
0.333333		0.725747		0.706258
0.333333		0.72893		0.597138
0.333333		0.732113		0.500193
0.333333		0.735296		0.435948
0.333333		0.738479		0.424724
0.333333		0.741662		0.468018
0.333333		0.744845		0.545857
0.333333		0.748028		0.63598
0.333333		0.751211		0.723204
0.333333		0.754394		0.798277
0.333333		0.757578		0.855561
0.333333		0.760761		0.891709
0.333333		0.763944		0.905013
0.333333		0.767127		0.895099
0.333333		0.77031		0.862782
0.333333		0.773493		0.81001
0.333333		0.776676		0.739905
0.333333		0.779859		0.656939
0.333333		0.783042		0.567392
0.333333		0.786225		0.480302
0.333333		0.789409		0.408863
0.333333		0.792592		0.369921
0.333333		0.795775		0.375236
0.333333		0.798958		0.419292
0.333333		0.802141		0.484628
0.333333		0.805324		0.555226
0.333333		0.808507		0.620461
0.333333		0.81169		0.67378
0.333333		0.814873		0.711212
0.333333		0.818056		0.730538
0.333333		0.82124		0.730891
0.333333		0.824423		0.712579
0.333333		0.827606		0.677046
0.333333		0.830789		0.626942
0.333333		0.833972		0.566342
0.333333		0.837155		0.501222
0.333333		0.840338		0.440194
0.333333		0.843521		0.394944
0.333333		0.846704		0.377921
0.333333		0.849887		0.395033
0.333333		0.85307		0.440483
0.333333		0.856254		0.501972
0.333333		0.859437		0.568019
0.333333		0.86262		0.630265
0.333333		0.865803		0.683019
0.333333		0.868986		0.722484
0.333333		0.872169		0.746252
0.333333		0.875352		0.753024
0.333333		0.878535		0.742473
0.333333		0.881718		0.71518
0.333333		0.884901		0.672624
0.333333		0.888085		0.617245
0.333333		0.891268		0.552603
0.333333		0.894451		0.483746
0.333333		0.897634		0.41785
0.333333		0.900817		0.364907
0.333333		0.904		0.336683
0.333333		0.907183		0.340801
0.333333		0.910366		0.373797
0.333333		0.913549		0.424078
0.333333		0.916732		0.479997
0.333333		0.919916		0.533144
0.333333		0.923099		0.578008
0.333333		0.926282		0.611084
0.333333		0.929465		0.630274
0.333333		0.932648		0.634565
0.333333		0.935831		0.623864
0.333333		0.939014		0.598928
0.333333		0.942197		0.561367
0.333333		0.94538		0.513707
0.333333		0.948563		0.459582
0.333333		0.951747		0.404092
0.333333		0.95493		0.354282
0.333333		0.958113		0.319132
0.333333		0.961296		0.307142
0.333333		0.964479		0.32086
0.333333		0.967662		0.354434
0.333333		0.970845		0.398227
0.333333		0.974028		0.443721
0.333333		0.977211		0.484841
0.333333		0.980394		0.517552
0.333333		0.983578		0.539297
0.333333		0.986761		0.548633
0.333333		0.989944		0.545031
0.333333		0.993127		0.528788
0.333333		0.99631		0.501014

0.5		0		0.328634
0.5		0.0031831		0.334325
0.5		0.0063662		0.349942
0.5		0.0095493		0.371828
0.5		0.0127324		0.395569
0.5		0.0159155		0.417091
0.5		0.0190986		0.433147
0.5		0.0222817		0.441428
0.5		0.0254648		0.440565
0.5		0.0286479		0.430115
0.5		0.031831		0.410594
0.5		0.0350141		0.383592
0.5		0.0381972		0.351982
0.5		0.0413803		0.320224
0.5		0.0445634		0.294508
0.5		0.0477465		0.281887
0.5		0.0509296		0.287351
0.5		0.0541127		0.310524
0.5		0.0572958		0.346042
0.5		0.0604789		0.386922
0.5		0.063662		0.426936
0.5		0.0668451		0.461205
0.5		0.0700282		0.48605
0.5		0.0732113		0.498767
0.5		0.0763944		0.49748
0.5		0.0795775		0.481049
0.5		0.0827606		0.44903
0.5		0.0859437		0.401646
0.5		0.0891268		0.33977
0.5		0.0923099		0.264948
0.5		0.095493		0.179591
0.5		0.0986761		0.0888633
0.5		0.101859		0.0465708
0.5		0.105042		0.134622
0.5		0.108225		0.237302
0.5		0.111408		0.338495
0.5		0.114592		0.433808
0.5		0.117775		0.519917
0.5		0.120958		0.593968
0.5		0.124141		0.653559
0.5		0.127324		0.696815
0.5		0.130507		0.722471
0.5		0.13369		0.729969
0.5		0.136873		0.719553
0.5		0.140056		0.692388
0.5		0.143239		0.650721
0.5		0.146423		0.598139
0.5		0.149606		0.539967
0.5		0.152789		0.48381
0.5		0.155972		0.439768
0.5		0.159155		0.418774
0.5		0.162338		0.427459
0.5		0.165521		0.463242
0.5		0.168704		0.516308
0.5		0.171887		0.575481
0.5		0.17507		0.631499
0.5		0.178254		0.67744
0.5		0.181437		0.708292
0.5		0.18462		0.720531
0.5		0.187803		0.71187
0.5		0.190986		0.681142
0.5		0.194169		0.628266
0.5		0.197352		0.554318
0.5		0.200535		0.461793
0.5		0.203718		0.35558
0.5		0.206901		0.247022
0.5		0.210085		0.172601
0.5		0.213268		0.205812
0.5		0.216451		0.321988
0.5		0.219634		0.461606
0.5		0.222817		0.603306
0.5		0.226		0.737753
0.5		0.229183		0.858794
0.5		0.232366		0.961587
0.5		0.235549		1.04217
0.5		0.238732		1.09738
0.5		0.241916		1.12493
0.5		0.245099		1.12341
0.5		0.248282		1.09239
0.5		0.251465		1.03244
0.5		0.254648		0.94523
0.5		0.257831		0.833544
0.5		0.261014		0.701544
0.5		0.264197		0.555381
0.5		0.26738		0.405493
0.5		0.270563		0.275971
0.5		0.273747		0.230023
0.5		0.27693		0.309561
0.5		0.280113		0.444573
0.5		0.283296		0.586037
0.5		0.286479		0.715819
0.5		0.289662		0.824872
0.5		0.292845		0.907309
0.5		0.296028		0.958955
0.5		0.299211		0.976956
0.5		0.302394		0.959694
0.5		0.305577		0.906771
0.5		0.308761		0.819013
0.5		0.311944		0.698468
0.5		0.315127		0.5484
0.5		0.31831		0.373398
0.5		0.321493		0.18073
0.5		0.324676		0.0630121
0.5		0.327859		0.260891
0.5		0.331042		0.477759
0.5		0.334225		0.689332
0.5		0.337408		0.887217
0.5		0.340592		1.06403
0.5		0.343775		1.21302
0.5		0.346958		1.32813
0.5		0.350141		1.40425
0.5		0.353324		1.4374
0.5		0.356507		1.42486
0.5		0.35969		1.36539
0.5		0.362873		1.25935
0.5		0.366056		1.10895
0.5		0.369239		0.918667
0.5		0.372423		0.696659
0.5		0.375606		0.461172
0.5		0.378789		0.2813
0.5		0.381972		0.353206
0.5		0.385155		0.608364
0.5		0.388338		0.900942
0.5		0.391521		1.1917
0.5		0.394704		1.46337
0.5		0.397887		1.70343
0.5		0.40107		1.90116
0.5		0.404254		2.04718
0.5		0.407437		2.13344
0.5		0.41062		2.15342
0.5		0.413803		2.10229
0.5		0.416986		1.97716
0.5		0.420169		1.77726
0.5		0.423352		1.50421
0.5		0.426535		1.16255
0.5		0.429718		0.762053
0.5		0.432901		0.340498
0.5		0.436085		0.339263
0.5		0.439268		0.842221
0.5		0.442451		1.40878
0.5		0.445634		1.99161
0.5		0.448817		2.57085
0.5		0.452		3.12926
0.5		0.455183		3.65013
0.5		0.458366		4.11716
0.5		0.461549		4.51476
0.5		0.464732		4.82836
0.5		0.467916		5.04486
0.5		0.471099		5.15296
0.5		0.474282		5.1436
0.5		0.477465		5.01032
0.5		0.480648		4.74974
0.5		0.483831		4.36214
0.5		0.487014		3.85255
0.5		0.490197		3.2333
0.5		0.49338		2.53172
0.5		0.496563		1.81899
0.5		0.499747		1.32769
0.5		0.50293		1.53104
0.5		0.506113		2.35286
0.5		0.509296		3.41846
0.5		0.512479		4.57891
0.5		0.515662		5.77476
0.5		0.518845		6.97028
0.5		0.522028		8.13747
0.5		0.525211		9.25184
0.5		0.528394		10.2911
0.5		0.531578		11.2352
0.5		0.534761		12.0659
0.5		0.537944		12.7676
0.5		0.541127		13.3274
0.5		0.54431		13.735
0.5		0.547493		13.9834
0.5		0.550676		14.0688
0.5		0.553859		13.9905
0.5		0.557042		13.7514
0.5		0.560225		13.3571
0.5		0.563408		12.8168
0.5		0.566592		12.1422
0.5		0.569775		11.3477
0.5		0.572958		10.4501
0.5		0.576141		9.46805
0.5		0.579324		8.42178
0.5		0.582507		7.33302
0.5		0.58569		6.22471
0.5		0.588873		5.12128
0.5		0.592056		4.04997
0.5		0.595239		3.04485
0.5		0.598423		2.15992
0.5		0.601606		1.50897
0.5		0.604789		1.30298
0.5		0.607972		1.56852
0.5		0.611155		2.02024
0.5		0.614338		2.47019
0.5		0.617521		2.84955
0.5		0.620704		3.13309
0.5		0.623887		3.312
0.5		0.62707		3.38529
0.5		0.630254		3.35673
0.5		0.633437		3.23341
0.5		0.63662		3.02501
0.5		0.639803		2.74322
0.5		0.642986		2.40135
0.5		0.646169		2.01411
0.5		0.649352		1.59772
0.5		0.652535		1.1713
0.5		0.655718		0.763684
0.5		0.658901		0.452505
0.5		0.662085		0.455867
0.5		0.665268		0.724574
0.5		0.668451		1.03067
0.5		0.671634		1.30865
0.5		0.674817		1.53934
0.5		0.678		1.71468
0.5		0.681183		1.83135
0.5		0.684366		1.88917
0.5		0.687549		1.89068
0.5		0.690732		1.84094
0.5		0.693916		1.74763
0.5		0.697099		1.62129
0.5		0.700282		1.47581
0.5		0.703465		1.32917
0.5		0.706648		1.20369
0.5		0.709831		1.12363
0.5		0.713014		1.10703
0.5		0.716197		1.15511
0.5		0.71938		1.25125
0.5		0.722563		1.3714
0.5		0.725747		1.49357
0.5		0.72893		1.60112
0.5		0.732113		1.68244
0.5		0.735296		1.72995
0.5		0.738479		1.73921
0.5		0.741662		1.70839
0.5		0.744845		1.6379
0.5		0.748028		1.53017
0.5		0.751211		1.38959
0.5		0.754394		1.22264
0.5		0.757578		1.03839
0.5		0.760761		0.850094
0.5		0.763944		0.678979
0.5		0.767127		0.56046
0.5		0.77031		0.537265
0.5		0.773493		0.613967
0.5		0.776676		0.747325
0.5		0.779859		0.89603
0.5		0.783042		1.03625
0.5		0.786225		1.15491
0.5		0.789409		1.2444
0.5		0.792592		1.30035
0.5		0.795775		1.32056
0.5		0.798958		1.30469
0.5		0.802141		1.25397
0.5		0.805324		1.17115
0.5		0.808507		1.06054
0.5		0.81169		0.928209
0.5		0.814873		0.782682
0.5		0.818056		0.636714
0.5		0.82124		0.511341
0.5		0.824423		0.440151
0.5		0.827606		0.453204
0.5		0.830789		0.538427
0.5		0.833972		0.657371
0.5		0.837155		0.781388
0.5		0.840338		0.894507
0.5		0.843521		0.987656
0.5		0.846704		1.05541
0.5		0.849887		1.09465
0.5		0.85307		1.10391
0.5		0.856254		1.08324
0.5		0.859437		1.03397
0.5		0.86262		0.958791
0.5		0.865803		0.861775
0.5		0.868986		0.748716
0.5		0.872169		0.627954
0.5		0.875352		0.512368
0.5		0.878535		0.422976
0.5		0.881718		0.388392
0.5		0.884901		0.422645
0.5		0.888085		0.505638
0.5		0.891268		0.607923
0.5		0.894451		0.709806
0.5		0.897634		0.799995
0.5		0.900817		0.871798
0.5		0.904		0.921148
0.5		0.907183		0.945743
0.5		0.910366		0.944674
0.5		0.913549		0.918259
0.5		0.916732		0.867974
0.5		0.919916		0.79646
0.5		0.923099		0.707664
0.5		0.926282		0.60723
0.5		0.929465		0.503514
0.5		0.932648		0.409876
0.5		0.935831		0.347711
0.5		0.939014		0.340571
0.5		0.942197		0.389458
0.5		0.94538		0.47056
0.5		0.948563		0.560967
0.5		0.951747		0.646775
0.5		0.95493		0.719946
0.5		0.958113		0.775615
0.5		0.961296		0.810838
0.5		0.964479		0.824057
0.5		0.967662		0.814865
0.5		0.970845		0.78391
0.5		0.974028		0.732866
0.5		0.977211		0.664489
0.5		0.980394		0.582824
0.5		0.983578		0.493756
0.5		0.986761		0.406321
0.5		0.989944		0.335216
0.5		0.993127		0.301542
0.5		0.99631		0.319444

0.666667		0		0.419836
0.666667		0.0031831		0.410069
0.666667		0.0063662		0.381182
0.666667		0.0095493		0.334428
0.666667		0.0127324		0.27197
0.666667		0.0159155		0.197269
0.666667		0.0190986		0.117572
0.666667		0.0222817		0.0677082
0.666667		0.0254648		0.122009
0.666667		0.0286479		0.213522
0.666667		0.031831		0.307512
0.666667		0.0350141		0.396194
0.666667		0.0381972		0.475425
0.666667		0.0413803		0.542305
0.666667		0.0445634		0.594906
0.666667		0.0477465		0.632347
0.666667		0.0509296		0.654962
0.666667		0.0541127		0.664513
0.666667		0.0572958		0.664398
0.666667		0.0604789		0.659762
0.666667		0.063662		0.65728
0.666667		0.0668451		0.664258
0.666667		0.0700282		0.686867
0.666667		0.0732113		0.728132
0.666667		0.0763944		0.786958
0.666667		0.0795775		0.858825
0.666667		0.0827606		0.93738
0.666667		0.0859437		1.01586
0.666667		0.0891268		1.0879
0.666667		0.0923099		1.14798
0.666667		0.095493		1.19155
0.666667		0.0986761		1.21512
0.666667		0.101859		1.21634
0.666667		0.105042		1.19409
0.666667		0.108225		1.14854
0.666667		0.111408		1.08128
0.666667		0.114592		0.995534
0.666667		0.117775		0.896557
0.666667		0.120958		0.792252
0.666667		0.124141		0.694163
0.666667		0.127324		0.618115
0.666667		0.130507		0.581582
0.666667		0.13369		0.594326
0.666667		0.136873		0.649781
0.666667		0.140056		0.730221
0.666667		0.143239		0.817622
0.666667		0.146423		0.898241
0.666667		0.149606		0.962442
0.666667		0.152789		1.00361
0.666667		0.155972		1.01735
0.666667		0.159155		1.00111
0.666667		0.162338		0.95384
0.666667		0.165521		0.875973
0.666667		0.168704		0.769278
0.666667		0.171887		0.636857
0.666667		0.17507		0.483279
0.666667		0.178254		0.315585
0.666667		0.181437		0.152524
0.666667		0.18462		0.130033
0.666667		0.187803		0.289187
0.666667		0.190986		0.465277
0.666667		0.194169		0.63171
0.666667		0.197352		0.77936
0.666667		0.200535		0.901732
0.666667		0.203718		0.993597
0.666667		0.206901		1.05088
0.666667		0.210085		1.07076
0.666667		0.213268		1.05183
0.666667		0.216451		0.994324
0.666667		0.219634		0.900474
0.666667		0.222817		0.775288
0.666667		0.226		0.628707
0.666667		0.229183		0.482399
0.666667		0.232366		0.388307
0.666667		0.235549		0.424046
0.666667		0.238732		0.581762
0.666667		0.241916		0.793929
0.666667		0.245099		1.02108
0.666667		0.248282		1.24362
0.666667		0.251465		1.44934
0.666667		0.254648		1.6293
0.666667		0.257831		1.77671
0.666667		0.261014		1.88671
0.666667		0.264197		1.95653
0.666667		0.26738		1.98582
0.666667		0.270563		1.97711
0.666667		0.273747		1.93639
0.666667		0.27693		1.87388
0.666667		0.280113		1.80466
0.666667		0.283296		1.74857
0.666667		0.286479		1.72805
0.666667		0.289662		1.76263
0.666667		0.292845		1.86168
0.666667		0.296028		2.02094
0.666667		0.299211		2.22547
0.666667		0.302394		2.45565
0.666667		0.305577		2.69182
0.666667		0.308761		2.91631
0.666667		0.311944		3.11408
0.666667		0.315127		3.27272
0.666667		0.31831		3.38238
0.666667		0.321493		3.43573
0.666667		0.324676		3.42794
0.666667		0.327859		3.35671
0.666667		0.331042		3.22236
0.666667		0.334225		3.02786
0.666667		0.337408		2.77899
0.666667		0.340592		2.48459
0.666667		0.343775		2.15719
0.666667		0.346958		1.81439
0.666667		0.350141		1.48211
0.666667		0.353324		1.20091
0.666667		0.356507		1.03024
0.666667		0.35969		1.02043
0.666667		0.362873		1.15111
0.666667		0.366056		1.3489
0.666667		0.369239		1.55165
0.666667		0.372423		1.7217
0.666667		0.375606		1.83685
0.666667		0.378789		1.88364
0.666667		0.381972		1.85426
0.666667		0.385155		1.74531
0.666667		0.388338		1.55748
0.666667		0.391521		1.29583
0.666667		0.394704		0.972006
0.666667		0.397887		0.616021
0.666667		0.40107		0.369616
0.666667		0.404254		0.585206
0.666667		0.407437		1.03632
0.666667		0.41062		1.53004
0.666667		0.413803		2.01899
0.666667		0.416986		2.47678
0.666667		0.420169		2.88138
0.666667		0.423352		3.21248
0.666667		0.426535		3.45131
0.666667		0.429718		3.58087
0.666667		0.432901		3.58635
0.666667		0.436085		3.45562
0.666667		0.439268		3.17973
0.666667		0.442451		2.75362
0.666667		0.445634		2.17747
0.666667		0.448817		1.46233
0.666667		0.452		0.681914
0.666667		0.455183		0.714538
0.666667		0.458366		1.76179
0.666667		0.461549		3.00724
0.666667		0.464732		4.3614
0.666667		0.467916		5.79226
0.666667		0.471099		7.27269
0.666667		0.474282		8.77548
0.666667		0.477465		10.2728
0.666667		0.480648		11.7363
0.666667		0.483831		13.1379
0.666667		0.487014		14.4502
0.666667		0.490197		15.6472
0.666667		0.49338		16.7047
0.666667		0.496563		17.601
0.666667		0.499747		18.3177
0.666667		0.50293		18.8397
0.666667		0.506113		19.1556
0.666667		0.509296		19.2584
0.666667		0.512479		19.1451
0.666667		0.515662		18.8174
0.666667		0.518845		18.2811
0.666667		0.522028		17.5463
0.666667		0.525211		16.6271
0.666667		0.528394		15.5411
0.666667		0.531578		14.3094
0.666667		0.534761		12.9556
0.666667		0.537944		11.5056
0.666667		0.541127		9.9871
0.666667		0.54431		8.42866
0.666667		0.547493		6.85957
0.666667		0.550676		5.30942
0.666667		0.553859		3.80882
0.666667		0.557042		2.39421
0.666667		0.560225		1.14658
0.666667		0.563408		0.70351
0.666667		0.566592		1.54405
0.666667		0.569775		2.45883
0.666667		0.572958		3.25192
0.666667		0.576141		3.89428
0.666667		0.579324		4.3775
0.666667		0.582507		4.70081
0.666667		0.58569		4.86845
0.666667		0.588873		4.88881
0.666667		0.592056		4.77404
0.666667		0.595239		4.53973
0.666667		0.598423		4.20475
0.666667		0.601606		3.79141
0.666667		0.604789		3.32609
0.666667		0.607972		2.84088
0.666667		0.611155		2.37717
0.666667		0.614338		1.99089
0.666667		0.617521		1.75155
0.666667		0.620704		1.71083
0.666667		0.623887		1.85002
0.666667		0.62707		2.09224
0.666667		0.630254		2.36254
0.666667		0.633437		2.61145
0.666667		0.63662		2.81007
0.666667		0.639803		2.94237
0.666667		0.642986		3.00048
0.666667		0.646169		2.98215
0.666667		0.649352		2.88944
0.666667		0.652535		2.72792
0.666667		0.655718		2.50621
0.666667		0.658901		2.23581
0.666667		0.662085		1.93136
0.666667		0.665268		1.61184
0.666667		0.668451		1.30369
0.666667		0.671634		1.04736
0.666667		0.674817		0.901648
0.666667		0.678		0.912189
0.666667		0.681183		1.05156
0.666667		0.684366		1.24949
0.666667		0.687549		1.45341
0.666667		0.690732		1.63443
0.666667		0.693916		1.77736
0.666667		0.697099		1.87445
0.666667		0.700282		1.92253
0.666667		0.703465		1.9217
0.666667		0.706648		1.87458
0.666667		0.709831		1.78592
0.666667		0.713014		1.66222
0.666667		0.716197		1.51153
0.666667		0.71938		1.34322
0.666667		0.722563		1.1679
0.666667		0.725747		0.997417
0.666667		0.72893		0.844786
0.666667		0.732113		0.72345
0.666667		0.735296		0.644271
0.666667		0.738479		0.609791
0.666667		0.741662		0.611121
0.666667		0.744845		0.633571
0.666667		0.748028		0.665618
0.666667		0.751211		0.703292
0.666667		0.754394		0.74996
0.666667		0.757578		0.81372
0.666667		0.760761		0.90338
0.666667		0.763944		1.02441
0.666667		0.767127		1.17688
0.666667		0.77031		1.35604
0.666667		0.773493		1.55409
0.666667		0.776676		1.76182
0.666667		0.779859		1.96964
0.666667		0.783042		2.16819
0.666667		0.786225		2.34868
0.666667		0.789409		2.50314
0.666667		0.792592		2.62465
0.666667		0.795775		2.7075
0.666667		0.798958		2.74734
0.666667		0.802141		2.74131
0.666667		0.805324		2.68815
0.666667		0.808507		2.5882
0.666667		0.81169		2.44352
0.666667		0.814873		2.2579
0.666667		0.818056		2.03691
0.666667		0.82124		1.78819
0.666667		0.824423		1.52199
0.666667		0.827606		1.25262
0.666667		0.830789		1.00201
0.666667		0.833972		0.806428
0.666667		0.837155		0.717595
0.666667		0.840338		0.7635
0.666667		0.843521		0.905442
0.666667		0.846704		1.08448
0.666667		0.849887		1.26218
0.666667		0.85307		1.41773
0.666667		0.856254		1.53953
0.666667		0.859437		1.62105
0.666667		0.86262		1.65893
0.666667		0.865803		1.65227
0.666667		0.868986		1.60219
0.666667		0.872169		1.51177
0.666667		0.875352		1.38598
0.666667		0.878535		1.2319
0.666667		0.881718		1.05938
0.666667		0.884901		0.882654
0.666667		0.888085		0.723719
0.666667		0.891268		0.616513
0.666667		0.894451		0.597718
0.666667		0.897634		0.670461
0.666667		0.900817		0.798336
0.666667		0.904		0.943634
0.666667		0.907183		1.08253
0.666667		0.910366		1.20116
0.666667		0.913549		1.29124
0.666667		0.916732		1.34787
0.666667		0.919916		1.36859
0.666667		0.923099		1.35289
0.666667		0.926282		1.30209
0.666667		0.929465		1.21923
0.666667		0.932648		1.10917
0.666667		0.935831		0.979002
0.666667		0.939014		0.838845
0.666667		0.942197		0.703759
0.666667		0.94538		0.596531
0.666667		0.948563		0.546371
0.666667		0.951747		0.570683
0.666667		0.95493		0.654979
0.666667		0.958113		0.768652
0.666667		0.961296		0.886961
0.666667		0.964479		0.994303
0.666667		0.967662		1.0811
0.666667		0.970845		1.14146
0.666667		0.974028		1.17196
0.666667		0.977211		1.17112
0.666667		0.980394		1.13916
0.666667		0.983578		1.07789
0.666667		0.986761		0.990804
0.666667		0.989944		0.883281
0.666667		0.993127		0.763299
0.666667		0.99631		0.642915

0.833333		0		2.38393
0.833333		0.0031831		2.34303
0.833333		0.0063662		2.22618
0.833333		0.0095493		2.05286
0.833333		0.0127324		1.86242
0.833333		0.0159155		1.72312
0.833333		0.0190986		1.72669
0.833333		0.0222817		1.93743
0.833333		0.0254648		2.34162
0.833333		0.0286479		2.8791
0.833333		0.031831		3.49159
0.833333		0.0350141		4.13502
0.833333		0.0381972		4.77598
0.833333		0.0413803		5.38765
0.833333		0.0445634		5.94756
0.833333		0.0477465		6.43654
0.833333		0.0509296		6.83839
0.833333		0.0541127		7.13975
0.833333		0.0572958		7.33019
0.833333		0.0604789		7.40225
0.833333		0.063662		7.35151
0.833333		0.0668451		7.17662
0.833333		0.0700282		6.87927
0.833333		0.0732113		6.46404
0.833333		0.0763944		5.93831
0.833333		0.0795775		5.31198
0.833333		0.0827606		4.59724
0.833333		0.0859437		3.80827
0.833333		0.0891268		2.96105
0.833333		0.0923099		2.07356
0.833333		0.095493		1.16883
0.833333		0.0986761		0.339141
0.833333		0.101859		0.752586
0.833333		0.105042		1.61752
0.833333		0.108225		2.45977
0.833333		0.111408		3.25043
0.833333		0.114592		3.97443
0.833333		0.117775		4.62041
0.833333		0.120958		5.17954
0.833333		0.124141		5.64543
0.833333		0.127324		6.01404
0.833333		0.130507		6.28366
0.833333		0.13369		6.45476
0.833333		0.136873		6.52991
0.833333		0.140056		6.51349
0.833333		0.143239		6.41151
0.833333		0.146423		6.23127
0.833333		0.149606		5.98107
0.833333		0.152789		5.66988
0.833333		0.155972		5.307
0.833333		0.159155		4.90177
0.833333		0.162338		4.46332
0.833333		0.165521		4.00033
0.833333		0.168704		3.52087
0.833333		0.171887		3.03236
0.833333		0.17507		2.5415
0.833333		0.178254		2.05446
0.833333		0.181437		1.57708
0.833333		0.18462		1.11548
0.833333		0.187803		0.678512
0.833333		0.190986		0.297558
0.833333		0.194169		0.262947
0.833333		0.197352		0.576099
0.833333		0.200535		0.893427
0.833333		0.203718		1.17656
0.833333		0.206901		1.41601
0.833333		0.210085		1.60613
0.833333		0.213268		1.74273
0.833333		0.216451		1.82307
0.833333		0.219634		1.84618
0.833333		0.222817		1.81373
0.833333		0.226		1.73125
0.833333		0.229183		1.61029
0.833333		0.232366		1.47216
0.833333		0.235549		1.3531
0.833333		0.238732		1.30546
0.833333		0.241916		1.37934
0.833333		0.245099		1.58755
0.833333		0.248282		1.9013
0.833333		0.251465		2.2789
0.833333		0.254648		2.68377
0.833333		0.257831		3.08645
0.833333		0.261014		3.46246
0.833333		0.264197		3.79049
0.833333		0.26738		4.05163
0.833333		0.270563		4.22914
0.833333		0.273747		4.30866
0.833333		0.27693		4.2787
0.833333		0.280113		4.13144
0.833333		0.283296		3.8641
0.833333		0.286479		3.48157
0.833333		0.289662		3.00265
0.833333		0.292845		2.47639
0.833333		0.296028		2.02599
0.833333		0.299211		1.90838
0.833333		0.302394		2.34041
0.833333		0.305577		3.21034
0.833333		0.308761		4.32643
0.833333		0.311944		5.57966
0.833333		0.315127		6.9096
0.833333		0.31831		8.27454
0.833333		0.321493		9.64009
0.833333		0.324676		10.9751
0.833333		0.327859		12.2504
0.833333		0.331042		13.4385
0.833333		0.334225		14.5137
0.833333		0.337408		15.4527
0.833333		0.340592		16.2347
0.833333		0.343775		16.8421
0.833333		0.346958		17.2609
0.833333		0.350141		17.4808
0.833333		0.353324		17.4958
0.833333		0.356507		17.304
0.833333		0.35969		16.9081
0.833333		0.362873		16.3151
0.833333		0.366056		15.5361
0.833333		0.369239		14.5866
0.833333		0.372423		13.4853
0.833333		0.375606		12.2545
0.833333		0.378789		10.9193
0.833333		0.381972		9.5069
0.833333		0.385155		8.04624
0.833333		0.388338		6.56742
0.833333		0.391521		5.10128
0.833333		0.394704		3.67958
0.833333		0.397887		2.33807
0.833333		0.40107		1.14091
0.833333		0.404254		0.564913
0.833333		0.407437		1.28573
0.833333		0.41062		2.09448
0.833333		0.413803		2.76419
0.833333		0.416986		3.26364
0.833333		0.420169		3.58244
0.833333		0.423352		3.71807
0.833333		0.426535		3.67353
0.833333		0.429718		3.45675
0.833333		0.432901		3.08042
0.833333		0.436085		2.56255
0.833333		0.439268		1.9291
0.833333		0.442451		1.22926
0.833333		0.445634		0.666131
0.833333		0.448817		0.957873
0.833333		0.452		1.78156
0.833333		0.455183		2.69614
0.833333		0.458366		3.61461
0.833333		0.461549		4.49924
0.833333		0.464732		5.32279
0.833333		0.467916		6.06272
0.833333		0.471099		6.70012
0.833333		0.474282		7.2196
0.833333		0.477465		7.60943
0.833333		0.480648		7.86167
0.833333		0.483831		7.9723
0.833333		0.487014		7.9412
0.833333		0.490197		7.77218
0.833333		0.49338		7.47281
0.833333		0.496563		7.05427
0.833333		0.499747		6.53118
0.833333		0.50293		5.92145
0.833333		0.506113		5.24629
0.833333		0.509296		4.53064
0.833333		0.512479		3.80447
0.833333		0.515662		3.10597
0.833333		0.518845		2.48836
0.833333		0.522028		2.02891
0.833333		0.525211		1.81718
0.833333		0.528394		1.87798
0.833333		0.531578		2.12057
0.833333		0.534761		2.42562
0.833333		0.537944		2.71319
0.833333		0.541127		2.93962
0.833333		0.54431		3.08215
0.833333		0.547493		3.1299
0.833333		0.550676		3.07947
0.833333		0.553859		2.93294
0.833333		0.557042		2.69676
0.833333		0.560225		2.38143
0.833333		0.563408		2.00188
0.833333		0.566592		1.57985
0.833333		0.569775		1.15323
0.833333		0.572958		0.812193
0.833333		0.576141		0.758803
0.833333		0.579324		1.04926
0.833333		0.582507		1.47965
0.833333		0.58569		1.9324
0.833333		0.588873		2.36248
0.833333		0.592056		2.74735
0.833333		0.595239		3.073
0.833333		0.598423		3.33008
0.833333		0.601606		3.51275
0.833333		0.604789		3.61816
0.833333		0.607972		3.64635
0.833333		0.611155		3.60005
0.833333		0.614338		3.48465
0.833333		0.617521		3.30804
0.833333		0.620704		3.08064
0.833333		0.623887		2.81539
0.833333		0.62707		2.52802
0.833333		0.630254		2.23739
0.833333		0.633437		1.96601
0.833333		0.63662		1.73962
0.833333		0.639803		1.58365
0.833333		0.642986		1.51391
0.833333		0.646169		1.52606
0.833333		0.649352		1.59604
0.833333		0.652535		1.69256
0.833333		0.655718		1.78846
0.833333		0.658901		1.86454
0.833333		0.662085		1.90913
0.833333		0.665268		1.91659
0.833333		0.668451		1.88608
0.833333		0.671634		1.82094
0.833333		0.674817		1.72832
0.833333		0.678		1.61918
0.833333		0.681183		1.50825
0.833333		0.684366		1.41339
0.833333		0.687549		1.35309
0.833333		0.690732		1.34118
0.833333		0.693916		1.38083
0.833333		0.697099		1.46306
0.833333		0.700282		1.57138
0.833333		0.703465		1.68795
0.833333		0.706648		1.79731
0.833333		0.709831		1.88754
0.833333		0.713014		1.95028
0.833333		0.716197		1.98034
0.833333		0.71938		1.97548
0.833333		0.722563		1.93614
0.833333		0.725747		1.86546
0.833333		0.72893		1.76934
0.833333		0.732113		1.65665
0.833333		0.735296		1.53947
0.833333		0.738479		1.43299
0.833333		0.741662		1.35436
0.833333		0.744845		1.31905
0.833333		0.748028		1.33523
0.833333		0.751211		1.39999
0.833333		0.754394		1.501
0.833333		0.757578		1.62214
0.833333		0.760761		1.74817
0.833333		0.763944		1.86677
0.833333		0.767127		1.96898
0.833333		0.77031		2.04884
0.833333		0.773493		2.10308
0.833333		0.776676		2.13076
0.833333		0.779859		2.13306
0.833333		0.783042		2.11303
0.833333		0.786225		2.07529
0.833333		0.789409		2.0258
0.833333		0.792592		1.97128
0.833333		0.795775		1.91856
0.833333		0.798958		1.87376
0.833333		0.802141		1.84124
0.833333		0.805324		1.82282
0.833333		0.808507		1.81745
0.833333		0.81169		1.82146
0.833333		0.814873		1.82943
0.833333		0.818056		1.8352
0.833333		0.82124		1.83289
0.833333		0.824423		1.81761
0.833333		0.827606		1.78594
0.833333		0.830789		1.73625
0.833333		0.833972		1.66883
0.833333		0.837155		1.58602
0.833333		0.840338		1.4923
0.833333		0.843521		1.39434
0.833333		0.846704		1.30092
0.833333		0.849887		1.22231
0.833333		0.85307		1.16876
0.833333		0.856254		1.14769
0.833333		0.859437		1.16083
0.833333		0.86262		1.20326
0.833333		0.865803		1.26529
0.833333		0.868986		1.33562
0.833333		0.872169		1.40377
0.833333		0.875352		1.46121
0.833333		0.878535		1.50166
0.833333		0.881718		1.52104
0.833333		0.884901		1.51729
0.833333		0.888085		1.49028
0.833333		0.891268		1.44174
0.833333		0.894451		1.37527
0.833333		0.897634		1.29635
0.833333		0.900817		1.2124
0.833333		0.904		1.13265
0.833333		0.907183		1.06741
0.833333		0.910366		1.0264
0.833333		0.913549		1.01594
0.833333		0.916732		1.03637
0.833333		0.919916		1.0819
0.833333		0.923099		1.14295
0.833333		0.926282		1.20924
0.833333		0.929465		1.27176
0.833333		0.932648		1.32357
0.833333		0.935831		1.35992
0.833333		0.939014		1.37815
0.833333		0.942197		1.37756
0.833333		0.94538		1.35926
0.833333		0.948563		1.32614
0.833333		0.951747		1.28273
0.833333		0.95493		1.23503
0.833333		0.958113		1.19009
0.833333		0.961296		1.15515
0.833333		0.964479		1.13638
0.833333		0.967662		1.1373
0.833333		0.970845		1.15772
0.833333		0.974028		1.19382
0.833333		0.977211		1.23929
0.833333		0.980394		1.28689
0.833333		0.983578		1.32969
0.833333		0.986761		1.36184
0.833333		0.989944		1.3789
0.833333		0.993127		1.37802
0.833333		0.99631		1.35793

1		0		1.98766
1		0.0031831		1.90289
1		0.0063662		1.65596
1		0.0095493		1.27483
1		0.0127324		0.84867
1		0.0159155		0.726038
1		0.0190986		1.22059
1		0.0222817		1.97325
1		0.0254648		2.78975
1		0.0286479		3.59346
1		0.031831		4.3306
1		0.0350141		4.95409
1		0.0381972		5.42117
1		0.0413803		5.69385
1		0.0445634		5.74042
1		0.0477465		5.53781
1		0.0509296		5.07578
1		0.0541127		4.36671
1		0.0572958		3.47603
1		0.0604789		2.63652
1		0.063662		2.51858
1		0.0668451		3.64093
1		0.0700282		5.54539
1		0.0732113		7.85119
1		0.0763944		10.4002
1		0.0795775		13.1025
1		0.0827606		15.8866
1		0.0859437		18.6863
1		0.0891268		21.4373
1		0.0923099		24.0766
1		0.095493		26.5433
1		0.0986761		28.7797
1		0.101859		30.7328
1		0.105042		32.3552
1		0.108225		33.6067
1		0.111408		34.4551
1		0.114592		34.8771
1		0.117775		34.859
1		0.120958		34.3972
1		0.124141		33.4979
1		0.127324		32.1776
1		0.130507		30.4623
1		0.13369		28.387
1		0.136873		25.995
1		0.140056		23.3367
1		0.143239		20.4685
1		0.146423		17.4516
1		0.149606		14.3513
1		0.152789		11.236
1		0.155972		8.1798
1		0.159155		5.27617
1		0.162338		2.73254
1		0.165521		1.74009
1		0.168704		3.30103
1		0.171887		5.19495
1		0.17507		6.86735
1		0.178254		8.22211
1		0.181437		9.22751
1		0.18462		9.8741
1		0.187803		10.1665
1		0.190986		10.1213
1		0.194169		9.76576
1		0.197352		9.13833
1		0.200535		8.28902
1		0.203718		7.2821
1		0.206901		6.20236
1		0.210085		5.16836
1		0.213268		4.35149
1		0.216451		3.96199
1		0.219634		4.11128
1		0.222817		4.67501
1		0.226		5.4211
1		0.229183		6.16786
1		0.232366		6.80356
1		0.235549		7.26273
1		0.238732		7.50971
1		0.241916		7.53157
1		0.245099		7.33734
1		0.248282		6.96203
1		0.251465		6.47649
1		0.254648		6.00346
1		0.257831		5.72865
1		0.261014		5.86428
1		0.264197		6.53456
1		0.26738		7.7002
1		0.270563		9.22614
1		0.273747		10.9733
1		0.27693		12.8294
1		0.280113		14.7071
1		0.283296		16.5361
1		0.286479		18.2583
1		0.289662		19.825
1		0.292845		21.1956
1		0.296028		22.3368
1		0.299211		23.223
1		0.302394		23.8357
1		0.305577		24.1635
1		0.308761		24.2024
1		0.311944		23.9547
1		0.315127		23.4295
1		0.31831		22.6417
1		0.321493		21.6113
1		0.324676		20.3632
1		0.327859		18.9258
1		0.331042		17.3309
1		0.334225		15.6123
1		0.337408		13.8056
1		0.340592		11.9475
1		0.343775		10.0758
1		0.346958		8.22993
1		0.350141		6.45455
1		0.353324		4.80846
1		0.356507		3.39439
1		0.35969		2.44155
1		0.362873		2.30748
1		0.366056		2.89552
1		0.369239		3.72725
1		0.372423		4.54566
1		0.375606		5.25703
1		0.378789		5.82474
1		0.381972		6.23357
1		0.385155		6.47818
1		0.388338		6.55878
1		0.391521		6.47922
1		0.394704		6.24612
1		0.397887		5.86837
1		0.40107		5.35697
1		0.404254		4.72514
1		0.407437		3.98896
1		0.41062		3.16933
1		0.413803		2.29923
1		0.416986		1.45843
1		0.420169		0.974424
1		0.423352		1.41449
1		0.426535		2.31725
1		0.429718		3.31285
1		0.432901		4.3088
1		0.436085		5.26625
1		0.439268		6.1593
1		0.442451		6.96707
1		0.445634		7.67181
1		0.448817		8.25854
1		0.452		8.7151
1		0.455183		9.03241
1		0.458366		9.20467
1		0.461549		9.22965
1		0.464732		9.10874
1		0.467916		8.84712
1		0.471099		8.4537
1		0.474282		7.94107
1		0.477465		7.32535
1		0.480648		6.62602
1		0.483831		5.86584
1		0.487014		5.07092
1		0.490197		4.2712
1		0.49338		3.50189
1		0.496563		2.80648
1		0.499747		2.24094
1		0.50293		1.87033
1		0.506113		1.73195
1		0.509296		1.77868
1		0.512479		1.90348
1		0.515662		2.01444
1		0.518845		2.05879
1		0.522028		2.01459
1		0.525211		1.88402
1		0.528394		1.69661
1		0.531578		1.52551
1		0.534761		1.50178
1		0.537944		1.74711
1		0.541127		2.25457
1		0.54431		2.93829
1		0.547493		3.72342
1		0.550676		4.55778
1		0.553859		5.40213
1		0.557042		6.22392
1		0.560225		6.99468
1		0.563408		7.68915
1		0.566592		8.28519
1		0.569775		8.76395
1		0.572958		9.11018
1		0.576141		9.31257
1		0.579324		9.36393
1		0.582507		9.26144
1		0.58569		9.00671
1		0.588873		8.60579
1		0.592056		8.06916
1		0.595239		7.41166
1		0.598423		6.6525
1		0.601606		5.81558
1		0.604789		4.93062
1		0.607972		4.03613
1		0.611155		3.18725
1		0.614338		2.47414
1		0.617521		2.0447
1		0.620704		2.03634
1		0.623887		2.38038
1		0.62707		2.87564
1		0.630254		3.37983
1		0.633437		3.81992
1		0.63662		4.15831
1		0.639803		4.37496
1		0.642986		4.46009
1		0.646169		4.41109
1		0.649352		4.23121
1		0.652535		3.92898
1		0.655718		3.51823
1		0.658901		3.01911
1		0.662085		2.46158
1		0.665268		1.89651
1		0.668451		1.42986
1		0.671634		1.27176
1		0.674817		1.55113
1		0.678		2.09039
1		0.681183		2.70997
1		0.684366		3.32574
1		0.687549		3.89602
1		0.690732		4.39587
1		0.693916		4.80875
1		0.697099		5.12369
1		0.700282		5.33426
1		0.703465		5.43815
1		0.706648		5.43702
1		0.709831		5.33629
1		0.713014		5.14517
1		0.716197		4.87659
1		0.71938		4.54732
1		0.722563		4.17823
1		0.725747		3.79464
1		0.72893		3.4267
1		0.732113		3.10873
1		0.735296		2.87544
1		0.738479		2.753
1		0.741662		2.74739
1		0.744845		2.83995
1		0.748028		2.99608
1		0.751211		3.17877
1		0.754394		3.35721
1		0.757578		3.50921
1		0.760761		3.62053
1		0.763944		3.68357
1		0.767127		3.696
1		0.77031		3.6599
1		0.773493		3.58091
1		0.776676		3.46766
1		0.779859		3.33109
1		0.783042		3.18374
1		0.786225		3.03877
1		0.789409		2.90865
1		0.792592		2.80352
1		0.795775		2.72956
1		0.798958		2.68788
1		0.802141		2.67461
1		0.805324		2.68217
1		0.808507		2.70128
1		0.81169		2.72293
1		0.814873		2.73978
1		0.818056		2.74686
1		0.82124		2.7418
1		0.824423		2.72456
1		0.827606		2.697
1		0.830789		2.66221
1		0.833972		2.62374
1		0.837155		2.58483
1		0.840338		2.54764
1		0.843521		2.51279
1		0.846704		2.47919
1		0.849887		2.44426
1		0.85307		2.40451
1		0.856254		2.35633
1		0.859437		2.2969
1		0.86262		2.22506
1		0.865803		2.14215
1		0.868986		2.05272
1		0.872169		1.96518
1		0.875352		1.89176
1		0.878535		1.84749
1		0.881718		1.84714
1		0.884901		1.90061
1		0.888085		2.00915
1		0.891268		2.165
1		0.894451		2.35447
1		0.897634		2.56167
1		0.900817		2.77122
1		0.904		2.96943
1		0.907183		3.14473
1		0.910366		3.2878
1		0.913549		3.39152
1		0.916732		3.45101
1		0.919916		3.4636
1		0.923099		3.42892
1		0.926282		3.34892
1		0.929465		3.22793
1		0.932648		3.07278
1		0.935831		2.89287
1		0.939014		2.70024
1		0.942197		2.50948
1		0.94538		2.33716
1		0.948563		2.20014
1		0.951747		2.11239
1		0.95493		2.08079
1		0.958113		2.10227
1		0.961296		2.16467
1		0.964479		2.25086
1		0.967662		2.34325
1		0.970845		2.42669
1		0.974028		2.48965
1		0.977211		2.52439
1		0.980394		2.52672
1		0.983578		2.49575
1		0.986761		2.43366
1		0.989944		2.34551
1		0.993127		2.23915
1		0.99631		2.12493

