0		0		3.42098e-15
0		0.0031831		3.34258e-15
0		0.0063662		3.11385e-15
0		0.0095493		2.75363e-15
0		0.0127324		2.2913e-15
0		0.0159155		1.76399e-15
0		0.0190986		1.21307e-15
0		0.0222817		6.80284e-16
0		0.0254648		2.03998e-16
0		0.0286479		-1.84217e-16
0		0.031831		-4.62182e-16
0		0.0350141		-6.18718e-16
0		0.0381972		-6.54125e-16
0		0.0413803		-5.79508e-16
0		0.0445634		-4.15068e-16
0		0.0477465		-1.87571e-16
0		0.0509296		7.27081e-17
0		0.0541127		3.3522e-16
0		0.0572958		5.72215e-16
0		0.0604789		7.61333e-16
0		0.063662		8.87458e-16
0		0.0668451		9.43684e-16
0		0.0700282		9.31326e-16
0		0.0732113		8.59047e-16
0		0.0763944		7.41231e-16
0		0.0795775		5.95848e-16
0		0.0827606		4.42075e-16
0		0.0859437		2.9796e-16
0		0.0891268		1.784e-16
0		0.0923099		9.36558e-17
0		0.095493		4.85265e-17
0		0.0986761		4.22604e-17
0		0.101859		6.91522e-17
0		0.105042		1.19714e-16
0		0.108225		1.82235e-16
0		0.111408		2.44517e-16
0		0.114592		2.95536e-16
0		0.117775		3.26846e-16
0		0.120958		3.33526e-16
0		0.124141		3.14599e-16
0		0.127324		2.72871e-16
0		0.130507		2.14253e-16
0		0.13369		1.46679e-16
0		0.136873		7.87857e-17
0		0.140056		1.85476e-17
0		0.143239		-2.7941e-17
0		0.146423		-5.73623e-17
0		0.149606		-6.96334e-17
0		0.152789		-6.7864e-17
0		0.155972		-5.78253e-17
0		0.159155		-4.70062e-17
0		0.162338		-4.33934e-17
0		0.165521		-5.41461e-17
0		0.168704		-8.43564e-17
0		0.171887		-1.36071e-16
0		0.17507		-2.07722e-16
0		0.178254		-2.94058e-16
0		0.181437		-3.86598e-16
0		0.18462		-4.7457e-16
0		0.187803		-5.46221e-16
0		0.190986		-5.90337e-16
0		0.194169		-5.97786e-16
0		0.197352		-5.6287e-16
0		0.200535		-4.84328e-16
0		0.203718		-3.65816e-16
0		0.206901		-2.15818e-16
0		0.210085		-4.6951e-17
0		0.213268		1.25255e-16
0		0.216451		2.83973e-16
0		0.219634		4.1292e-16
0		0.222817		4.98187e-16
0		0.226		5.29864e-16
0		0.229183		5.03242e-16
0		0.232366		4.19462e-16
0		0.235549		2.85508e-16
0		0.238732		1.13546e-16
0		0.241916		-8.03287e-17
0		0.245099		-2.77799e-16
0		0.248282		-4.60293e-16
0		0.251465		-6.10984e-16
0		0.254648		-7.16607e-16
0		0.257831		-7.68864e-16
0		0.261014		-7.65281e-16
0		0.264197		-7.09391e-16
0		0.26738		-6.10255e-16
0		0.270563		-4.81354e-16
0		0.273747		-3.38997e-16
0		0.27693		-2.00435e-16
0		0.280113		-8.18785e-17
0		0.283296		3.31494e-18
0		0.286479		4.61132e-17
0		0.289662		4.27494e-17
0		0.292845		-4.96097e-18
0		0.296028		-8.9957e-17
0		0.299211		-2.00873e-16
0		0.302394		-3.23468e-16
0		0.305577		-4.42356e-16
0		0.308761		-5.42851e-16
0		0.311944		-6.12682e-16
0		0.315127		-6.43393e-16
0		0.31831		-6.31269e-16
0		0.321493		-5.77674e-16
0		0.324676		-4.88783e-16
0		0.327859		-3.74744e-16
0		0.331042		-2.48387e-16
0		0.334225		-1.23632e-16
0		0.337408		-1.38056e-17
0		0.340592		6.99396e-17
0		0.343775		1.19909e-16
0		0.346958		1.32705e-16
0		0.350141		1.09528e-16
0		0.353324		5.59126e-17
0		0.356507		-1.90646e-17
0		0.35969		-1.03987e-16
0		0.362873		-1.86567e-16
0		0.366056		-2.55198e-16
0		0.369239		-3.00383e-16
0		0.372423		-3.15883e-16
0		0.375606		-2.99437e-16
0		0.378789		-2.52969e-16
0		0.381972		-1.82276e-16
0		0.385155		-9.62195e-17
0		0.388338		-5.5527e-18
0		0.391521		7.84899e-17
0		0.394704		1.45647e-16
0		0.397887		1.87955e-16
0		0.40107		2.00775e-16
0		0.404254		1.83397e-16
0		0.407437		1.39146e-16
0		0.41062		7.49827e-17
0		0.413803		6.40614e-19
0		0.416986		-7.25814e-17
0		0.420169		-1.33233e-16
0		0.423352		-1.71149e-16
0		0.426535		-1.78741e-16
0		0.429718		-1.51977e-16
0		0.432901		-9.09355e-17
0		0.436085		1.39976e-19
0		0.439268		1.13284e-16
0		0.442451		2.3771e-16
0		0.445634		3.61047e-16
0		0.448817		4.70779e-16
0		0.452		5.55699e-16
0		0.455183		6.07222e-16
0		0.458366		6.20382e-16
0		0.461549		5.9442e-16
0		0.464732		5.32866e-16
0		0.467916		4.43137e-16
0		0.471099		3.35676e-16
0		0.474282		2.22755e-16
0		0.477465		1.17064e-16
0		0.480648		3.02777e-17
0		0.483831		-2.82639e-17
0		0.487014		-5.25798e-17
0		0.490197		-4.06845e-17
0		0.49338		5.24379e-18
0		0.496563		7.91708e-17
0		0.499747		1.71947e-16
0		0.50293		2.72391e-16
0		0.506113		3.68574e-16
0		0.509296		4.49172e-16
0		0.512479		5.04705e-16
0		0.515662		5.28543e-16
0		0.518845		5.17551e-16
0		0.522028		4.72329e-16
0		0.525211		3.97009e-16
0		0.528394		2.98664e-16
0		0.531578		1.86396e-16
0		0.534761		7.02432e-17
0		0.537944		-3.99905e-17
0		0.541127		-1.35809e-16
0		0.54431		-2.10901e-16
0		0.547493		-2.61703e-16
0		0.550676		-2.87616e-16
0		0.553859		-2.90834e-16
0		0.557042		-2.75849e-16
0		0.560225		-2.48686e-16
0		0.563408		-2.15988e-16
0		0.566592		-1.84066e-16
0		0.569775		-1.58035e-16
0		0.572958		-1.41151e-16
0		0.576141		-1.34427e-16
0		0.579324		-1.36564e-16
0		0.582507		-1.44213e-16
0		0.58569		-1.52516e-16
0		0.588873		-1.55847e-16
0		0.592056		-1.48673e-16
0		0.595239		-1.26393e-16
0		0.598423		-8.60673e-17
0		0.601606		-2.69296e-17
0		0.604789		4.93842e-17
0		0.607972		1.38915e-16
0		0.611155		2.35764e-16
0		0.614338		3.32732e-16
0		0.617521		4.22132e-16
0		0.620704		4.96676e-16
0		0.623887		5.50327e-16
0		0.62707		5.79004e-16
0		0.630254		5.81056e-16
0		0.633437		5.57446e-16
0		0.63662		5.11621e-16
0		0.639803		4.49083e-16
0		0.642986		3.76714e-16
0		0.646169		3.01936e-16
0		0.649352		2.31817e-16
0		0.652535		1.72218e-16
0		0.655718		1.27109e-16
0		0.658901		9.81092e-17
0		0.662085		8.43366e-17
0		0.665268		8.25673e-17
0		0.668451		8.76957e-17
0		0.671634		9.34373e-17
0		0.674817		9.31893e-17
0		0.678		8.0947e-17
0		0.681183		5.21612e-17
0		0.684366		4.43405e-18
0		0.687549		-6.20355e-17
0		0.690732		-1.44314e-16
0		0.693916		-2.36924e-16
0		0.697099		-3.32352e-16
0		0.700282		-4.21812e-16
0		0.703465		-4.96193e-16
0		0.706648		-5.47068e-16
0		0.709831		-5.67679e-16
0		0.713014		-5.53753e-16
0		0.716197		-5.04088e-16
0		0.71938		-4.20821e-16
0		0.722563		-3.09349e-16
0		0.725747		-1.77919e-16
0		0.72893		-3.69081e-17
0		0.732113		1.02119e-16
0		0.735296		2.27483e-16
0		0.738479		3.2848e-16
0		0.741662		3.96394e-16
0		0.744845		4.25305e-16
0		0.748028		4.12639e-16
0		0.751211		3.59396e-16
0		0.754394		2.70039e-16
0		0.757578		1.52064e-16
0		0.760761		1.53067e-17
0		0.763944		-1.2896e-16
0		0.767127		-2.69025e-16
0		0.77031		-3.93757e-16
0		0.773493		-4.93524e-16
0		0.776676		-5.60955e-16
0		0.779859		-5.9147e-16
0		0.783042		-5.83537e-16
0		0.786225		-5.38655e-16
0		0.789409		-4.61081e-16
0		0.792592		-3.5733e-16
0		0.795775		-2.35521e-16
0		0.798958		-1.04627e-16
0		0.802141		2.62921e-17
0		0.805324		1.48806e-16
0		0.808507		2.55721e-16
0		0.81169		3.41538e-16
0		0.814873		4.02727e-16
0		0.818056		4.37824e-16
0		0.82124		4.47344e-16
0		0.824423		4.33545e-16
0		0.827606		4.00088e-16
0		0.830789		3.51603e-16
0		0.833972		2.93241e-16
0		0.837155		2.30228e-16
0		0.840338		1.67461e-16
0		0.843521		1.09178e-16
0		0.846704		5.87145e-17
0		0.849887		1.83503e-17
0		0.85307		-1.07418e-17
0		0.856254		-2.84661e-17
0		0.859437		-3.56963e-17
0		0.86262		-3.41104e-17
0		0.865803		-2.5983e-17
0		0.868986		-1.3954e-17
0		0.872169		-7.89511e-19
0		0.875352		1.08486e-17
0		0.878535		1.86126e-17
0		0.881718		2.0645e-17
0		0.884901		1.57119e-17
0		0.888085		3.28632e-18
0		0.891268		-1.64241e-17
0		0.894451		-4.25064e-17
0		0.897634		-7.34275e-17
0		0.900817		-1.07171e-16
0		0.904		-1.41414e-16
0		0.907183		-1.73736e-16
0		0.910366		-2.01837e-16
0		0.913549		-2.23752e-16
0		0.916732		-2.38037e-16
0		0.919916		-2.43919e-16
0		0.923099		-2.41374e-16
0		0.926282		-2.31148e-16
0		0.929465		-2.14695e-16
0		0.932648		-1.94044e-16
0		0.935831		-1.71609e-16
0		0.939014		-1.49951e-16
0		0.942197		-1.3152e-16
0		0.94538		-1.18405e-16
0		0.948563		-1.12113e-16
0		0.951747		-1.13409e-16
0		0.95493		-1.22228e-16
0		0.958113		-1.37678e-16
0		0.961296		-1.58129e-16
0		0.964479		-1.81388e-16
0		0.967662		-2.04931e-16
0		0.970845		-2.2618e-16
0		0.974028		-2.42785e-16
0		0.977211		-2.52883e-16
0		0.980394		-2.55309e-16
0		0.983578		-2.49717e-16
0		0.986761		-2.36625e-16
0		0.989944		-2.17344e-16
0		0.993127		-1.93834e-16
0		0.99631		-1.68466e-16

0.166667		0		0.0765512
0.166667		0.0031831		0.0714036
0.166667		0.0063662		0.0566311
0.166667		0.0095493		0.0341578
0.166667		0.0127324		0.00691394
0.166667		0.0159155		-0.0215432
0.166667		0.0190986		-0.0474887
0.166667		0.0222817		-0.0675132
0.166667		0.0254648		-0.0789662
0.166667		0.0286479		-0.0803036
0.166667		0.031831		-0.0712932
0.166667		0.0350141		-0.0530521
0.166667		0.0381972		-0.02791
0.166667		0.0413803		0.000885296
0.166667		0.0445634		0.029583
0.166667		0.0477465		0.0544127
0.166667		0.0509296		0.0720742
0.166667		0.0541127		0.0801709
0.166667		0.0572958		0.0775308
0.166667		0.0604789		0.0643721
0.166667		0.063662		0.042291
0.166667		0.0668451		0.0140713
0.166667		0.0700282		-0.0166618
0.166667		0.0732113		-0.045902
0.166667		0.0763944		-0.0697765
0.166667		0.0795775		-0.0850522
0.166667		0.0827606		-0.089566
0.166667		0.0859437		-0.0825246
0.166667		0.0891268		-0.0646319
0.166667		0.0923099		-0.0380253
0.166667		0.095493		-0.00602607
0.166667		0.0986761		0.027268
0.166667		0.101859		0.0574986
0.166667		0.105042		0.0806066
0.166667		0.108225		0.0933664
0.166667		0.111408		0.0938245
0.166667		0.114592		0.0815842
0.166667		0.117775		0.0578978
0.166667		0.120958		0.0255484
0.166667		0.124141		-0.0114677
0.166667		0.127324		-0.048424
0.166667		0.130507		-0.0804531
0.166667		0.13369		-0.103173
0.166667		0.136873		-0.113269
0.166667		0.140056		-0.10896
0.166667		0.143239		-0.0902811
0.166667		0.146423		-0.0591456
0.166667		0.149606		-0.0191716
0.166667		0.152789		0.0247179
0.166667		0.155972		0.0668748
0.166667		0.159155		0.10162
0.166667		0.162338		0.123973
0.166667		0.165521		0.130321
0.166667		0.168704		0.118948
0.166667		0.171887		0.0903531
0.166667		0.17507		0.0473016
0.166667		0.178254		-0.00539852
0.166667		0.181437		-0.0613867
0.166667		0.18462		-0.113457
0.166667		0.187803		-0.154411
0.166667		0.190986		-0.17795
0.166667		0.194169		-0.179524
0.166667		0.197352		-0.157017
0.166667		0.200535		-0.111185
0.166667		0.203718		-0.0457919
0.166667		0.206901		0.0325881
0.166667		0.210085		0.115103
0.166667		0.213268		0.191438
0.166667		0.216451		0.250834
0.166667		0.219634		0.283213
0.166667		0.222817		0.280287
0.166667		0.226		0.236537
0.166667		0.229183		0.149946
0.166667		0.232366		0.0224017
0.166667		0.235549		-0.140269
0.166667		0.238732		-0.328673
0.166667		0.241916		-0.530576
0.166667		0.245099		-0.731938
0.166667		0.248282		-0.918136
0.166667		0.251465		-1.07528
0.166667		0.254648		-1.19146
0.166667		0.257831		-1.25784
0.166667		0.261014		-1.26947
0.166667		0.264197		-1.22569
0.166667		0.26738		-1.13019
0.166667		0.270563		-0.990652
0.166667		0.273747		-0.81798
0.166667		0.27693		-0.625309
0.166667		0.280113		-0.426783
0.166667		0.283296		-0.236291
0.166667		0.286479		-0.066262
0.166667		0.289662		0.0733634
0.166667		0.292845		0.175884
0.166667		0.296028		0.238252
0.166667		0.299211		0.26112
0.166667		0.302394		0.248533
0.166667		0.305577		0.207303
0.166667		0.308761		0.146159
0.166667		0.311944		0.0747517
0.166667		0.315127		0.00263625
0.166667		0.31831		-0.0616733
0.166667		0.321493		-0.111475
0.166667		0.324676		-0.142413
0.166667		0.327859		-0.152721
0.166667		0.331042		-0.143186
0.166667		0.334225		-0.116828
0.166667		0.337408		-0.0783685
0.166667		0.340592		-0.033553
0.166667		0.343775		0.0115982
0.166667		0.346958		0.051509
0.166667		0.350141		0.0816672
0.166667		0.353324		0.0990783
0.166667		0.356507		0.102512
0.166667		0.35969		0.092525
0.166667		0.362873		0.071276
0.166667		0.366056		0.042158
0.166667		0.369239		0.00931061
0.166667		0.372423		-0.0229286
0.166667		0.375606		-0.0505636
0.166667		0.378789		-0.0704071
0.166667		0.381972		-0.0804235
0.166667		0.385155		-0.0799132
0.166667		0.388338		-0.0695245
0.166667		0.391521		-0.0511008
0.166667		0.394704		-0.0273896
0.166667		0.397887		-0.00165585
0.166667		0.40107		0.0227492
0.166667		0.404254		0.042808
0.166667		0.407437		0.0561959
0.166667		0.41062		0.0615373
0.166667		0.413803		0.058533
0.166667		0.416986		0.0479476
0.166667		0.420169		0.0314664
0.166667		0.423352		0.0114435
0.166667		0.426535		-0.00942258
0.166667		0.429718		-0.0284417
0.166667		0.432901		-0.04327
0.166667		0.436085		-0.0521902
0.166667		0.439268		-0.0543022
0.166667		0.442451		-0.0496042
0.166667		0.445634		-0.0389576
0.166667		0.448817		-0.0239454
0.166667		0.452		-0.00664473
0.166667		0.455183		0.0106535
0.166667		0.458366		0.0257422
0.166667		0.461549		0.0367741
0.166667		0.464732		0.042483
0.166667		0.467916		0.0423235
0.166667		0.471099		0.0365155
0.166667		0.474282		0.0259902
0.166667		0.477465		0.0122487
0.166667		0.480648		-0.00284786
0.166667		0.483831		-0.0173256
0.166667		0.487014		-0.0293525
0.166667		0.490197		-0.0374664
0.166667		0.49338		-0.0407495
0.166667		0.496563		-0.0389282
0.166667		0.499747		-0.0323884
0.166667		0.50293		-0.0221067
0.166667		0.506113		-0.00950864
0.166667		0.509296		0.00372572
0.166667		0.512479		0.0158831
0.166667		0.515662		0.0254363
0.166667		0.518845		0.0312332
0.166667		0.522028		0.0326338
0.166667		0.525211		0.029577
0.166667		0.528394		0.0225736
0.166667		0.531578		0.0126251
0.166667		0.534761		0.00108362
0.166667		0.537944		-0.0105301
0.166667		0.541127		-0.0207252
0.166667		0.54431		-0.02823
0.166667		0.547493		-0.0321488
0.166667		0.550676		-0.0320674
0.166667		0.553859		-0.0280935
0.166667		0.557042		-0.0208308
0.166667		0.560225		-0.0112893
0.166667		0.563408		-0.000747113
0.166667		0.566592		0.0094195
0.166667		0.569775		0.0179144
0.166667		0.572958		0.0236854
0.166667		0.576141		0.0260533
0.166667		0.579324		0.0247902
0.166667		0.582507		0.0201387
0.166667		0.58569		0.0127704
0.166667		0.588873		0.00369054
0.166667		0.592056		-0.00589777
0.166667		0.595239		-0.014752
0.166667		0.598423		-0.02175
0.166667		0.601606		-0.0260312
0.166667		0.604789		-0.0271014
0.166667		0.607972		-0.0248884
0.166667		0.611155		-0.0197427
0.166667		0.614338		-0.0123843
0.166667		0.617521		-0.00380272
0.166667		0.620704		0.00487503
0.166667		0.623887		0.0125315
0.166667		0.62707		0.0182019
0.166667		0.630254		0.021195
0.166667		0.633437		0.0211762
0.166667		0.63662		0.0182043
0.166667		0.639803		0.0127161
0.166667		0.642986		0.00546364
0.166667		0.646169		-0.00258795
0.166667		0.649352		-0.0103883
0.166667		0.652535		-0.016938
0.166667		0.655718		-0.021416
0.166667		0.658901		-0.0232821
0.166667		0.662085		-0.0223413
0.166667		0.665268		-0.0187628
0.166667		0.668451		-0.0130527
0.166667		0.671634		-0.00598314
0.166667		0.674817		0.00151134
0.166667		0.678		0.00845615
0.166667		0.681183		0.0139626
0.166667		0.684366		0.0173408
0.166667		0.687549		0.0181851
0.166667		0.690732		0.0164219
0.166667		0.693916		0.0123144
0.166667		0.697099		0.0064237
0.166667		0.700282		-0.000467479
0.166667		0.703465		-0.00745836
0.166667		0.706648		-0.0136474
0.166667		0.709831		-0.0182478
0.166667		0.713014		-0.0206874
0.166667		0.716197		-0.0206784
0.166667		0.71938		-0.0182514
0.166667		0.722563		-0.0137471
0.166667		0.725747		-0.00776858
0.166667		0.72893		-0.00110151
0.166667		0.732113		0.00538888
0.166667		0.735296		0.0108691
0.166667		0.738479		0.0146431
0.166667		0.741662		0.0162396
0.166667		0.744845		0.015469
0.166667		0.748028		0.0124442
0.166667		0.751211		0.00756237
0.166667		0.754394		0.00145086
0.166667		0.757578		-0.00511517
0.166667		0.760761		-0.011313
0.166667		0.763944		-0.0163771
0.166667		0.767127		-0.0196952
0.166667		0.77031		-0.0208833
0.166667		0.773493		-0.0198312
0.166667		0.776676		-0.0167115
0.166667		0.779859		-0.0119538
0.166667		0.783042		-0.00618573
0.166667		0.786225		-0.00015042
0.166667		0.789409		0.00539004
0.166667		0.792592		0.00975148
0.166667		0.795775		0.0124133
0.166667		0.798958		0.0130819
0.166667		0.802141		0.011724
0.166667		0.805324		0.0085663
0.166667		0.808507		0.00406201
0.166667		0.81169		-0.00117123
0.166667		0.814873		-0.0064333
0.166667		0.818056		-0.011033
0.166667		0.82124		-0.0143766
0.166667		0.824423		-0.0160429
0.166667		0.827606		-0.0158346
0.166667		0.830789		-0.0138008
0.166667		0.833972		-0.0102262
0.166667		0.837155		-0.00559199
0.166667		0.840338		-0.000510315
0.166667		0.843521		0.00435614
0.166667		0.846704		0.00838045
0.166667		0.849887		0.0110519
0.166667		0.85307		0.0120404
0.166667		0.856254		0.0112368
0.166667		0.859437		0.00876465
0.166667		0.86262		0.00496097
0.166667		0.865803		0.000330815
0.166667		0.868986		-0.00451992
0.166667		0.872169		-0.00896364
0.166667		0.875352		-0.0124321
0.166667		0.878535		-0.0144889
0.166667		0.881718		-0.0148842
0.166667		0.884901		-0.0135847
0.166667		0.888085		-0.0107756
0.166667		0.891268		-0.0068345
0.166667		0.894451		-0.00228054
0.166667		0.897634		0.00229373
0.166667		0.900817		0.00629943
0.166667		0.904		0.00922698
0.166667		0.907183		0.0107108
0.166667		0.910366		0.0105749
0.166667		0.913549		0.00885318
0.166667		0.916732		0.00578334
0.166667		0.919916		0.00177389
0.166667		0.923099		-0.00265
0.166667		0.926282		-0.00691519
0.166667		0.929465		-0.0104747
0.166667		0.932648		-0.0128779
0.166667		0.935831		-0.0138272
0.166667		0.939014		-0.0132148
0.166667		0.942197		-0.0111349
0.166667		0.94538		-0.00786918
0.166667		0.948563		-0.00384923
0.166667		0.951747		0.000400774
0.166667		0.95493		0.00433213
0.166667		0.958113		0.00744235
0.166667		0.961296		0.00933931
0.166667		0.964479		0.00979048
0.166667		0.967662		0.00875134
0.166667		0.970845		0.00636924
0.166667		0.974028		0.00296264
0.166667		0.977211		-0.00102138
0.166667		0.980394		-0.00506585
0.166667		0.983578		-0.00865092
0.166667		0.986761		-0.0113207
0.166667		0.989944		-0.0127413
0.166667		0.993127		-0.0127426
0.166667		0.99631		-0.0113383

0.333333		0		-0.0607072
0.333333		0.0031831		-0.0569716
0.333333		0.0063662		-0.0462401
0.333333		0.0095493		-0.0298792
0.333333		0.0127324		-0.00997245
0.333333		0.0159155		0.0109435
0.333333		0.0190986		0.0302013
0.333333		0.0222817		0.0453413
0.333333		0.0254648		0.0544251
0.333333		0.0286479		0.0562825
0.333333		0.031831		0.0506611
0.333333		0.0350141		0.038261
0.333333		0.0381972		0.0206466
0.333333		0.0413803		5.06809e-05
0.333333		0.0445634		-0.0209085
0.333333		0.0477465		-0.0395588
0.333333		0.0509296		-0.0535139
0.333333		0.0541127		-0.0609772
0.333333		0.0572958		-0.0609728
0.333333		0.0604789		-0.0534717
0.333333		0.063662		-0.0393994
0.333333		0.0668451		-0.0205216
0.333333		0.0700282		0.000776828
0.333333		0.0732113		0.0217925
0.333333		0.0763944		0.0398457
0.333333		0.0795775		0.0526213
0.333333		0.0827606		0.0584645
0.333333		0.0859437		0.0565946
0.333333		0.0891268		0.0472086
0.333333		0.0923099		0.0314609
0.333333		0.095493		0.0113222
0.333333		0.0986761		-0.0106673
0.333333		0.101859		-0.0317172
0.333333		0.105042		-0.0491403
0.333333		0.108225		-0.0606953
0.333333		0.111408		-0.0648745
0.333333		0.114592		-0.0611003
0.333333		0.117775		-0.0498048
0.333333		0.120958		-0.0323819
0.333333		0.124141		-0.0110164
0.333333		0.127324		0.0115885
0.333333		0.130507		0.032551
0.333333		0.13369		0.0491771
0.333333		0.136873		0.0593049
0.333333		0.140056		0.0615843
0.333333		0.143239		0.0556565
0.333333		0.146423		0.0422081
0.333333		0.149606		0.0228932
0.333333		0.152789		0.000131953
0.333333		0.155972		-0.0231911
0.333333		0.159155		-0.0440897
0.333333		0.162338		-0.0598561
0.333333		0.165521		-0.0684088
0.333333		0.168704		-0.0685654
0.333333		0.171887		-0.0602035
0.333333		0.17507		-0.0442884
0.333333		0.178254		-0.022763
0.333333		0.181437		0.00168766
0.333333		0.18462		0.02597
0.333333		0.187803		0.0469709
0.333333		0.190986		0.0619543
0.333333		0.194169		0.0689156
0.333333		0.197352		0.0668472
0.333333		0.200535		0.0558811
0.333333		0.203718		0.0372888
0.333333		0.206901		0.0133359
0.333333		0.210085		-0.0129914
0.333333		0.213268		-0.0383558
0.333333		0.216451		-0.0594892
0.333333		0.219634		-0.0736097
0.333333		0.222817		-0.0787852
0.333333		0.226		-0.0741935
0.333333		0.229183		-0.0602468
0.333333		0.232366		-0.0385612
0.333333		0.235549		-0.0117724
0.333333		0.238732		0.0167808
0.333333		0.241916		0.0434689
0.333333		0.245099		0.0648285
0.333333		0.248282		0.0780068
0.333333		0.251465		0.0811379
0.333333		0.254648		0.0736007
0.333333		0.257831		0.0561254
0.333333		0.261014		0.0307294
0.333333		0.264197		0.00048989
0.333333		0.26738		-0.0308243
0.333333		0.270563		-0.0592158
0.333333		0.273747		-0.0809624
0.333333		0.27693		-0.0930977
0.333333		0.280113		-0.0938075
0.333333		0.283296		-0.0826906
0.333333		0.286479		-0.0608475
0.333333		0.289662		-0.030781
0.333333		0.292845		0.00388312
0.333333		0.296028		0.0388243
0.333333		0.299211		0.0695566
0.333333		0.302394		0.0919928
0.333333		0.305577		0.102976
0.333333		0.308761		0.10071
0.333333		0.311944		0.0850292
0.333333		0.315127		0.0574762
0.333333		0.31831		0.0211623
0.333333		0.321493		-0.0195713
0.333333		0.324676		-0.0596594
0.333333		0.327859		-0.0939266
0.333333		0.331042		-0.117738
0.333333		0.334225		-0.127608
0.333333		0.337408		-0.121681
0.333333		0.340592		-0.100039
0.333333		0.343775		-0.0647706
0.333333		0.346958		-0.0197955
0.333333		0.350141		0.0295456
0.333333		0.353324		0.0770958
0.333333		0.356507		0.116615
0.333333		0.35969		0.14256
0.333333		0.362873		0.15081
0.333333		0.366056		0.139261
0.333333		0.369239		0.108195
0.333333		0.372423		0.0603853
0.333333		0.375606		0.000900562
0.333333		0.378789		-0.063382
0.333333		0.381972		-0.124504
0.333333		0.385155		-0.174328
0.333333		0.388338		-0.205518
0.333333		0.391521		-0.21248
0.333333		0.394704		-0.192166
0.333333		0.397887		-0.144636
0.333333		0.40107		-0.0732983
0.333333		0.404254		0.0152054
0.333333		0.407437		0.11148
0.333333		0.41062		0.204186
0.333333		0.413803		0.281108
0.333333		0.416986		0.330373
0.333333		0.420169		0.341702
0.333333		0.423352		0.307562
0.333333		0.426535		0.224097
0.333333		0.429718		0.0917298
0.333333		0.432901		-0.0846345
0.333333		0.436085		-0.295834
0.333333		0.439268		-0.529098
0.333333		0.442451		-0.769065
0.333333		0.445634		-0.999066
0.333333		0.448817		-1.20257
0.333333		0.452		-1.36462
0.333333		0.455183		-1.4732
0.333333		0.458366		-1.52026
0.333333		0.461549		-1.50246
0.333333		0.464732		-1.42143
0.333333		0.467916		-1.28359
0.333333		0.471099		-1.09958
0.333333		0.474282		-0.883262
0.333333		0.477465		-0.650438
0.333333		0.480648		-0.417485
0.333333		0.483831		-0.199924
0.333333		0.487014		-0.0111216
0.333333		0.490197		0.138753
0.333333		0.49338		0.243449
0.333333		0.496563		0.300952
0.333333		0.499747		0.313397
0.333333		0.50293		0.286596
0.333333		0.506113		0.229238
0.333333		0.509296		0.151866
0.333333		0.512479		0.0657328
0.333333		0.515662		-0.0183352
0.333333		0.518845		-0.0909647
0.333333		0.522028		-0.145042
0.333333		0.525211		-0.176237
0.333333		0.528394		-0.183204
0.333333		0.531578		-0.16746
0.333333		0.534761		-0.132966
0.333333		0.537944		-0.0854891
0.333333		0.541127		-0.0318028
0.333333		0.54431		0.0211532
0.333333		0.547493		0.0670768
0.333333		0.550676		0.100978
0.333333		0.553859		0.11966
0.333333		0.557042		0.121961
0.333333		0.560225		0.108752
0.333333		0.563408		0.0826961
0.333333		0.566592		0.0478203
0.333333		0.569775		0.00895048
0.333333		0.572958		-0.02891
0.333333		0.576141		-0.0611861
0.333333		0.579324		-0.0842525
0.333333		0.582507		-0.095812
0.333333		0.58569		-0.0950964
0.333333		0.588873		-0.0828739
0.333333		0.592056		-0.0612733
0.333333		0.595239		-0.0334546
0.333333		0.598423		-0.00317267
0.333333		0.601606		0.0257083
0.333333		0.604789		0.0496896
0.333333		0.607972		0.0660462
0.333333		0.611155		0.0731209
0.333333		0.614338		0.0704763
0.333333		0.617521		0.0588915
0.333333		0.620704		0.0402112
0.333333		0.623887		0.017072
0.333333		0.62707		-0.00745618
0.333333		0.630254		-0.0302653
0.333333		0.633437		-0.048593
0.333333		0.63662		-0.0603478
0.333333		0.639803		-0.0643386
0.333333		0.642986		-0.0603847
0.333333		0.646169		-0.0492976
0.333333		0.649352		-0.0327411
0.333333		0.652535		-0.0129927
0.333333		0.655718		0.00736129
0.333333		0.658901		0.0257581
0.333333		0.662085		0.0399741
0.333333		0.665268		0.0483883
0.333333		0.668451		0.0501605
0.333333		0.671634		0.045308
0.333333		0.674817		0.0346724
0.333333		0.678		0.0197865
0.333333		0.681183		0.0026596
0.333333		0.684366		-0.0144886
0.333333		0.687549		-0.0295109
0.333333		0.690732		-0.0405974
0.333333		0.693916		-0.0464897
0.333333		0.697099		-0.0466191
0.333333		0.700282		-0.0411557
0.333333		0.703465		-0.0309628
0.333333		0.706648		-0.0174675
0.333333		0.709831		-0.00246518
0.333333		0.713014		0.0121161
0.333333		0.716197		0.0244605
0.333333		0.71938		0.0330874
0.333333		0.722563		0.0370263
0.333333		0.725747		0.035923
0.333333		0.72893		0.0300652
0.333333		0.732113		0.0203278
0.333333		0.735296		0.00804635
0.333333		0.738479		-0.00516325
0.333333		0.741662		-0.0176153
0.333333		0.744845		-0.0277671
0.333333		0.748028		-0.0344081
0.333333		0.751211		-0.0368023
0.333333		0.754394		-0.0347674
0.333333		0.757578		-0.0286817
0.333333		0.760761		-0.0194221
0.333333		0.763944		-0.00823964
0.333333		0.767127		0.0034071
0.333333		0.77031		0.014041
0.333333		0.773493		0.0223522
0.333333		0.776676		0.0273584
0.333333		0.779859		0.0285194
0.333333		0.783042		0.0257933
0.333333		0.786225		0.0196283
0.333333		0.789409		0.0108936
0.333333		0.792592		0.000758097
0.333333		0.795775		-0.00946474
0.333333		0.798958		-0.018487
0.333333		0.802141		-0.0252089
0.333333		0.805324		-0.0288534
0.333333		0.808507		-0.0290571
0.333333		0.81169		-0.0259064
0.333333		0.814873		-0.0199159
0.333333		0.818056		-0.0119528
0.333333		0.82124		-0.00311861
0.333333		0.824423		0.00539685
0.333333		0.827606		0.0124695
0.333333		0.830789		0.0171833
0.333333		0.833972		0.018944
0.333333		0.837155		0.017549
0.333333		0.840338		0.0132066
0.333333		0.843521		0.00650323
0.333333		0.846704		-0.0016778
0.333333		0.849887		-0.0102729
0.333333		0.85307		-0.0181759
0.333333		0.856254		-0.0243794
0.333333		0.859437		-0.0281003
0.333333		0.86262		-0.0288763
0.333333		0.865803		-0.0266195
0.333333		0.868986		-0.0216219
0.333333		0.872169		-0.0145144
0.333333		0.875352		-0.00618179
0.333333		0.878535		0.00235071
0.333333		0.881718		0.0100483
0.333333		0.884901		0.0159953
0.333333		0.888085		0.019508
0.333333		0.891268		0.0202154
0.333333		0.894451		0.0181002
0.333333		0.897634		0.0134948
0.333333		0.900817		0.00703348
0.333333		0.904		-0.000432236
0.333333		0.907183		-0.00794386
0.333333		0.910366		-0.0145576
0.333333		0.913549		-0.019462
0.333333		0.916732		-0.0220766
0.333333		0.919916		-0.0221203
0.333333		0.923099		-0.0196406
0.333333		0.926282		-0.0150013
0.333333		0.929465		-0.00883044
0.333333		0.932648		-0.00193664
0.333333		0.935831		0.00479619
0.333333		0.939014		0.0105214
0.333333		0.942197		0.0145354
0.333333		0.94538		0.0163636
0.333333		0.948563		0.0158159
0.333333		0.951747		0.0130055
0.333333		0.95493		0.0083288
0.333333		0.958113		0.00241056
0.333333		0.961296		-0.00397917
0.333333		0.964479		-0.0100247
0.333333		0.967662		-0.0149688
0.333333		0.970845		-0.0182066
0.333333		0.974028		-0.0193602
0.333333		0.977211		-0.0183217
0.333333		0.980394		-0.0152626
0.333333		0.983578		-0.0106075
0.333333		0.986761		-0.00497555
0.333333		0.989944		0.000900363
0.333333		0.993127		0.00626874
0.333333		0.99631		0.0104546

0.5		0		0.0395892
0.5		0.0031831		0.0369609
0.5		0.0063662		0.0294
0.5		0.0095493		0.0178381
0.5		0.0127324		0.00370069
0.5		0.0159155		-0.0112687
0.5		0.0190986		-0.0252224
0.5		0.0222817		-0.0364358
0.5		0.0254648		-0.0435202
0.5		0.0286479		-0.0455936
0.5		0.031831		-0.0423909
0.5		0.0350141		-0.034297
0.5		0.0381972		-0.0223011
0.5		0.0413803		-0.00787595
0.5		0.0445634		0.00720197
0.5		0.0477465		0.0210708
0.5		0.0509296		0.0320124
0.5		0.0541127		0.0386644
0.5		0.0572958		0.0401896
0.5		0.0604789		0.0363807
0.5		0.063662		0.0276885
0.5		0.0668451		0.0151688
0.5		0.0700282		0.000354554
0.5		0.0732113		-0.0149307
0.5		0.0763944		-0.0287969
0.5		0.0795775		-0.0395203
0.5		0.0827606		-0.0457572
0.5		0.0859437		-0.0467118
0.5		0.0891268		-0.0422374
0.5		0.0923099		-0.0328588
0.5		0.095493		-0.019711
0.5		0.0986761		-0.00440319
0.5		0.101859		0.0111773
0.5		0.105042		0.0250964
0.5		0.108225		0.0356119
0.5		0.111408		0.0413906
0.5		0.114592		0.0416762
0.5		0.117775		0.0363874
0.5		0.120958		0.0261334
0.5		0.124141		0.0121446
0.5		0.127324		-0.003875
0.5		0.130507		-0.0199538
0.5		0.13369		-0.0340948
0.5		0.136873		-0.044522
0.5		0.140056		-0.049903
0.5		0.143239		-0.049518
0.5		0.146423		-0.0433547
0.5		0.149606		-0.0321177
0.5		0.152789		-0.0171482
0.5		0.155972		-0.000264639
0.5		0.159155		0.0164571
0.5		0.162338		0.0309387
0.5		0.165521		0.0413561
0.5		0.168704		0.0463696
0.5		0.171887		0.0452944
0.5		0.17507		0.0381943
0.5		0.178254		0.0258824
0.5		0.181437		0.00982929
0.5		0.18462		-0.00801081
0.5		0.187803		-0.0254366
0.5		0.190986		-0.0402698
0.5		0.194169		-0.050626
0.5		0.197352		-0.0551523
0.5		0.200535		-0.0532035
0.5		0.203718		-0.0449314
0.5		0.206901		-0.031278
0.5		0.210085		-0.0138695
0.5		0.213268		0.00517548
0.5		0.216451		0.0235019
0.5		0.219634		0.0388079
0.5		0.222817		0.0491314
0.5		0.226		0.0531004
0.5		0.229183		0.0501125
0.5		0.232366		0.0404232
0.5		0.235549		0.0251279
0.5		0.238732		0.00604038
0.5		0.241916		-0.0145212
0.5		0.245099		-0.0340137
0.5		0.248282		-0.0499819
0.5		0.251465		-0.0603661
0.5		0.254648		-0.0637656
0.5		0.257831		-0.0596259
0.5		0.261014		-0.0483234
0.5		0.264197		-0.0311366
0.5		0.26738		-0.0101041
0.5		0.270563		0.0122146
0.5		0.273747		0.0330483
0.5		0.27693		0.0497549
0.5		0.280113		0.0601544
0.5		0.283296		0.0628107
0.5		0.286479		0.0572264
0.5		0.289662		0.0439257
0.5		0.292845		0.0244111
0.5		0.296028		0.000997583
0.5		0.299211		-0.0234579
0.5		0.302394		-0.0459013
0.5		0.305577		-0.0634589
0.5		0.308761		-0.0738005
0.5		0.311944		-0.0754445
0.5		0.315127		-0.0679642
0.5		0.31831		-0.0520676
0.5		0.321493		-0.0295381
0.5		0.324676		-0.003039
0.5		0.327859		0.0241961
0.5		0.331042		0.0487532
0.5		0.334225		0.06746
0.5		0.337408		0.07779
0.5		0.340592		0.0781972
0.5		0.343775		0.0683379
0.5		0.346958		0.0491493
0.5		0.350141		0.0227701
0.5		0.353324		-0.00769068
0.5		0.356507		-0.0385128
0.5		0.35969		-0.0658118
0.5		0.362873		-0.0860203
0.5		0.366056		-0.0963449
0.5		0.369239		-0.095142
0.5		0.372423		-0.0821627
0.5		0.375606		-0.0586324
0.5		0.378789		-0.0271487
0.5		0.381972		0.00859406
0.5		0.385155		0.0442271
0.5		0.388338		0.0752295
0.5		0.391521		0.0974876
0.5		0.394704		0.107826
0.5		0.397887		0.104443
0.5		0.40107		0.0871886
0.5		0.404254		0.057657
0.5		0.407437		0.0190561
0.5		0.41062		-0.0241207
0.5		0.413803		-0.0665996
0.5		0.416986		-0.10295
0.5		0.420169		-0.128253
0.5		0.423352		-0.138742
0.5		0.426535		-0.132327
0.5		0.429718		-0.108938
0.5		0.432901		-0.0706366
0.5		0.436085		-0.0214752
0.5		0.439268		0.0329024
0.5		0.442451		0.0858709
0.5		0.445634		0.130588
0.5		0.448817		0.160828
0.5		0.452		0.171785
0.5		0.455183		0.160756
0.5		0.458366		0.127602
0.5		0.461549		0.0749394
0.5		0.464732		0.00800077
0.5		0.467916		-0.0658149
0.5		0.471099		-0.137685
0.5		0.474282		-0.198323
0.5		0.477465		-0.239055
0.5		0.480648		-0.252908
0.5		0.483831		-0.235573
0.5		0.487014		-0.186142
0.5		0.490197		-0.107509
0.5		0.49338		-0.00639006
0.5		0.496563		0.107081
0.5		0.499747		0.220151
0.5		0.50293		0.318569
0.5		0.506113		0.38795
0.5		0.509296		0.415232
0.5		0.512479		0.390081
0.5		0.515662		0.306113
0.5		0.518845		0.161783
0.5		0.522028		-0.0391525
0.5		0.525211		-0.287665
0.5		0.528394		-0.569989
0.5		0.531578		-0.868625
0.5		0.534761		-1.16373
0.5		0.537944		-1.43477
0.5		0.541127		-1.66226
0.5		0.54431		-1.8295
0.5		0.547493		-1.92399
0.5		0.550676		-1.93861
0.5		0.553859		-1.87221
0.5		0.557042		-1.72974
0.5		0.560225		-1.52179
0.5		0.563408		-1.26369
0.5		0.566592		-0.974087
0.5		0.569775		-0.673384
0.5		0.572958		-0.381938
0.5		0.576141		-0.118365
0.5		0.579324		0.101974
0.5		0.582507		0.268139
0.5		0.58569		0.374335
0.5		0.588873		0.420139
0.5		0.592056		0.410222
0.5		0.595239		0.35361
0.5		0.598423		0.262578
0.5		0.601606		0.151292
0.5		0.604789		0.0343454
0.5		0.607972		-0.0746563
0.5		0.611155		-0.164335
0.5		0.614338		-0.226479
0.5		0.617521		-0.25661
0.5		0.620704		-0.254135
0.5		0.623887		-0.222094
0.5		0.62707		-0.166545
0.5		0.630254		-0.0956862
0.5		0.633437		-0.0188015
0.5		0.63662		0.0548306
0.5		0.639803		0.116956
0.5		0.642986		0.161185
0.5		0.646169		0.183569
0.5		0.649352		0.182873
0.5		0.652535		0.160527
0.5		0.655718		0.120281
0.5		0.658901		0.0676271
0.5		0.662085		0.00905503
0.5		0.665268		-0.0487537
0.5		0.668451		-0.0997031
0.5		0.671634		-0.138942
0.5		0.674817		-0.163339
0.5		0.678		-0.171721
0.5		0.681183		-0.164874
0.5		0.684366		-0.145307
0.5		0.687549		-0.116823
0.5		0.690732		-0.0839671
0.5		0.693916		-0.0514155
0.5		0.697099		-0.0233826
0.5		0.700282		-0.00312417
0.5		0.703465		0.00741513
0.5		0.706648		0.00776898
0.5		0.709831		-0.00107773
0.5		0.713014		-0.0168993
0.5		0.716197		-0.0365882
0.5		0.71938		-0.0566108
0.5		0.722563		-0.0735
0.5		0.725747		-0.0843191
0.5		0.72893		-0.0870421
0.5		0.732113		-0.0808018
0.5		0.735296		-0.0659819
0.5		0.738479		-0.0441435
0.5		0.741662		-0.0178015
0.5		0.744845		0.00991726
0.5		0.748028		0.0356875
0.5		0.751211		0.0564171
0.5		0.754394		0.0696411
0.5		0.757578		0.0738296
0.5		0.760761		0.0685726
0.5		0.763944		0.0546207
0.5		0.767127		0.0337791
0.5		0.77031		0.00867148
0.5		0.773493		-0.0175949
0.5		0.776676		-0.0418192
0.5		0.779859		-0.0611024
0.5		0.783042		-0.0731991
0.5		0.786225		-0.076783
0.5		0.789409		-0.0715933
0.5		0.792592		-0.0584486
0.5		0.795775		-0.0391256
0.5		0.798958		-0.0161232
0.5		0.802141		0.00765885
0.5		0.805324		0.0292851
0.5		0.808507		0.0461465
0.5		0.81169		0.0562763
0.5		0.814873		0.0585796
0.5		0.818056		0.0529521
0.5		0.82124		0.0402733
0.5		0.824423		0.0222784
0.5		0.827606		0.00132668
0.5		0.830789		-0.0199025
0.5		0.833972		-0.0387486
0.5		0.837155		-0.0528992
0.5		0.840338		-0.0606707
0.5		0.843521		-0.0612053
0.5		0.846704		-0.0545625
0.5		0.849887		-0.0416941
0.5		0.85307		-0.0243101
0.5		0.856254		-0.00465167
0.5		0.859437		0.0147972
0.5		0.86262		0.0316234
0.5		0.865803		0.0437837
0.5		0.868986		0.0498529
0.5		0.872169		0.0491905
0.5		0.875352		0.0420066
0.5		0.878535		0.0293211
0.5		0.881718		0.0128222
0.5		0.884901		-0.00535531
0.5		0.888085		-0.0229047
0.5		0.891268		-0.0376376
0.5		0.894451		-0.047756
0.5		0.897634		-0.0520698
0.5		0.900817		-0.0501358
0.5		0.904		-0.0423008
0.5		0.907183		-0.029645
0.5		0.910366		-0.0138354
0.5		0.913549		0.00309252
0.5		0.916732		0.0189958
0.5		0.919916		0.0318935
0.5		0.923099		0.0402131
0.5		0.926282		0.0429806
0.5		0.929465		0.039934
0.5		0.932648		0.0315447
0.5		0.935831		0.0189482
0.5		0.939014		0.00379099
0.5		0.942197		-0.011983
0.5		0.94538		-0.0263812
0.5		0.948563		-0.0376126
0.5		0.951747		-0.0443103
0.5		0.95493		-0.0456967
0.5		0.958113		-0.0416729
0.5		0.961296		-0.0328216
0.5		0.964479		-0.0203245
0.5		0.967662		-0.00580546
0.5		0.970845		0.0088797
0.5		0.974028		0.0218794
0.5		0.977211		0.0315792
0.5		0.980394		0.0368014
0.5		0.983578		0.0369476
0.5		0.986761		0.0320663
0.5		0.989944		0.0228382
0.5		0.993127		0.0104828
0.5		0.99631		-0.00340238

0.666667		0		-0.0862099
0.666667		0.0031831		-0.0808491
0.666667		0.0063662		-0.0654714
0.666667		0.0095493		-0.0420979
0.666667		0.0127324		-0.0138013
0.666667		0.0159155		0.0156968
0.666667		0.0190986		0.0425143
0.666667		0.0222817		0.0631181
0.666667		0.0254648		0.0747883
0.666667		0.0286479		0.0759767
0.666667		0.031831		0.0665108
0.666667		0.0350141		0.0476195
0.666667		0.0381972		0.0217728
0.666667		0.0413803		-0.00763991
0.666667		0.0445634		-0.0367539
0.666667		0.0477465		-0.0617364
0.666667		0.0509296		-0.0792907
0.666667		0.0541127		-0.0870913
0.666667		0.0572958		-0.0840932
0.666667		0.0604789		-0.0706726
0.666667		0.063662		-0.048583
0.666667		0.0668451		-0.0207284
0.666667		0.0700282		0.00921432
0.666667		0.0732113		0.0372771
0.666667		0.0763944		0.0597228
0.666667		0.0795775		0.0735387
0.666667		0.0827606		0.076838
0.666667		0.0859437		0.0691152
0.666667		0.0891268		0.0513204
0.666667		0.0923099		0.0257433
0.666667		0.095493		-0.00427966
0.666667		0.0986761		-0.0347989
0.666667		0.101859		-0.0617674
0.666667		0.105042		-0.0815741
0.666667		0.108225		-0.0915231
0.666667		0.111408		-0.0901963
0.666667		0.114592		-0.077651
0.666667		0.117775		-0.0554249
0.666667		0.120958		-0.0263464
0.666667		0.124141		0.00582582
0.666667		0.127324		0.036889
0.666667		0.130507		0.0627454
0.666667		0.13369		0.0799419
0.666667		0.136873		0.0861306
0.666667		0.140056		0.0803884
0.666667		0.143239		0.0633525
0.666667		0.146423		0.0371526
0.666667		0.149606		0.00514601
0.666667		0.152789		-0.0285104
0.666667		0.155972		-0.0593984
0.666667		0.159155		-0.0834161
0.666667		0.162338		-0.0973209
0.666667		0.165521		-0.0991654
0.666667		0.168704		-0.0885683
0.666667		0.171887		-0.0667825
0.666667		0.17507		-0.0365507
0.666667		0.178254		-0.0017619
0.666667		0.181437		0.0330452
0.666667		0.18462		0.0632709
0.666667		0.187803		0.0848593
0.666667		0.190986		0.0948382
0.666667		0.194169		0.0917256
0.666667		0.197352		0.0757448
0.666667		0.200535		0.0488196
0.666667		0.203718		0.0143454
0.666667		0.206901		-0.0232352
0.666667		0.210085		-0.0590011
0.666667		0.213268		-0.0881929
0.666667		0.216451		-0.106841
0.666667		0.219634		-0.1123
0.666667		0.222817		-0.103619
0.666667		0.226		-0.0816941
0.666667		0.229183		-0.0491822
0.666667		0.232366		-0.0101821
0.666667		0.235549		0.0302791
0.666667		0.238732		0.0668898
0.666667		0.241916		0.0947467
0.666667		0.245099		0.110006
0.666667		0.248282		0.11041
0.666667		0.251465		0.0956096
0.666667		0.254648		0.0672528
0.666667		0.257831		0.0288029
0.666667		0.261014		-0.0148786
0.666667		0.264197		-0.0581421
0.666667		0.26738		-0.0952764
0.666667		0.270563		-0.121258
0.666667		0.273747		-0.132424
0.666667		0.27693		-0.126988
0.666667		0.280113		-0.105313
0.666667		0.283296		-0.0699135
0.666667		0.286479		-0.025177
0.666667		0.289662		0.0231689
0.666667		0.292845		0.0687762
0.666667		0.296028		0.105496
0.666667		0.299211		0.128191
0.666667		0.302394		0.133437
0.666667		0.305577		0.120021
0.666667		0.308761		0.0891579
0.666667		0.311944		0.0444016
0.666667		0.315127		-0.00875533
0.666667		0.31831		-0.0635454
0.666667		0.321493		-0.112775
0.666667		0.324676		-0.149754
0.666667		0.327859		-0.169187
0.666667		0.331042		-0.167913
0.666667		0.334225		-0.145382
0.666667		0.337408		-0.103818
0.666667		0.340592		-0.0480188
0.666667		0.343775		0.0151859
0.666667		0.346958		0.077752
0.666667		0.350141		0.13143
0.666667		0.353324		0.168833
0.666667		0.356507		0.184432
0.666667		0.35969		0.175345
0.666667		0.362873		0.141812
0.666667		0.366056		0.0872889
0.666667		0.369239		0.018125
0.666667		0.372423		-0.0571467
0.666667		0.375606		-0.128826
0.666667		0.378789		-0.187255
0.666667		0.381972		-0.224076
0.666667		0.385155		-0.233373
0.666667		0.388338		-0.212552
0.666667		0.391521		-0.162836
0.666667		0.394704		-0.0892926
0.666667		0.397887		-0.000372114
0.666667		0.40107		0.093007
0.666667		0.404254		0.178735
0.666667		0.407437		0.245001
0.666667		0.41062		0.281832
0.666667		0.413803		0.282473
0.666667		0.416986		0.244447
0.666667		0.420169		0.170137
0.666667		0.423352		0.066795
0.666667		0.426535		-0.0540548
0.666667		0.429718		-0.177776
0.666667		0.432901		-0.288238
0.666667		0.436085		-0.369728
0.666667		0.439268		-0.408929
0.666667		0.442451		-0.396764
0.666667		0.445634		-0.329847
0.666667		0.448817		-0.211388
0.666667		0.452		-0.0513861
0.666667		0.455183		0.133929
0.666667		0.458366		0.323391
0.666667		0.461549		0.492827
0.666667		0.464732		0.617433
0.666667		0.467916		0.674362
0.666667		0.471099		0.645262
0.666667		0.474282		0.518476
0.666667		0.477465		0.290674
0.666667		0.480648		-0.0322873
0.666667		0.483831		-0.435389
0.666667		0.487014		-0.895385
0.666667		0.490197		-1.38259
0.666667		0.49338		-1.86332
0.666667		0.496563		-2.30284
0.666667		0.499747		-2.66845
0.666667		0.50293		-2.93241
0.666667		0.506113		-3.0745
0.666667		0.509296		-3.08387
0.666667		0.512479		-2.95999
0.666667		0.515662		-2.71273
0.666667		0.518845		-2.36137
0.666667		0.522028		-1.93286
0.666667		0.525211		-1.45926
0.666667		0.528394		-0.974914
0.666667		0.531578		-0.513338
0.666667		0.534761		-0.10435
0.666667		0.537944		0.22839
0.666667		0.541127		0.469167
0.666667		0.54431		0.611186
0.666667		0.547493		0.656648
0.666667		0.550676		0.615973
0.666667		0.553859		0.506261
0.666667		0.557042		0.349197
0.666667		0.560225		0.168624
0.666667		0.563408		-0.0119574
0.666667		0.566592		-0.171686
0.666667		0.569775		-0.294228
0.666667		0.572958		-0.369068
0.666667		0.576141		-0.392105
0.666667		0.579324		-0.365538
0.666667		0.582507		-0.297076
0.666667		0.58569		-0.19862
0.666667		0.588873		-0.0845745
0.666667		0.592056		0.0299953
0.666667		0.595239		0.13115
0.666667		0.598423		0.207613
0.666667		0.601606		0.251893
0.666667		0.604789		0.260897
0.666667		0.607972		0.236
0.666667		0.611155		0.182574
0.666667		0.614338		0.109089
0.666667		0.617521		0.0259041
0.666667		0.620704		-0.0561005
0.666667		0.623887		-0.126863
0.666667		0.62707		-0.178306
0.666667		0.630254		-0.205198
0.666667		0.633437		-0.205626
0.666667		0.63662		-0.181031
0.666667		0.639803		-0.13585
0.666667		0.642986		-0.0768048
0.666667		0.646169		-0.0119534
0.666667		0.649352		0.0503687
0.666667		0.652535		0.102586
0.666667		0.655718		0.138774
0.666667		0.658901		0.155299
0.666667		0.662085		0.151144
0.666667		0.665268		0.127897
0.666667		0.668451		0.0894173
0.666667		0.671634		0.0412378
0.666667		0.674817		-0.010206
0.666667		0.678		-0.0584219
0.666667		0.681183		-0.0976683
0.666667		0.684366		-0.123626
0.666667		0.687549		-0.133855
0.666667		0.690732		-0.127998
0.666667		0.693916		-0.107699
0.666667		0.697099		-0.0762883
0.666667		0.700282		-0.0382605
0.666667		0.703465		0.00135988
0.666667		0.706648		0.0376863
0.666667		0.709831		0.0665803
0.666667		0.713014		0.0851283
0.666667		0.716197		0.0919283
0.666667		0.71938		0.0871589
0.666667		0.722563		0.0724313
0.666667		0.725747		0.0504556
0.666667		0.72893		0.0245739
0.666667		0.732113		-0.00176849
0.666667		0.735296		-0.0255376
0.666667		0.738479		-0.044541
0.666667		0.741662		-0.0577141
0.666667		0.744845		-0.0652263
0.666667		0.748028		-0.0683965
0.666667		0.751211		-0.0694328
0.666667		0.754394		-0.0710378
0.666667		0.757578		-0.0759358
0.666667		0.760761		-0.0863925
0.666667		0.763944		-0.103795
0.666667		0.767127		-0.128354
0.666667		0.77031		-0.158974
0.666667		0.773493		-0.193306
0.666667		0.776676		-0.227992
0.666667		0.779859		-0.259058
0.666667		0.783042		-0.282415
0.666667		0.786225		-0.294398
0.666667		0.789409		-0.292279
0.666667		0.792592		-0.274673
0.666667		0.795775		-0.241795
0.666667		0.798958		-0.195524
0.666667		0.802141		-0.139263
0.666667		0.805324		-0.0776023
0.666667		0.808507		-0.0158399
0.666667		0.81169		0.0406037
0.666667		0.814873		0.086792
0.666667		0.818056		0.118832
0.666667		0.82124		0.134317
0.666667		0.824423		0.132602
0.666667		0.827606		0.114866
0.666667		0.830789		0.0839767
0.666667		0.833972		0.0441409
0.666667		0.837155		0.000414774
0.666667		0.840338		-0.0418876
0.666667		0.843521		-0.0778081
0.666667		0.846704		-0.103309
0.666667		0.849887		-0.11572
0.666667		0.85307		-0.114016
0.666667		0.856254		-0.0988968
0.666667		0.859437		-0.0726584
0.666667		0.86262		-0.0388737
0.666667		0.865803		-0.0019306
0.666667		0.868986		0.0335218
0.666667		0.872169		0.0631451
0.666667		0.875352		0.0834344
0.666667		0.878535		0.0921273
0.666667		0.881718		0.0884528
0.666667		0.884901		0.073191
0.666667		0.888085		0.0485414
0.666667		0.891268		0.017818
0.666667		0.894451		-0.0149861
0.666667		0.897634		-0.0457104
0.666667		0.900817		-0.0705479
0.666667		0.904		-0.0865125
0.666667		0.907183		-0.0917946
0.666667		0.910366		-0.0859628
0.666667		0.913549		-0.0699903
0.666667		0.916732		-0.0461043
0.666667		0.919916		-0.0174821
0.666667		0.923099		0.0121659
0.666667		0.926282		0.0390735
0.666667		0.929465		0.0598929
0.666667		0.932648		0.0721086
0.666667		0.935831		0.074339
0.666667		0.939014		0.0664897
0.666667		0.942197		0.0497426
0.666667		0.94538		0.0263841
0.666667		0.948563		-0.000503604
0.666667		0.951747		-0.0274452
0.666667		0.95493		-0.0510189
0.666667		0.958113		-0.0682889
0.666667		0.961296		-0.0771685
0.666667		0.964479		-0.0766709
0.666667		0.967662		-0.0670168
0.666667		0.970845		-0.0495867
0.666667		0.974028		-0.026728
0.666667		0.977211		-0.00144195
0.666667		0.980394		0.0230072
0.666667		0.983578		0.0435106
0.666667		0.986761		0.0575076
0.666667		0.989944		0.0633025
0.666667		0.993127		0.0602682
0.666667		0.99631		0.0489101

0.833333		0		-0.384486
0.833333		0.0031831		-0.360578
0.833333		0.0063662		-0.291882
0.833333		0.0095493		-0.187104
0.833333		0.0127324		-0.0595279
0.833333		0.0159155		0.0746556
0.833333		0.0190986		0.198391
0.833333		0.0222817		0.295911
0.833333		0.0254648		0.354724
0.833333		0.0286479		0.367197
0.833333		0.031831		0.331521
0.833333		0.0350141		0.251951
0.833333		0.0381972		0.138278
0.833333		0.0413803		0.00460005
0.833333		0.0445634		-0.132449
0.833333		0.0477465		-0.255792
0.833333		0.0509296		-0.350064
0.833333		0.0541127		-0.403553
0.833333		0.0572958		-0.409685
0.833333		0.0604789		-0.367865
0.833333		0.063662		-0.283555
0.833333		0.0668451		-0.167601
0.833333		0.0700282		-0.0348605
0.833333		0.0732113		0.0976702
0.833333		0.0763944		0.213012
0.833333		0.0795775		0.296364
0.833333		0.0827606		0.336992
0.833333		0.0859437		0.329615
0.833333		0.0891268		0.275095
0.833333		0.0923099		0.18036
0.833333		0.095493		0.0575392
0.833333		0.0986761		-0.0775569
0.833333		0.101859		-0.207446
0.833333		0.105042		-0.315205
0.833333		0.108225		-0.386652
0.833333		0.111408		-0.412191
0.833333		0.114592		-0.388086
0.833333		0.117775		-0.317003
0.833333		0.120958		-0.207726
0.833333		0.124141		-0.0740953
0.833333		0.127324		0.066718
0.833333		0.130507		0.19639
0.833333		0.13369		0.297792
0.833333		0.136873		0.357226
0.833333		0.140056		0.366241
0.833333		0.143239		0.322814
0.833333		0.146423		0.231722
0.833333		0.149606		0.104043
0.833333		0.152789		-0.0441506
0.833333		0.155972		-0.193774
0.833333		0.159155		-0.325128
0.833333		0.162338		-0.420426
0.833333		0.165521		-0.466131
0.833333		0.168704		-0.454795
0.833333		0.171887		-0.386164
0.833333		0.17507		-0.267391
0.833333		0.178254		-0.1123
0.833333		0.181437		0.0602062
0.833333		0.18462		0.228437
0.833333		0.187803		0.370609
0.833333		0.190986		0.467634
0.833333		0.194169		0.505632
0.833333		0.197352		0.477863
0.833333		0.200535		0.3858
0.833333		0.203718		0.239201
0.833333		0.206901		0.0551322
0.833333		0.210085		-0.143961
0.833333		0.213268		-0.332926
0.833333		0.216451		-0.487
0.833333		0.219634		-0.584968
0.833333		0.222817		-0.61198
0.833333		0.226		-0.561668
0.833333		0.229183		-0.437288
0.833333		0.232366		-0.251686
0.833333		0.235549		-0.0260802
0.833333		0.238732		0.21226
0.833333		0.241916		0.433178
0.833333		0.245099		0.607287
0.833333		0.248282		0.709691
0.833333		0.251465		0.723322
0.833333		0.254648		0.641462
0.833333		0.257831		0.469125
0.833333		0.261014		0.223065
0.833333		0.264197		-0.069632
0.833333		0.26738		-0.374296
0.833333		0.270563		-0.652467
0.833333		0.273747		-0.866363
0.833333		0.27693		-0.983524
0.833333		0.280113		-0.981093
0.833333		0.283296		-0.849251
0.833333		0.286479		-0.593348
0.833333		0.289662		-0.234446
0.833333		0.292845		0.19186
0.833333		0.296028		0.638298
0.833333		0.299211		1.05021
0.833333		0.302394		1.37085
0.833333		0.305577		1.54724
0.833333		0.308761		1.53585
0.833333		0.311944		1.30761
0.833333		0.315127		0.851732
0.833333		0.31831		0.17774
0.833333		0.321493		-0.684346
0.833333		0.324676		-1.68587
0.833333		0.327859		-2.76327
0.833333		0.331042		-3.8433
0.833333		0.334225		-4.84935
0.833333		0.337408		-5.70814
0.833333		0.340592		-6.35625
0.833333		0.343775		-6.74571
0.833333		0.346958		-6.84828
0.833333		0.350141		-6.65788
0.833333		0.353324		-6.19095
0.833333		0.356507		-5.48481
0.833333		0.35969		-4.59408
0.833333		0.362873		-3.58564
0.833333		0.366056		-2.53258
0.833333		0.369239		-1.50773
0.833333		0.372423		-0.577423
0.833333		0.375606		0.203885
0.833333		0.378789		0.797731
0.833333		0.381972		1.18407
0.833333		0.385155		1.3619
0.833333		0.388338		1.348
0.833333		0.391521		1.17418
0.833333		0.394704		0.883114
0.833333		0.397887		0.523529
0.833333		0.40107		0.14501
0.833333		0.404254		-0.206864
0.833333		0.407437		-0.494669
0.833333		0.41062		-0.692149
0.833333		0.413803		-0.785888
0.833333		0.416986		-0.775509
0.833333		0.420169		-0.672513
0.833333		0.423352		-0.497939
0.833333		0.426535		-0.279187
0.833333		0.429718		-0.0463951
0.833333		0.432901		0.171205
0.833333		0.436085		0.348558
0.833333		0.439268		0.467343
0.833333		0.442451		0.517581
0.833333		0.445634		0.498176
0.833333		0.448817		0.416399
0.833333		0.452		0.286446
0.833333		0.455183		0.127285
0.833333		0.458366		-0.0399064
0.833333		0.461549		-0.194399
0.833333		0.464732		-0.318343
0.833333		0.467916		-0.398704
0.833333		0.471099		-0.428523
0.833333		0.474282		-0.407361
0.833333		0.477465		-0.340954
0.833333		0.480648		-0.240152
0.833333		0.483831		-0.119302
0.833333		0.487014		0.00568528
0.833333		0.490197		0.119351
0.833333		0.49338		0.208533
0.833333		0.496563		0.263828
0.833333		0.499747		0.280525
0.833333		0.50293		0.258909
0.833333		0.506113		0.203952
0.833333		0.509296		0.124447
0.833333		0.512479		0.0317214
0.833333		0.515662		-0.0618867
0.833333		0.518845		-0.144598
0.833333		0.522028		-0.20661
0.833333		0.525211		-0.241201
0.833333		0.528394		-0.2454
0.833333		0.531578		-0.220159
0.833333		0.534761		-0.170041
0.833333		0.537944		-0.102468
0.833333		0.541127		-0.026668
0.833333		0.54431		0.047561
0.833333		0.547493		0.111089
0.833333		0.550676		0.156552
0.833333		0.553859		0.179177
0.833333		0.557042		0.177247
0.833333		0.560225		0.152166
0.833333		0.563408		0.108131
0.833333		0.566592		0.0514777
0.833333		0.569775		-0.0102082
0.833333		0.572958		-0.0690934
0.833333		0.576141		-0.118078
0.833333		0.579324		-0.151639
0.833333		0.582507		-0.166434
0.833333		0.58569		-0.161606
0.833333		0.588873		-0.138759
0.833333		0.592056		-0.101635
0.833333		0.595239		-0.0555342
0.833333		0.598423		-0.00657452
0.833333		0.601606		0.0391108
0.833333		0.604789		0.0761364
0.833333		0.607972		0.100491
0.833333		0.611155		0.109957
0.833333		0.614338		0.104277
0.833333		0.617521		0.0850697
0.833333		0.620704		0.0555077
0.833333		0.623887		0.0198218
0.833333		0.62707		-0.0172989
0.833333		0.630254		-0.051326
0.833333		0.633437		-0.0784478
0.833333		0.63662		-0.0959945
0.833333		0.639803		-0.102684
0.833333		0.642986		-0.0986652
0.833333		0.646169		-0.0853744
0.833333		0.649352		-0.065224
0.833333		0.652535		-0.0411901
0.833333		0.655718		-0.0163574
0.833333		0.658901		0.00650847
0.833333		0.662085		0.0253012
0.833333		0.665268		0.0387812
0.833333		0.668451		0.0466266
0.833333		0.671634		0.0493283
0.833333		0.674817		0.0479534
0.833333		0.678		0.0438209
0.833333		0.681183		0.038145
0.833333		0.684366		0.0317091
0.833333		0.687549		0.0246236
0.833333		0.690732		0.0162139
0.833333		0.693916		0.0050594
0.833333		0.697099		-0.0108137
0.833333		0.700282		-0.0336098
0.833333		0.703465		-0.0653554
0.833333		0.706648		-0.107462
0.833333		0.709831		-0.16033
0.833333		0.713014		-0.223047
0.833333		0.716197		-0.29325
0.833333		0.71938		-0.367164
0.833333		0.722563		-0.439848
0.833333		0.725747		-0.505609
0.833333		0.72893		-0.558567
0.833333		0.732113		-0.593289
0.833333		0.735296		-0.605425
0.833333		0.738479		-0.592266
0.833333		0.741662		-0.553161
0.833333		0.744845		-0.489717
0.833333		0.748028		-0.405763
0.833333		0.751211		-0.307071
0.833333		0.754394		-0.200849
0.833333		0.757578		-0.0950701
0.833333		0.760761		0.00231016
0.833333		0.763944		0.0841381
0.833333		0.767127		0.14478
0.833333		0.77031		0.180682
0.833333		0.773493		0.19071
0.833333		0.776676		0.176232
0.833333		0.779859		0.140933
0.833333		0.783042		0.0903784
0.833333		0.786225		0.0313827
0.833333		0.789409		-0.0287454
0.833333		0.792592		-0.0830005
0.833333		0.795775		-0.125426
0.833333		0.798958		-0.151722
0.833333		0.802141		-0.159658
0.833333		0.805324		-0.149237
0.833333		0.808507		-0.122601
0.833333		0.81169		-0.0836989
0.833333		0.814873		-0.0377543
0.833333		0.818056		0.00939433
0.833333		0.82124		0.0520057
0.833333		0.824423		0.0851123
0.833333		0.827606		0.105083
0.833333		0.830789		0.11001
0.833333		0.833972		0.0998741
0.833333		0.837155		0.0764867
0.833333		0.840338		0.0432031
0.833333		0.843521		0.00446679
0.833333		0.846704		-0.0347675
0.833333		0.849887		-0.069654
0.833333		0.85307		-0.0960443
0.833333		0.856254		-0.110972
0.833333		0.859437		-0.11298
0.833333		0.86262		-0.10225
0.833333		0.865803		-0.0805305
0.833333		0.868986		-0.0508694
0.833333		0.872169		-0.0172001
0.833333		0.875352		0.0161751
0.833333		0.878535		0.0451293
0.833333		0.881718		0.066218
0.833333		0.884901		0.0770862
0.833333		0.888085		0.0767284
0.833333		0.891268		0.0655705
0.833333		0.894451		0.0453715
0.833333		0.897634		0.0189586
0.833333		0.900817		-0.0101643
0.833333		0.904		-0.0382828
0.833333		0.907183		-0.0619528
0.833333		0.910366		-0.0784332
0.833333		0.913549		-0.086018
0.833333		0.916732		-0.084227
0.833333		0.919916		-0.073834
0.833333		0.923099		-0.0567326
0.833333		0.926282		-0.0356602
0.833333		0.929465		-0.0138178
0.833333		0.932648		0.00556227
0.833333		0.935831		0.0196463
0.833333		0.939014		0.0263689
0.833333		0.942197		0.0246981
0.833333		0.94538		0.0147617
0.833333		0.948563		-0.00217861
0.833333		0.951747		-0.0239006
0.833333		0.95493		-0.047518
0.833333		0.958113		-0.0698606
0.833333		0.961296		-0.087888
0.833333		0.964479		-0.0990851
0.833333		0.967662		-0.101786
0.833333		0.970845		-0.0953903
0.833333		0.974028		-0.0804369
0.833333		0.977211		-0.0585391
0.833333		0.980394		-0.0321787
0.833333		0.983578		-0.00439336
0.833333		0.986761		0.0216041
0.833333		0.989944		0.042827
0.833333		0.993127		0.0568833
0.833333		0.99631		0.0622688

1		0		-1.95272
1		0.0031831		-1.76012
1		0.0063662		-1.21493
1		0.0095493		-0.410104
1		0.0127324		0.514996
1		0.0159155		1.39576
1		0.0190986		2.06766
1		0.0222817		2.3924
1		0.0254648		2.28097
1		0.0286479		1.7104
1		0.031831		0.731571
1		0.0350141		-0.533428
1		0.0381972		-1.90447
1		0.0413803		-3.16582
1		0.0445634		-4.09517
1		0.0477465		-4.49595
1		0.0509296		-4.22854
1		0.0541127		-3.23643
1		0.0572958		-1.56351
1		0.0604789		0.640195
1		0.063662		3.12588
1		0.0668451		5.56622
1		0.0700282		7.58687
1		0.0732113		8.80622
1		0.0763944		8.87898
1		0.0795775		7.53888
1		0.0827606		4.63548
1		0.0859437		0.160628
1		0.0891268		-5.73904
1		0.0923099		-12.7653
1		0.095493		-20.4881
1		0.0986761		-28.3792
1		0.101859		-35.8587
1		0.105042		-42.3476
1		0.108225		-47.3222
1		0.111408		-50.3652
1		0.114592		-51.2069
1		0.117775		-49.7532
1		0.120958		-46.0959
1		0.124141		-40.5067
1		0.127324		-33.4118
1		0.130507		-25.353
1		0.13369		-16.9372
1		0.136873		-8.7803
1		0.140056		-1.45084
1		0.143239		4.58044
1		0.146423		8.98059
1		0.149606		11.5798
1		0.152789		12.3799
1		0.155972		11.5457
1		0.159155		9.38021
1		0.162338		6.28738
1		0.165521		2.72565
1		0.168704		-0.841469
1		0.171887		-3.99313
1		0.17507		-6.39206
1		0.178254		-7.81452
1		0.181437		-8.16656
1		0.18462		-7.48544
1		0.187803		-5.92666
1		0.190986		-3.7387
1		0.194169		-1.2287
1		0.197352		1.27652
1		0.200535		3.46971
1		0.203718		5.09816
1		0.206901		5.99062
1		0.210085		6.07353
1		0.213268		5.37498
1		0.216451		4.01674
1		0.219634		2.19552
1		0.222817		0.15618
1		0.226		-1.83957
1		0.229183		-3.54533
1		0.232366		-4.75901
1		0.235549		-5.34561
1		0.238732		-5.25106
1		0.241916		-4.50614
1		0.245099		-3.22003
1		0.248282		-1.56489
1		0.251465		0.246566
1		0.254648		1.98746
1		0.257831		3.44401
1		0.261014		4.44033
1		0.264197		4.85789
1		0.26738		4.64761
1		0.270563		3.83339
1		0.273747		2.50698
1		0.27693		0.815063
1		0.280113		-1.05953
1		0.283296		-2.92013
1		0.286479		-4.57927
1		0.289662		-5.8796
1		0.292845		-6.71052
1		0.296028		-7.01838
1		0.299211		-6.80973
1		0.302394		-6.14716
1		0.305577		-5.13882
1		0.308761		-3.92299
1		0.311944		-2.64997
1		0.315127		-1.4634
1		0.31831		-0.48349
1		0.321493		0.205918
1		0.324676		0.565137
1		0.327859		0.600442
1		0.331042		0.360001
1		0.334225		-0.0752579
1		0.337408		-0.604498
1		0.340592		-1.1217
1		0.343775		-1.5303
1		0.346958		-1.75589
1		0.350141		-1.75538
1		0.353324		-1.52158
1		0.356507		-1.08277
1		0.35969		-0.497549
1		0.362873		0.154275
1		0.366056		0.783377
1		0.369239		1.30357
1		0.372423		1.64371
1		0.375606		1.75737
1		0.378789		1.62886
1		0.381972		1.27516
1		0.385155		0.743283
1		0.388338		0.103796
1		0.391521		-0.558825
1		0.394704		-1.15751
1		0.397887		-1.61413
1		0.40107		-1.86975
1		0.404254		-1.8922
1		0.407437		-1.6801
1		0.41062		-1.26277
1		0.413803		-0.696131
1		0.416986		-0.0551995
1		0.420169		0.575876
1		0.423352		1.11485
1		0.426535		1.49205
1		0.429718		1.65936
1		0.432901		1.59628
1		0.436085		1.31235
1		0.439268		0.845681
1		0.442451		0.257798
1		0.445634		-0.374532
1		0.448817		-0.969341
1		0.452		-1.45011
1		0.455183		-1.75563
1		0.458366		-1.84778
1		0.461549		-1.71627
1		0.464732		-1.3798
1		0.467916		-0.88338
1		0.471099		-0.292342
1		0.474282		0.316257
1		0.477465		0.863686
1		0.480648		1.27974
1		0.483831		1.51178
1		0.487014		1.53142
1		0.490197		1.33811
1		0.49338		0.959022
1		0.496563		0.445377
1		0.499747		-0.134303
1		0.50293		-0.703211
1		0.506113		-1.18631
1		0.509296		-1.52018
1		0.512479		-1.66132
1		0.515662		-1.59197
1		0.518845		-1.32258
1		0.522028		-0.890654
1		0.525211		-0.356194
1		0.528394		0.20585
1		0.531578		0.715011
1		0.534761		1.09553
1		0.537944		1.28603
1		0.541127		1.24752
1		0.54431		0.968554
1		0.547493		0.467115
1		0.550676		-0.211189
1		0.553859		-0.998304
1		0.557042		-1.81167
1		0.560225		-2.56397
1		0.563408		-3.17338
1		0.566592		-3.5733
1		0.569775		-3.72009
1		0.572958		-3.59812
1		0.576141		-3.22141
1		0.579324		-2.63179
1		0.582507		-1.8937
1		0.58569		-1.08645
1		0.588873		-0.294773
1		0.592056		0.401089
1		0.595239		0.934567
1		0.598423		1.26016
1		0.601606		1.35816
1		0.604789		1.23614
1		0.607972		0.927172
1		0.611155		0.485006
1		0.614338		-0.0231558
1		0.617521		-0.5253
1		0.620704		-0.953602
1		0.623887		-1.25267
1		0.62707		-1.386
1		0.630254		-1.33996
1		0.633437		-1.12478
1		0.63662		-0.77254
1		0.639803		-0.332459
1		0.642986		0.135806
1		0.646169		0.570073
1		0.649352		0.913644
1		0.652535		1.12245
1		0.655718		1.17043
1		0.658901		1.05251
1		0.662085		0.78485
1		0.665268		0.40241
1		0.668451		-0.0458743
1		0.671634		-0.503552
1		0.674817		-0.913971
1		0.678		-1.22747
1		0.681183		-1.40755
1		0.684366		-1.43525
1		0.687549		-1.3112
1		0.690732		-1.05515
1		0.693916		-0.703043
1		0.697099		-0.302143
1		0.700282		0.0952872
1		0.703465		0.438755
1		0.706648		0.68598
1		0.709831		0.808164
1		0.713014		0.793424
1		0.716197		0.647994
1		0.71938		0.395063
1		0.722563		0.0714532
1		0.725747		-0.27742
1		0.72893		-0.603607
1		0.732113		-0.862927
1		0.735296		-1.02068
1		0.738479		-1.05604
1		0.741662		-0.964626
1		0.744845		-0.758826
1		0.748028		-0.466018
1		0.751211		-0.124813
1		0.754394		0.220102
1		0.757578		0.523854
1		0.760761		0.747238
1		0.763944		0.861773
1		0.767127		0.853323
1		0.77031		0.723814
1		0.773493		0.490856
1		0.776676		0.185333
1		0.779859		-0.152702
1		0.783042		-0.479296
1		0.786225		-0.752308
1		0.789409		-0.936862
1		0.792592		-1.0098
1		0.795775		-0.962575
1		0.798958		-0.802277
1		0.802141		-0.550565
1		0.805324		-0.24077
1		0.808507		0.0865091
1		0.81169		0.388712
1		0.814873		0.626841
1		0.818056		0.770482
1		0.82124		0.801688
1		0.824423		0.717212
1		0.827606		0.528832
1		0.830789		0.261728
1		0.833972		-0.0488766
1		0.837155		-0.36234
1		0.840338		-0.637922
1		0.843521		-0.840075
1		0.846704		-0.943056
1		0.849887		-0.934234
1		0.85307		-0.815703
1		0.856254		-0.603971
1		0.859437		-0.327795
1		0.86262		-0.0244321
1		0.865803		0.2652
1		0.868986		0.501825
1		0.872169		0.652899
1		0.875352		0.696828
1		0.878535		0.625772
1		0.881718		0.446696
1		0.884901		0.180517
1		0.888085		-0.140531
1		0.891268		-0.476972
1		0.894451		-0.787078
1		0.897634		-1.03215
1		0.900817		-1.1814
1		0.904		-1.21584
1		0.907183		-1.13062
1		0.910366		-0.935694
1		0.913549		-0.654451
1		0.916732		-0.320816
1		0.919916		0.0250567
1		0.923099		0.341813
1		0.926282		0.592062
1		0.929465		0.747005
1		0.932648		0.789956
1		0.935831		0.718314
1		0.939014		0.543751
1		0.942197		0.290596
1		0.94538		-0.00734825
1		0.948563		-0.311165
1		0.951747		-0.581778
1		0.95493		-0.784884
1		0.958113		-0.895236
1		0.961296		-0.899732
1		0.964479		-0.798943
1		0.967662		-0.606885
1		0.970845		-0.349096
1		0.974028		-0.0592586
1		0.977211		0.225173
1		0.980394		0.467792
1		0.983578		0.63787
1		0.986761		0.714235
1		0.989944		0.687887
1		0.993127		0.563042
1		0.99631		0.356479

