0		0		1.90792e-17
0		0.0031831		1.55079e-17
0		0.0063662		5.1953e-18
0		0.0095493		-1.06962e-17
0		0.0127324		-3.03628e-17
0		0.0159155		-5.15451e-17
0		0.0190986		-7.17597e-17
0		0.0222817		-8.8553e-17
0		0.0254648		-9.97496e-17
0		0.0286479		-1.03671e-16
0		0.031831		-9.93021e-17
0		0.0350141		-8.6385e-17
0		0.0381972		-6.54403e-17
0		0.0413803		-3.77063e-17
0		0.0445634		-5.00893e-18
0		0.0477465		3.04238e-17
0		0.0509296		6.6181e-17
0		0.0541127		9.98992e-17
0		0.0572958		1.29478e-16
0		0.0604789		1.53262e-16
0		0.063662		1.70162e-16
0		0.0668451		1.79721e-16
0		0.0700282		1.82108e-16
0		0.0732113		1.78042e-16
0		0.0763944		1.68669e-16
0		0.0795775		1.55404e-16
0		0.0827606		1.39753e-16
0		0.0859437		1.23139e-16
0		0.0891268		1.06759e-16
0		0.0923099		9.14758e-17
0		0.095493		7.77642e-17
0		0.0986761		6.57135e-17
0		0.101859		5.50807e-17
0		0.105042		4.5387e-17
0		0.108225		3.60436e-17
0		0.111408		2.64867e-17
0		0.114592		1.63059e-17
0		0.117775		5.34534e-18
0		0.120958		-6.23368e-18
0		0.124141		-1.79389e-17
0		0.127324		-2.89839e-17
0		0.130507		-3.83723e-17
0		0.13369		-4.50178e-17
0		0.136873		-4.78868e-17
0		0.140056		-4.61446e-17
0		0.143239		-3.92869e-17
0		0.146423		-2.72395e-17
0		0.149606		-1.04126e-17
0		0.152789		1.02991e-17
0		0.155972		3.35712e-17
0		0.159155		5.77562e-17
0		0.162338		8.10308e-17
0		0.165521		1.01566e-16
0		0.168704		1.17708e-16
0		0.171887		1.28137e-16
0		0.17507		1.32004e-16
0		0.178254		1.29013e-16
0		0.181437		1.19455e-16
0		0.18462		1.0417e-16
0		0.187803		8.44699e-17
0		0.190986		6.19997e-17
0		0.194169		3.85768e-17
0		0.197352		1.60131e-17
0		0.200535		-4.05674e-18
0		0.203718		-2.03219e-17
0		0.206901		-3.19032e-17
0		0.210085		-3.8411e-17
0		0.213268		-3.99486e-17
0		0.216451		-3.70639e-17
0		0.219634		-3.06554e-17
0		0.222817		-2.18483e-17
0		0.226		-1.18529e-17
0		0.229183		-1.82679e-18
0		0.232366		7.24637e-18
0		0.235549		1.46455e-17
0		0.238732		1.99604e-17
0		0.241916		2.30948e-17
0		0.245099		2.42282e-17
0		0.248282		2.37422e-17
0		0.251465		2.21245e-17
0		0.254648		1.98651e-17
0		0.257831		1.73592e-17
0		0.261014		1.48322e-17
0		0.264197		1.2297e-17
0		0.26738		9.55036e-18
0		0.270563		6.20828e-18
0		0.273747		1.77715e-18
0		0.27693		-4.25024e-18
0		0.280113		-1.2287e-17
0		0.283296		-2.25481e-17
0		0.286479		-3.49661e-17
0		0.289662		-4.91395e-17
0		0.292845		-6.43235e-17
0		0.296028		-7.94676e-17
0		0.299211		-9.32985e-17
0		0.302394		-1.04439e-16
0		0.305577		-1.11551e-16
0		0.308761		-1.13491e-16
0		0.311944		-1.09441e-16
0		0.315127		-9.90326e-17
0		0.31831		-8.24031e-17
0		0.321493		-6.02167e-17
0		0.324676		-3.3617e-17
0		0.327859		-4.12882e-18
0		0.331042		2.64877e-17
0		0.334225		5.6412e-17
0		0.337408		8.39491e-17
0		0.340592		1.07705e-16
0		0.343775		1.26731e-16
0		0.346958		1.40618e-16
0		0.350141		1.49531e-16
0		0.353324		1.54179e-16
0		0.356507		1.55713e-16
0		0.35969		1.5558e-16
0		0.362873		1.55337e-16
0		0.366056		1.56441e-16
0		0.369239		1.6006e-16
0		0.372423		1.66903e-16
0		0.375606		1.7711e-16
0		0.378789		1.90202e-16
0		0.381972		2.05105e-16
0		0.385155		2.20252e-16
0		0.388338		2.33735e-16
0		0.391521		2.43515e-16
0		0.394704		2.47648e-16
0		0.397887		2.44507e-16
0		0.40107		2.32984e-16
0		0.404254		2.12632e-16
0		0.407437		1.83747e-16
0		0.41062		1.47365e-16
0		0.413803		1.05185e-16
0		0.416986		5.94207e-17
0		0.420169		1.25952e-17
0		0.423352		-3.26984e-17
0		0.426535		-7.40418e-17
0		0.429718		-1.09419e-16
0		0.432901		-1.37398e-16
0		0.436085		-1.57255e-16
0		0.439268		-1.69018e-16
0		0.442451		-1.73431e-16
0		0.445634		-1.71851e-16
0		0.448817		-1.66079e-16
0		0.452		-1.58146e-16
0		0.455183		-1.50093e-16
0		0.458366		-1.43746e-16
0		0.461549		-1.40536e-16
0		0.464732		-1.4136e-16
0		0.467916		-1.46512e-16
0		0.471099		-1.55687e-16
0		0.474282		-1.68045e-16
0		0.477465		-1.82336e-16
0		0.480648		-1.97067e-16
0		0.483831		-2.10686e-16
0		0.487014		-2.21757e-16
0		0.490197		-2.29119e-16
0		0.49338		-2.31999e-16
0		0.496563		-2.30068e-16
0		0.499747		-2.23445e-16
0		0.50293		-2.12643e-16
0		0.506113		-1.98471e-16
0		0.509296		-1.81902e-16
0		0.512479		-1.6394e-16
0		0.515662		-1.45489e-16
0		0.518845		-1.27245e-16
0		0.522028		-1.09638e-16
0		0.525211		-9.2813e-17
0		0.528394		-7.66662e-17
0		0.531578		-6.09187e-17
0		0.534761		-4.52249e-17
0		0.537944		-2.92933e-17
0		0.541127		-1.3003e-17
0		0.54431		3.50276e-18
0		0.547493		1.97619e-17
0		0.550676		3.49888e-17
0		0.553859		4.81222e-17
0		0.557042		5.79244e-17
0		0.560225		6.31202e-17
0		0.563408		6.25597e-17
0		0.566592		5.53852e-17
0		0.569775		4.11796e-17
0		0.572958		2.00766e-17
0		0.576141		-7.18379e-18
0		0.579324		-3.92657e-17
0		0.582507		-7.43162e-17
0		0.58569		-1.10106e-16
0		0.588873		-1.44223e-16
0		0.592056		-1.74288e-16
0		0.595239		-1.98191e-16
0		0.598423		-2.1429e-16
0		0.601606		-2.21582e-16
0		0.604789		-2.19806e-16
0		0.607972		-2.09469e-16
0		0.611155		-1.91793e-16
0		0.614338		-1.68593e-16
0		0.617521		-1.42089e-16
0		0.620704		-1.14674e-16
0		0.623887		-8.86755e-17
0		0.62707		-6.61161e-17
0		0.630254		-4.85224e-17
0		0.633437		-3.67839e-17
0		0.63662		-3.1088e-17
0		0.639803		-3.09338e-17
0		0.642986		-3.5221e-17
0		0.646169		-4.24043e-17
0		0.649352		-5.06928e-17
0		0.652535		-5.82712e-17
0		0.655718		-6.35168e-17
0		0.658901		-6.51871e-17
0		0.662085		-6.25573e-17
0		0.665268		-5.54927e-17
0		0.668451		-4.44496e-17
0		0.671634		-3.04066e-17
0		0.674817		-1.47362e-17
0		0.678		9.65159e-19
0		0.681183		1.50687e-17
0		0.684366		2.61014e-17
0		0.687549		3.29096e-17
0		0.690732		3.47796e-17
0		0.693916		3.1501e-17
0		0.697099		2.33714e-17
0		0.700282		1.11417e-17
0		0.703465		-4.08582e-18
0		0.706648		-2.09913e-17
0		0.709831		-3.81843e-17
0		0.713014		-5.43438e-17
0		0.716197		-6.83333e-17
0		0.71938		-7.92782e-17
0		0.722563		-8.65973e-17
0		0.725747		-8.99889e-17
0		0.72893		-8.93785e-17
0		0.732113		-8.48398e-17
0		0.735296		-7.65064e-17
0		0.738479		-6.44922e-17
0		0.741662		-4.8836e-17
0		0.744845		-2.94845e-17
0		0.748028		-6.31836e-18
0		0.751211		2.07781e-17
0		0.754394		5.18135e-17
0		0.757578		8.65671e-17
0		0.760761		1.24468e-16
0		0.763944		1.64498e-16
0		0.767127		2.05143e-16
0		0.77031		2.44402e-16
0		0.773493		2.79875e-16
0		0.776676		3.08921e-16
0		0.779859		3.28882e-16
0		0.783042		3.37355e-16
0		0.786225		3.32473e-16
0		0.789409		3.13181e-16
0		0.792592		2.79453e-16
0		0.795775		2.32433e-16
0		0.798958		1.7446e-16
0		0.802141		1.08979e-16
0		0.805324		4.03203e-17
0		0.808507		-2.66271e-17
0		0.81169		-8.68335e-17
0		0.814873		-1.35589e-16
0		0.818056		-1.68967e-16
0		0.82124		-1.84238e-16
0		0.824423		-1.80186e-16
0		0.827606		-1.57295e-16
0		0.830789		-1.17766e-16
0		0.833972		-6.53684e-17
0		0.837155		-5.11963e-18
0		0.840338		5.71672e-17
0		0.843521		1.15437e-16
0		0.846704		1.63984e-16
0		0.849887		1.9803e-16
0		0.85307		2.14218e-16
0		0.856254		2.10967e-16
0		0.859437		1.88665e-16
0		0.86262		1.49643e-16
0		0.865803		9.7958e-17
0		0.868986		3.89893e-17
0		0.872169		-2.11164e-17
0		0.875352		-7.60838e-17
0		0.878535		-1.20175e-16
0		0.881718		-1.48804e-16
0		0.884901		-1.59044e-16
0		0.888085		-1.49956e-16
0		0.891268		-1.22718e-16
0		0.894451		-8.05199e-17
0		0.897634		-2.825e-17
0		0.900817		2.80131e-17
0		0.904		8.16394e-17
0		0.907183		1.26156e-16
0		0.910366		1.55951e-16
0		0.913549		1.6689e-16
0		0.916732		1.56793e-16
0		0.919916		1.257e-16
0		0.923099		7.59081e-17
0		0.926282		1.17731e-17
0		0.929465		-6.07166e-17
0		0.932648		-1.34538e-16
0		0.935831		-2.02353e-16
0		0.939014		-2.57264e-16
0		0.942197		-2.93539e-16
0		0.94538		-3.07219e-16
0		0.948563		-2.96552e-16
0		0.951747		-2.62205e-16
0		0.95493		-2.07229e-16
0		0.958113		-1.36785e-16
0		0.961296		-5.7653e-17
0		0.964479		2.2416e-17
0		0.967662		9.54513e-17
0		0.970845		1.54031e-16
0		0.974028		1.91995e-16
0		0.977211		2.05028e-16
0		0.980394		1.91065e-16
0		0.983578		1.50465e-16
0		0.986761		8.59601e-17
0		0.989944		2.36902e-18
0		0.993127		-9.38733e-17
0		0.99631		-1.95333e-16

0.166667		0		0.635597
0.166667		0.0031831		0.596417
0.166667		0.0063662		0.483433
0.166667		0.0095493		0.309772
0.166667		0.0127324		0.0955582
0.166667		0.0159155		-0.134494
0.166667		0.0190986		-0.354042
0.166667		0.0222817		-0.538264
0.166667		0.0254648		-0.666827
0.166667		0.0286479		-0.72631
0.166667		0.031831		-0.711799
0.166667		0.0350141		-0.627446
0.166667		0.0381972		-0.485931
0.166667		0.0413803		-0.306891
0.166667		0.0445634		-0.114495
0.166667		0.0477465		0.065549
0.166667		0.0509296		0.209179
0.166667		0.0541127		0.296993
0.166667		0.0572958		0.316709
0.166667		0.0604789		0.264779
0.166667		0.063662		0.146948
0.166667		0.0668451		-0.022325
0.166667		0.0700282		-0.221511
0.166667		0.0732113		-0.42456
0.166667		0.0763944		-0.604039
0.166667		0.0795775		-0.734503
0.166667		0.0827606		-0.795702
0.166667		0.0859437		-0.775222
0.166667		0.0891268		-0.670265
0.166667		0.0923099		-0.488313
0.166667		0.095493		-0.246607
0.166667		0.0986761		0.0295412
0.166667		0.101859		0.309409
0.166667		0.105042		0.560213
0.166667		0.108225		0.750761
0.166667		0.111408		0.855004
0.166667		0.114592		0.855067
0.166667		0.117775		0.743411
0.166667		0.120958		0.523874
0.166667		0.124141		0.211456
0.166667		0.127324		-0.169136
0.166667		0.130507		-0.586021
0.166667		0.13369		-1.00348
0.166667		0.136873		-1.38575
0.166667		0.140056		-1.70075
0.166667		0.143239		-1.92349
0.166667		0.146423		-2.03859
0.166667		0.149606		-2.04179
0.166667		0.152789		-1.94017
0.166667		0.155972		-1.7511
0.166667		0.159155		-1.50011
0.166667		0.162338		-1.21785
0.166667		0.165521		-0.936464
0.166667		0.168704		-0.686017
0.166667		0.171887		-0.491104
0.166667		0.17507		-0.368265
0.166667		0.178254		-0.324398
0.166667		0.181437		-0.356384
0.166667		0.18462		-0.451968
0.166667		0.187803		-0.591774
0.166667		0.190986		-0.752219
0.166667		0.194169		-0.908968
0.166667		0.197352		-1.0405
0.166667		0.200535		-1.13135
0.166667		0.203718		-1.17463
0.166667		0.206901		-1.17341
0.166667		0.210085		-1.14097
0.166667		0.213268		-1.09955
0.166667		0.216451		-1.07799
0.166667		0.219634		-1.10831
0.166667		0.222817		-1.22169
0.166667		0.226		-1.44431
0.166667		0.229183		-1.79342
0.166667		0.232366		-2.27427
0.166667		0.235549		-2.87815
0.166667		0.238732		-3.5819
0.166667		0.241916		-4.34894
0.166667		0.245099		-5.13183
0.166667		0.248282		-5.87605
0.166667		0.251465		-6.52483
0.166667		0.254648		-7.0243
0.166667		0.257831		-7.32866
0.166667		0.261014		-7.40471
0.166667		0.264197		-7.23536
0.166667		0.26738		-6.82163
0.166667		0.270563		-6.18305
0.166667		0.273747		-5.35627
0.166667		0.27693		-4.39211
0.166667		0.280113		-3.35124
0.166667		0.283296		-2.29904
0.166667		0.286479		-1.29995
0.166667		0.289662		-0.412017
0.166667		0.292845		0.317852
0.166667		0.296028		0.857585
0.166667		0.299211		1.19213
0.166667		0.302394		1.32401
0.166667		0.305577		1.27222
0.166667		0.308761		1.06963
0.166667		0.311944		0.759168
0.166667		0.315127		0.389218
0.166667		0.31831		0.00871796
0.166667		0.321493		-0.337559
0.166667		0.324676		-0.613061
0.166667		0.327859		-0.792479
0.166667		0.331042		-0.863466
0.166667		0.334225		-0.826943
0.166667		0.337408		-0.69602
0.166667		0.340592		-0.493717
0.166667		0.343775		-0.249769
0.166667		0.346958		0.00309337
0.166667		0.350141		0.232971
0.166667		0.353324		0.412319
0.166667		0.356507		0.520808
0.166667		0.35969		0.547226
0.166667		0.362873		0.490296
0.166667		0.366056		0.358335
0.166667		0.369239		0.167875
0.166667		0.372423		-0.05856
0.166667		0.375606		-0.295249
0.166667		0.378789		-0.516282
0.166667		0.381972		-0.698455
0.166667		0.385155		-0.823725
0.166667		0.388338		-0.880982
0.166667		0.391521		-0.866954
0.166667		0.394704		-0.786204
0.166667		0.397887		-0.650247
0.166667		0.40107		-0.47593
0.166667		0.404254		-0.283299
0.166667		0.407437		-0.093205
0.166667		0.41062		0.0750534
0.166667		0.413803		0.2058
0.166667		0.416986		0.288531
0.166667		0.420169		0.318795
0.166667		0.423352		0.298346
0.166667		0.426535		0.234565
0.166667		0.429718		0.13928
0.166667		0.432901		0.0271247
0.166667		0.436085		-0.0863352
0.166667		0.439268		-0.186483
0.166667		0.442451		-0.261323
0.166667		0.445634		-0.302751
0.166667		0.448817		-0.307299
0.166667		0.452		-0.276293
0.166667		0.455183		-0.215419
0.166667		0.458366		-0.1338
0.166667		0.461549		-0.0426935
0.166667		0.464732		0.0459973
0.166667		0.467916		0.121228
0.166667		0.471099		0.174136
0.166667		0.474282		0.199044
0.166667		0.477465		0.194024
0.166667		0.480648		0.160976
0.166667		0.483831		0.10524
0.166667		0.487014		0.0347897
0.166667		0.490197		-0.04086
0.166667		0.49338		-0.111896
0.166667		0.496563		-0.169443
0.166667		0.499747		-0.206634
0.166667		0.50293		-0.219399
0.166667		0.506113		-0.206877
0.166667		0.509296		-0.17142
0.166667		0.512479		-0.118198
0.166667		0.515662		-0.0544653
0.166667		0.518845		0.0114048
0.166667		0.522028		0.0709936
0.166667		0.525211		0.116886
0.166667		0.528394		0.143563
0.166667		0.531578		0.148034
0.166667		0.534761		0.130137
0.166667		0.537944		0.0924859
0.166667		0.541127		0.0400696
0.166667		0.54431		-0.0204224
0.166667		0.547493		-0.0814703
0.166667		0.550676		-0.13567
0.166667		0.553859		-0.176638
0.166667		0.557042		-0.199768
0.166667		0.560225		-0.202747
0.166667		0.563408		-0.185772
0.166667		0.566592		-0.151457
0.166667		0.569775		-0.104447
0.166667		0.572958		-0.0507845
0.166667		0.576141		0.00286793
0.166667		0.579324		0.0500631
0.166667		0.582507		0.0853546
0.166667		0.58569		0.104935
0.166667		0.588873		0.107055
0.166667		0.592056		0.0921758
0.166667		0.595239		0.062842
0.166667		0.598423		0.0233063
0.166667		0.601606		-0.0210515
0.166667		0.604789		-0.0644262
0.166667		0.607972		-0.101322
0.166667		0.611155		-0.127226
0.166667		0.614338		-0.139143
0.166667		0.617521		-0.135928
0.166667		0.620704		-0.118368
0.166667		0.623887		-0.0890364
0.166667		0.62707		-0.0519165
0.166667		0.630254		-0.0118622
0.166667		0.633437		0.0260339
0.166667		0.63662		0.0570874
0.166667		0.639803		0.0775998
0.166667		0.642986		0.085297
0.166667		0.646169		0.0795775
0.166667		0.649352		0.0615437
0.166667		0.652535		0.0338167
0.166667		0.655718		0.000164722
0.166667		0.658901		-0.0350048
0.166667		0.662085		-0.0672219
0.166667		0.665268		-0.0925254
0.166667		0.668451		-0.107956
0.166667		0.671634		-0.111909
0.166667		0.674817		-0.104315
0.166667		0.678		-0.086607
0.166667		0.681183		-0.0615096
0.166667		0.684366		-0.0326604
0.166667		0.687549		-0.00412241
0.166667		0.690732		0.0201483
0.166667		0.693916		0.0368141
0.166667		0.697099		0.0435791
0.166667		0.700282		0.0394743
0.166667		0.703465		0.024969
0.166667		0.706648		0.0018976
0.166667		0.709831		-0.0267871
0.166667		0.713014		-0.0573987
0.166667		0.716197		-0.0859924
0.166667		0.71938		-0.108866
0.166667		0.722563		-0.123028
0.166667		0.725747		-0.126568
0.166667		0.72893		-0.11889
0.166667		0.732113		-0.100777
0.166667		0.735296		-0.0742844
0.166667		0.738479		-0.0424751
0.166667		0.741662		-0.00902966
0.166667		0.744845		0.0222122
0.166667		0.748028		0.0477258
0.166667		0.751211		0.0647304
0.166667		0.754394		0.0715193
0.166667		0.757578		0.067653
0.166667		0.760761		0.0539918
0.166667		0.763944		0.0325665
0.166667		0.767127		0.00630675
0.166667		0.77031		-0.0213387
0.166667		0.773493		-0.0468393
0.166667		0.776676		-0.0670231
0.166667		0.779859		-0.0794653
0.166667		0.783042		-0.0827762
0.166667		0.786225		-0.0767559
0.166667		0.789409		-0.0623969
0.166667		0.792592		-0.0417374
0.166667		0.795775		-0.0175861
0.166667		0.798958		0.00684554
0.166667		0.802141		0.028356
0.166667		0.805324		0.0441584
0.166667		0.808507		0.0522275
0.166667		0.81169		0.0515451
0.166667		0.814873		0.0422163
0.166667		0.818056		0.0254416
0.166667		0.82124		0.00335207
0.166667		0.824423		-0.0212703
0.166667		0.827606		-0.0453508
0.166667		0.830789		-0.0659123
0.166667		0.833972		-0.0804482
0.166667		0.837155		-0.0872323
0.166667		0.840338		-0.0855258
0.166667		0.843521		-0.0756585
0.166667		0.846704		-0.0589751
0.166667		0.849887		-0.0376542
0.166667		0.85307		-0.0144256
0.166667		0.856254		0.00777818
0.166667		0.859437		0.0261915
0.166667		0.86262		0.0385597
0.166667		0.865803		0.0434145
0.166667		0.868986		0.0402482
0.166667		0.872169		0.0295643
0.166667		0.875352		0.012802
0.166667		0.878535		-0.00785682
0.166667		0.881718		-0.0297703
0.166667		0.884901		-0.0501736
0.166667		0.888085		-0.0665278
0.166667		0.891268		-0.0768345
0.166667		0.894451		-0.0798805
0.166667		0.897634		-0.0753798
0.166667		0.900817		-0.0639977
0.166667		0.904		-0.0472558
0.166667		0.907183		-0.0273302
0.166667		0.910366		-0.00677038
0.166667		0.913549		0.0118254
0.166667		0.916732		0.0261368
0.166667		0.919916		0.0344094
0.166667		0.923099		0.035668
0.166667		0.926282		0.02983
0.166667		0.929465		0.0177048
0.166667		0.932648		0.000881762
0.166667		0.935831		-0.0184782
0.166667		0.939014		-0.0379206
0.166667		0.942197		-0.0550089
0.166667		0.94538		-0.0676297
0.166667		0.948563		-0.074254
0.166667		0.951747		-0.0741216
0.166667		0.95493		-0.0673279
0.166667		0.958113		-0.0548009
0.166667		0.961296		-0.0381751
0.166667		0.964479		-0.019578
0.166667		0.967662		-0.00135687
0.166667		0.970845		0.0142181
0.166667		0.974028		0.0252377
0.166667		0.977211		0.0303887
0.166667		0.980394		0.0291115
0.166667		0.983578		0.0216602
0.166667		0.986761		0.00906112
0.166667		0.989944		-0.00702647
0.166667		0.993127		-0.024527
0.166667		0.99631		-0.0412148

0.333333		0		-0.749851
0.333333		0.0031831		-0.715167
0.333333		0.0063662		-0.615684
0.333333		0.0095493		-0.464542
0.333333		0.0127324		-0.281789
0.333333		0.0159155		-0.091847
0.333333		0.0190986		0.0795801
0.333333		0.0222817		0.208788
0.333333		0.0254648		0.277118
0.333333		0.0286479		0.273403
0.333333		0.031831		0.195501
0.333333		0.0350141		0.0507101
0.333333		0.0381972		-0.144965
0.333333		0.0413803		-0.368648
0.333333		0.0445634		-0.593283
0.333333		0.0477465		-0.790878
0.333333		0.0509296		-0.935901
0.333333		0.0541127		-1.00841
0.333333		0.0572958		-0.996578
0.333333		0.0604789		-0.898207
0.333333		0.063662		-0.72119
0.333333		0.0668451		-0.482717
0.333333		0.0700282		-0.207405
0.333333		0.0732113		0.0754632
0.333333		0.0763944		0.335256
0.333333		0.0795775		0.543476
0.333333		0.0827606		0.676994
0.333333		0.0859437		0.720661
0.333333		0.0891268		0.668982
0.333333		0.0923099		0.526666
0.333333		0.095493		0.308
0.333333		0.0986761		0.0351255
0.333333		0.101859		-0.264567
0.333333		0.105042		-0.561601
0.333333		0.108225		-0.827762
0.333333		0.111408		-1.03921
0.333333		0.114592		-1.17905
0.333333		0.117775		-1.23891
0.333333		0.120958		-1.21965
0.333333		0.124141		-1.13075
0.333333		0.127324		-0.988808
0.333333		0.130507		-0.815222
0.333333		0.13369		-0.633301
0.333333		0.136873		-0.465295
0.333333		0.140056		-0.329649
0.333333		0.143239		-0.238831
0.333333		0.146423		-0.198007
0.333333		0.149606		-0.204704
0.333333		0.152789		-0.249503
0.333333		0.155972		-0.317624
0.333333		0.159155		-0.391215
0.333333		0.162338		-0.452009
0.333333		0.165521		-0.484011
0.333333		0.168704		-0.475836
0.333333		0.171887		-0.422421
0.333333		0.17507		-0.325838
0.333333		0.178254		-0.195143
0.333333		0.181437		-0.0452421
0.333333		0.18462		0.105068
0.333333		0.187803		0.235623
0.333333		0.190986		0.327668
0.333333		0.194169		0.366497
0.333333		0.197352		0.343627
0.333333		0.200535		0.25819
0.333333		0.203718		0.117357
0.333333		0.206901		-0.0642854
0.333333		0.210085		-0.266357
0.333333		0.213268		-0.465094
0.333333		0.216451		-0.636277
0.333333		0.219634		-0.758298
0.333333		0.222817		-0.814972
0.333333		0.226		-0.797737
0.333333		0.229183		-0.706949
0.333333		0.232366		-0.55207
0.333333		0.235549		-0.350719
0.333333		0.238732		-0.126668
0.333333		0.241916		0.0929825
0.333333		0.245099		0.281112
0.333333		0.248282		0.413966
0.333333		0.251465		0.474197
0.333333		0.254648		0.453173
0.333333		0.257831		0.352242
0.333333		0.261014		0.182782
0.333333		0.264197		-0.0350098
0.333333		0.26738		-0.274451
0.333333		0.270563		-0.505577
0.333333		0.273747		-0.698826
0.333333		0.27693		-0.82876
0.333333		0.280113		-0.877362
0.333333		0.283296		-0.836493
0.333333		0.286479		-0.70918
0.333333		0.289662		-0.509553
0.333333		0.292845		-0.261421
0.333333		0.296028		0.00439075
0.333333		0.299211		0.253619
0.333333		0.302394		0.452645
0.333333		0.305577		0.572583
0.333333		0.308761		0.59289
0.333333		0.311944		0.504013
0.333333		0.315127		0.308764
0.333333		0.31831		0.0221977
0.333333		0.321493		-0.329997
0.333333		0.324676		-0.71444
0.333333		0.327859		-1.09399
0.333333		0.331042		-1.43221
0.333333		0.334225		-1.69778
0.333333		0.337408		-1.8684
0.333333		0.340592		-1.93355
0.333333		0.343775		-1.89589
0.333333		0.346958		-1.77094
0.333333		0.350141		-1.58519
0.333333		0.353324		-1.37267
0.333333		0.356507		-1.17051
0.333333		0.35969		-1.01392
0.333333		0.362873		-0.93129
0.333333		0.366056		-0.939963
0.333333		0.369239		-1.04325
0.333333		0.372423		-1.2292
0.333333		0.375606		-1.47126
0.333333		0.378789		-1.73088
0.333333		0.381972		-1.9619
0.333333		0.385155		-2.11621
0.333333		0.388338		-2.15
0.333333		0.391521		-2.03008
0.333333		0.394704		-1.73936
0.333333		0.397887		-1.28077
0.333333		0.40107		-0.679222
0.333333		0.404254		0.0188713
0.333333		0.407437		0.748575
0.333333		0.41062		1.43169
0.333333		0.413803		1.98387
0.333333		0.416986		2.32293
0.333333		0.420169		2.37748
0.333333		0.423352		2.09507
0.333333		0.426535		1.44881
0.333333		0.429718		0.441906
0.333333		0.432901		-0.890578
0.333333		0.436085		-2.483
0.333333		0.439268		-4.24335
0.333333		0.442451		-6.06022
0.333333		0.445634		-7.81175
0.333333		0.448817		-9.37583
0.333333		0.452		-10.6406
0.333333		0.455183		-11.5143
0.333333		0.458366		-11.933
0.333333		0.461549		-11.8667
0.333333		0.464732		-11.3215
0.333333		0.467916		-10.339
0.333333		0.471099		-8.99269
0.333333		0.474282		-7.38127
0.333333		0.477465		-5.61966
0.333333		0.480648		-3.82917
0.333333		0.483831		-2.12709
0.333333		0.487014		-0.617037
0.333333		0.490197		0.61918
0.333333		0.49338		1.52734
0.333333		0.496563		2.08388
0.333333		0.499747		2.29595
0.333333		0.50293		2.19869
0.333333		0.506113		1.84999
0.333333		0.509296		1.32348
0.333333		0.512479		0.700394
0.333333		0.515662		0.0612892
0.333333		0.518845		-0.52161
0.333333		0.522028		-0.990709
0.333333		0.525211		-1.30741
0.333333		0.528394		-1.4542
0.333333		0.531578		-1.43445
0.333333		0.534761		-1.27
0.333333		0.537944		-0.996987
0.333333		0.541127		-0.660508
0.333333		0.54431		-0.308654
0.333333		0.547493		0.0132726
0.333333		0.550676		0.267799
0.333333		0.553859		0.429054
0.333333		0.557042		0.484924
0.333333		0.560225		0.437469
0.333333		0.563408		0.301635
0.333333		0.566592		0.102545
0.333333		0.569775		-0.128257
0.333333		0.572958		-0.357086
0.333333		0.576141		-0.552409
0.333333		0.579324		-0.688624
0.333333		0.582507		-0.748919
0.333333		0.58569		-0.726911
0.333333		0.588873		-0.626936
0.333333		0.592056		-0.463014
0.333333		0.595239		-0.256693
0.333333		0.598423		-0.0340664
0.333333		0.601606		0.177631
0.333333		0.604789		0.353416
0.333333		0.607972		0.473532
0.333333		0.611155		0.525672
0.333333		0.614338		0.506196
0.333333		0.617521		0.420247
0.333333		0.620704		0.280799
0.333333		0.623887		0.106783
0.333333		0.62707		-0.0794394
0.333333		0.630254		-0.254917
0.333333		0.633437		-0.398922
0.333333		0.63662		-0.495382
0.333333		0.639803		-0.534653
0.333333		0.642986		-0.514445
0.333333		0.646169		-0.439815
0.333333		0.649352		-0.322268
0.333333		0.652535		-0.178096
0.333333		0.655718		-0.0261983
0.333333		0.658901		0.114335
0.333333		0.662085		0.226584
0.333333		0.665268		0.297797
0.333333		0.668451		0.320813
0.333333		0.671634		0.29474
0.333333		0.674817		0.22484
0.333333		0.678		0.121652
0.333333		0.681183		-0.000499385
0.333333		0.684366		-0.12542
0.333333		0.687549		-0.237127
0.333333		0.690732		-0.321838
0.333333		0.693916		-0.369618
0.333333		0.697099		-0.375499
0.333333		0.700282		-0.339944
0.333333		0.703465		-0.268625
0.333333		0.706648		-0.171553
0.333333		0.709831		-0.0616918
0.333333		0.713014		0.0467464
0.333333		0.716197		0.140124
0.333333		0.71938		0.207068
0.333333		0.722563		0.239838
0.333333		0.725747		0.235194
0.333333		0.72893		0.194687
0.333333		0.732113		0.124336
0.333333		0.735296		0.0337611
0.333333		0.738479		-0.0651162
0.333333		0.741662		-0.15962
0.333333		0.744845		-0.237928
0.333333		0.748028		-0.290526
0.333333		0.751211		-0.311346
0.333333		0.754394		-0.298432
0.333333		0.757578		-0.25409
0.333333		0.760761		-0.184493
0.333333		0.763944		-0.0988177
0.333333		0.767127		-0.00802233
0.333333		0.77031		0.0765608
0.333333		0.773493		0.144649
0.333333		0.776676		0.188265
0.333333		0.779859		0.202672
0.333333		0.783042		0.186883
0.333333		0.786225		0.143681
0.333333		0.789409		0.0791762
0.333333		0.792592		0.00194513
0.333333		0.795775		-0.0781091
0.333333		0.798958		-0.151041
0.333333		0.802141		-0.208119
0.333333		0.805324		-0.242899
0.333333		0.808507		-0.251981
0.333333		0.81169		-0.235363
0.333333		0.814873		-0.19636
0.333333		0.818056		-0.141094
0.333333		0.82124		-0.0776482
0.333333		0.824423		-0.0149785
0.333333		0.827606		0.0382567
0.333333		0.830789		0.0748123
0.333333		0.833972		0.089769
0.333333		0.837155		0.0811346
0.333333		0.840338		0.0500618
0.333333		0.843521		0.000660851
0.333333		0.846704		-0.0605614
0.333333		0.849887		-0.125561
0.333333		0.85307		-0.185799
0.333333		0.856254		-0.233338
0.333333		0.859437		-0.261843
0.333333		0.86262		-0.267373
0.333333		0.865803		-0.248865
0.333333		0.868986		-0.208238
0.333333		0.872169		-0.15014
0.333333		0.875352		-0.0813404
0.333333		0.878535		-0.00987183
0.333333		0.881718		0.0559746
0.333333		0.884901		0.108677
0.333333		0.888085		0.142397
0.333333		0.891268		0.15368
0.333333		0.894451		0.141842
0.333333		0.897634		0.109012
0.333333		0.900817		0.0598231
0.333333		0.904		0.000805111
0.333333		0.907183		-0.0604579
0.333333		0.910366		-0.116278
0.333333		0.913549		-0.159816
0.333333		0.916732		-0.185904
0.333333		0.919916		-0.191658
0.333333		0.923099		-0.176783
0.333333		0.926282		-0.14356
0.333333		0.929465		-0.0965094
0.333333		0.932648		-0.0417807
0.333333		0.935831		0.0136455
0.333333		0.939014		0.0628464
0.333333		0.942197		0.0998211
0.333333		0.94538		0.120222
0.333333		0.948563		0.121867
0.333333		0.951747		0.104968
0.333333		0.95493		0.0720559
0.333333		0.958113		0.027618
0.333333		0.961296		-0.0225081
0.333333		0.964479		-0.0718964
0.333333		0.967662		-0.114356
0.333333		0.970845		-0.144709
0.333333		0.974028		-0.159428
0.333333		0.977211		-0.157054
0.333333		0.980394		-0.138346
0.333333		0.983578		-0.106145
0.333333		0.986761		-0.0649775
0.333333		0.989944		-0.0204555
0.333333		0.993127		0.0214589
0.333333		0.99631		0.0552178

0.5		0		0.328634
0.5		0.0031831		0.305016
0.5		0.0063662		0.237107
0.5		0.0095493		0.133377
0.5		0.0127324		0.00675926
0.5		0.0159155		-0.126968
0.5		0.0190986		-0.25115
0.5		0.0222817		-0.350341
0.5		0.0254648		-0.412231
0.5		0.0286479		-0.429179
0.5		0.031831		-0.399161
0.5		0.0350141		-0.326017
0.5		0.0381972		-0.218951
0.5		0.0413803		-0.0913699
0.5		0.0445634		0.0408101
0.5		0.0477465		0.16117
0.5		0.0509296		0.254851
0.5		0.0541127		0.310424
0.5		0.0572958		0.321314
0.5		0.0604789		0.286612
0.5		0.063662		0.211164
0.5		0.0668451		0.104927
0.5		0.0700282		-0.0183259
0.5		0.0732113		-0.142798
0.5		0.0763944		-0.252713
0.5		0.0795775		-0.33437
0.5		0.0827606		-0.377935
0.5		0.0859437		-0.378738
0.5		0.0891268		-0.337909
0.5		0.0923099		-0.262271
0.5		0.095493		-0.163479
0.5		0.0986761		-0.0565331
0.5		0.101859		0.0421744
0.5		0.105042		0.117014
0.5		0.108225		0.155213
0.5		0.111408		0.148618
0.5		0.114592		0.0948924
0.5		0.117775		-0.00201739
0.5		0.120958		-0.132205
0.5		0.124141		-0.280907
0.5		0.127324		-0.430244
0.5		0.130507		-0.561403
0.5		0.13369		-0.656992
0.5		0.136873		-0.703264
0.5		0.140056		-0.69194
0.5		0.143239		-0.621396
0.5		0.146423		-0.49704
0.5		0.149606		-0.330834
0.5		0.152789		-0.139987
0.5		0.155972		0.0550108
0.5		0.159155		0.232808
0.5		0.162338		0.373755
0.5		0.165521		0.4623
0.5		0.168704		0.488931
0.5		0.171887		0.451403
0.5		0.17507		0.355094
0.5		0.178254		0.212439
0.5		0.181437		0.0414916
0.5		0.18462		-0.13623
0.5		0.187803		-0.298337
0.5		0.190986		-0.424314
0.5		0.194169		-0.498064
0.5		0.197352		-0.509946
0.5		0.200535		-0.458044
0.5		0.203718		-0.348503
0.5		0.206901		-0.19488
0.5		0.210085		-0.0165691
0.5		0.213268		0.163508
0.5		0.216451		0.321682
0.5		0.219634		0.436449
0.5		0.222817		0.491159
0.5		0.226		0.476147
0.5		0.229183		0.39005
0.5		0.232366		0.240117
0.5		0.235549		0.0414769
0.5		0.238732		-0.184561
0.5		0.241916		-0.412988
0.5		0.245099		-0.618055
0.5		0.248282		-0.776363
0.5		0.251465		-0.869699
0.5		0.254648		-0.887278
0.5		0.257831		-0.827111
0.5		0.261014		-0.696306
0.5		0.264197		-0.510281
0.5		0.26738		-0.290949
0.5		0.270563		-0.0641032
0.5		0.273747		0.143695
0.5		0.27693		0.308343
0.5		0.280113		0.411142
0.5		0.283296		0.441103
0.5		0.286479		0.396316
0.5		0.289662		0.284207
0.5		0.292845		0.120641
0.5		0.296028		-0.072035
0.5		0.299211		-0.267762
0.5		0.302394		-0.44004
0.5		0.305577		-0.565275
0.5		0.308761		-0.6258
0.5		0.311944		-0.612181
0.5		0.315127		-0.524514
0.5		0.31831		-0.372533
0.5		0.321493		-0.174501
0.5		0.324676		0.0450042
0.5		0.327859		0.258126
0.5		0.331042		0.437247
0.5		0.334225		0.558534
0.5		0.337408		0.605067
0.5		0.340592		0.569146
0.5		0.343775		0.453479
0.5		0.346958		0.271057
0.5		0.350141		0.0437155
0.5		0.353324		-0.20047
0.5		0.356507		-0.43065
0.5		0.35969		-0.617119
0.5		0.362873		-0.735191
0.5		0.366056		-0.768541
0.5		0.369239		-0.711577
0.5		0.372423		-0.570505
0.5		0.375606		-0.362912
0.5		0.378789		-0.115878
0.5		0.381972		0.137214
0.5		0.385155		0.360787
0.5		0.388338		0.52163
0.5		0.391521		0.593345
0.5		0.394704		0.560109
0.5		0.397887		0.419253
0.5		0.40107		0.182279
0.5		0.404254		-0.125881
0.5		0.407437		-0.469358
0.5		0.41062		-0.805354
0.5		0.413803		-1.08925
0.5		0.416986		-1.28025
0.5		0.420169		-1.34682
0.5		0.423352		-1.27139
0.5		0.426535		-1.05354
0.5		0.429718		-0.71128
0.5		0.432901		-0.280224
0.5		0.436085		0.189505
0.5		0.439268		0.638267
0.5		0.442451		1.00338
0.5		0.445634		1.22637
0.5		0.448817		1.26021
0.5		0.452		1.07572
0.5		0.455183		0.666241
0.5		0.458366		0.0501637
0.5		0.461549		-0.729346
0.5		0.464732		-1.60737
0.5		0.467916		-2.50287
0.5		0.471099		-3.32654
0.5		0.474282		-3.98991
0.5		0.477465		-4.41508
0.5		0.480648		-4.54373
0.5		0.483831		-4.3447
0.5		0.487014		-3.81909
0.5		0.490197		-3.00224
0.5		0.49338		-1.9623
0.5		0.496563		-0.795387
0.5		0.499747		0.38235
0.5		0.50293		1.44507
0.5		0.506113		2.26898
0.5		0.509296		2.74432
0.5		0.512479		2.78657
0.5		0.515662		2.34546
0.5		0.518845		1.41113
0.5		0.522028		0.0165694
0.5		0.525211		-1.76388
0.5		0.528394		-3.81997
0.5		0.531578		-6.01432
0.5		0.534761		-8.19395
0.5		0.537944		-10.2033
0.5		0.541127		-11.8974
0.5		0.54431		-13.1548
0.5		0.547493		-13.8872
0.5		0.550676		-14.0471
0.5		0.553859		-13.6316
0.5		0.557042		-12.6813
0.5		0.560225		-11.2762
0.5		0.563408		-9.52816
0.5		0.566592		-7.57001
0.5		0.569775		-5.54372
0.5		0.572958		-3.58795
0.5		0.576141		-1.82638
0.5		0.579324		-0.35788
0.5		0.582507		0.750538
0.5		0.58569		1.46755
0.5		0.588873		1.7978
0.5		0.592056		1.7788
0.5		0.595239		1.47492
0.5		0.598423		0.969204
0.5		0.601606		0.353898
0.5		0.604789		-0.279244
0.5		0.607972		-0.847945
0.5		0.611155		-1.28679
0.5		0.614338		-1.55235
0.5		0.617521		-1.62569
0.5		0.620704		-1.51213
0.5		0.623887		-1.23847
0.5		0.62707		-0.848174
0.5		0.630254		-0.395064
0.5		0.633437		0.0635583
0.5		0.63662		0.473719
0.5		0.639803		0.790677
0.5		0.642986		0.983376
0.5		0.646169		1.03703
0.5		0.649352		0.95366
0.5		0.652535		0.750722
0.5		0.655718		0.457985
0.5		0.658901		0.113256
0.5		0.662085		-0.242564
0.5		0.665268		-0.570456
0.5		0.668451		-0.837691
0.5		0.671634		-1.02122
0.5		0.674817		-1.10968
0.5		0.678		-1.10386
0.5		0.681183		-1.01572
0.5		0.684366		-0.866055
0.5		0.687549		-0.681287
0.5		0.690732		-0.489729
0.5		0.693916		-0.317867
0.5		0.697099		-0.187091
0.5		0.700282		-0.111253
0.5		0.703465		-0.0953345
0.5		0.706648		-0.135312
0.5		0.709831		-0.219197
0.5		0.713014		-0.329063
0.5		0.716197		-0.443753
0.5		0.71938		-0.541907
0.5		0.722563		-0.604896
0.5		0.725747		-0.619311
0.5		0.72893		-0.578678
0.5		0.732113		-0.484232
0.5		0.735296		-0.344649
0.5		0.738479		-0.174829
0.5		0.741662		0.0061207
0.5		0.744845		0.177398
0.5		0.748028		0.319205
0.5		0.751211		0.415274
0.5		0.754394		0.454908
0.5		0.757578		0.434288
0.5		0.760761		0.356898
0.5		0.763944		0.233024
0.5		0.767127		0.0784133
0.5		0.77031		-0.087729
0.5		0.773493		-0.245141
0.5		0.776676		-0.375001
0.5		0.779859		-0.462204
0.5		0.783042		-0.497142
0.5		0.786225		-0.476782
0.5		0.789409		-0.404909
0.5		0.792592		-0.291528
0.5		0.795775		-0.151518
0.5		0.798958		-0.00270069
0.5		0.802141		0.136402
0.5		0.805324		0.248863
0.5		0.808507		0.321401
0.5		0.81169		0.345937
0.5		0.814873		0.320487
0.5		0.818056		0.249278
0.5		0.82124		0.142104
0.5		0.824423		0.0129972
0.5		0.827606		-0.121584
0.5		0.830789		-0.244844
0.5		0.833972		-0.341727
0.5		0.837155		-0.400747
0.5		0.840338		-0.415337
0.5		0.843521		-0.38456
0.5		0.846704		-0.313116
0.5		0.849887		-0.210644
0.5		0.85307		-0.0904334
0.5		0.856254		0.0323003
0.5		0.859437		0.142338
0.5		0.86262		0.226345
0.5		0.865803		0.274496
0.5		0.868986		0.281621
0.5		0.872169		0.247763
0.5		0.875352		0.178071
0.5		0.878535		0.0820666
0.5		0.881718		-0.0276285
0.5		0.884901		-0.136918
0.5		0.888085		-0.232018
0.5		0.891268		-0.301165
0.5		0.894451		-0.336053
0.5		0.897634		-0.332802
0.5		0.900817		-0.292371
0.5		0.904		-0.220348
0.5		0.907183		-0.126182
0.5		0.910366		-0.0219283
0.5		0.913549		0.0792906
0.5		0.916732		0.164946
0.5		0.919916		0.224656
0.5		0.923099		0.251443
0.5		0.926282		0.242552
0.5		0.929465		0.199726
0.5		0.932648		0.128912
0.5		0.935831		0.0394521
0.5		0.939014		-0.0571364
0.5		0.942197		-0.148637
0.5		0.94538		-0.22367
0.5		0.948563		-0.2731
0.5		0.951747		-0.291147
0.5		0.95493		-0.27605
0.5		0.958113		-0.230228
0.5		0.961296		-0.159912
0.5		0.964479		-0.0743067
0.5		0.967662		0.0156088
0.5		0.970845		0.0984804
0.5		0.974028		0.164008
0.5		0.977211		0.204219
0.5		0.980394		0.214435
0.5		0.983578		0.193807
0.5		0.986761		0.145369
0.5		0.989944		0.0756034
0.5		0.993127		-0.00642394
0.5		0.99631		-0.0902326

0.666667		0		-0.419836
0.666667		0.0031831		-0.406472
0.666667		0.0063662		-0.368251
0.666667		0.0095493		-0.310517
0.666667		0.0127324		-0.24135
0.666667		0.0159155		-0.17044
0.666667		0.0190986		-0.107746
0.666667		0.0222817		-0.062127
0.666667		0.0254648		-0.0401358
0.666667		0.0286479		-0.0451529
0.666667		0.031831		-0.0769804
0.666667		0.0350141		-0.131955
0.666667		0.0381972		-0.203562
0.666667		0.0413803		-0.283469
0.666667		0.0445634		-0.362814
0.666667		0.0477465		-0.433577
0.666667		0.0509296		-0.489812
0.666667		0.0541127		-0.528571
0.666667		0.0572958		-0.550358
0.666667		0.0604789		-0.559046
0.666667		0.063662		-0.561248
0.666667		0.0668451		-0.565219
0.666667		0.0700282		-0.579441
0.666667		0.0732113		-0.611092
0.666667		0.0763944		-0.66462
0.666667		0.0795775		-0.740649
0.666667		0.0827606		-0.835386
0.666667		0.0859437		-0.940664
0.666667		0.0891268		-1.04464
0.666667		0.0923099		-1.13309
0.666667		0.095493		-1.19119
0.666667		0.0986761		-1.20549
0.666667		0.101859		-1.1659
0.666667		0.105042		-1.0674
0.666667		0.108225		-0.911162
0.666667		0.111408		-0.70503
0.666667		0.114592		-0.46309
0.666667		0.117775		-0.204488
0.666667		0.120958		0.048481
0.666667		0.124141		0.272779
0.666667		0.127324		0.447243
0.666667		0.130507		0.555106
0.666667		0.13369		0.58608
0.666667		0.136873		0.537758
0.666667		0.140056		0.416099
0.666667		0.143239		0.234935
0.666667		0.146423		0.0145151
0.666667		0.149606		-0.220751
0.666667		0.152789		-0.445103
0.666667		0.155972		-0.634445
0.666667		0.159155		-0.769208
0.666667		0.162338		-0.836701
0.666667		0.165521		-0.832642
0.666667		0.168704		-0.761664
0.666667		0.171887		-0.636729
0.666667		0.17507		-0.47748
0.666667		0.178254		-0.307755
0.666667		0.181437		-0.152524
0.666667		0.18462		-0.0346594
0.666667		0.187803		0.0280679
0.666667		0.190986		0.0253851
0.666667		0.194169		-0.0440171
0.666667		0.197352		-0.172146
0.666667		0.200535		-0.342561
0.666667		0.203718		-0.532329
0.666667		0.206901		-0.71486
0.666667		0.210085		-0.863262
0.666667		0.213268		-0.953816
0.666667		0.216451		-0.969115
0.666667		0.219634		-0.900473
0.666667		0.222817		-0.74928
0.666667		0.226		-0.52711
0.666667		0.229183		-0.254556
0.666667		0.232366		0.0410902
0.666667		0.235549		0.329029
0.666667		0.238732		0.578628
0.666667		0.241916		0.763116
0.666667		0.245099		0.862829
0.666667		0.248282		0.867587
0.666667		0.251465		0.777884
0.666667		0.254648		0.604733
0.666667		0.257831		0.368155
0.666667		0.261014		0.0945078
0.666667		0.264197		-0.187021
0.666667		0.26738		-0.448306
0.666667		0.270563		-0.666049
0.666667		0.273747		-0.824927
0.666667		0.27693		-0.919674
0.666667		0.280113		-0.95581
0.666667		0.283296		-0.948881
0.666667		0.286479		-0.922277
0.666667		0.289662		-0.903869
0.666667		0.292845		-0.921894
0.666667		0.296028		-1.00061
0.666667		0.299211		-1.1563
0.666667		0.302394		-1.39417
0.666667		0.305577		-1.70661
0.666667		0.308761		-2.0731
0.666667		0.311944		-2.46183
0.666667		0.315127		-2.833
0.666667		0.31831		-3.14329
0.666667		0.321493		-3.35118
0.666667		0.324676		-3.42228
0.666667		0.327859		-3.33415
0.666667		0.331042		-3.07991
0.666667		0.334225		-2.6701
0.666667		0.337408		-2.13255
0.666667		0.340592		-1.51011
0.666667		0.343775		-0.856466
0.666667		0.346958		-0.230501
0.666667		0.350141		0.310276
0.666667		0.353324		0.71634
0.666667		0.356507		0.952077
0.666667		0.35969		1.00027
0.666667		0.362873		0.864522
0.666667		0.366056		0.569287
0.666667		0.369239		0.157383
0.666667		0.372423		-0.314752
0.666667		0.375606		-0.783601
0.666667		0.378789		-1.18613
0.666667		0.381972		-1.46754
0.666667		0.385155		-1.58816
0.666667		0.388338		-1.52876
0.666667		0.391521		-1.29347
0.666667		0.394704		-0.909849
0.666667		0.397887		-0.426133
0.666667		0.40107		0.0942907
0.666667		0.404254		0.580459
0.666667		0.407437		0.962692
0.666667		0.41062		1.18166
0.666667		0.413803		1.1966
0.666667		0.416986		0.991543
0.666667		0.420169		0.578837
0.666667		0.423352		-0.000721622
0.666667		0.426535		-0.681268
0.666667		0.429718		-1.37854
0.666667		0.432901		-1.99926
0.666667		0.436085		-2.45214
0.666667		0.439268		-2.65948
0.666667		0.442451		-2.56791
0.666667		0.445634		-2.15694
0.666667		0.448817		-1.4444
0.666667		0.452		-0.487759
0.666667		0.455183		0.618826
0.666667		0.458366		1.75185
0.666667		0.461549		2.76947
0.666667		0.464732		3.52514
0.666667		0.467916		3.88276
0.666667		0.471099		3.73145
0.666667		0.474282		2.9987
0.666667		0.477465		1.66028
0.666667		0.480648		-0.254257
0.666667		0.483831		-2.66104
0.666667		0.487014		-5.42676
0.666667		0.490197		-8.37842
0.666667		0.49338		-11.3173
0.666667		0.496563		-14.0356
0.666667		0.499747		-16.3349
0.666667		0.50293		-18.0431
0.666667		0.506113		-19.0303
0.666667		0.509296		-19.2205
0.666667		0.512479		-18.5982
0.666667		0.515662		-17.2098
0.666667		0.518845		-15.1599
0.666667		0.522028		-12.6011
0.666667		0.525211		-9.7209
0.666667		0.528394		-6.72497
0.666667		0.531578		-3.81923
0.666667		0.534761		-1.19255
0.666667		0.537944		0.998625
0.666667		0.541127		2.6421
0.666667		0.54431		3.67731
0.666667		0.547493		4.09766
0.666667		0.550676		3.94774
0.666667		0.553859		3.31601
0.666667		0.557042		2.32378
0.666667		0.560225		1.11173
0.666667		0.563408		-0.174522
0.666667		0.566592		-1.39841
0.666667		0.569775		-2.44452
0.666667		0.572958		-3.22781
0.666667		0.576141		-3.6991
0.666667		0.579324		-3.8465
0.666667		0.582507		-3.69305
0.666667		0.58569		-3.29087
0.666667		0.588873		-2.71277
0.666667		0.592056		-2.04245
0.666667		0.595239		-1.36425
0.666667		0.598423		-0.753784
0.666667		0.601606		-0.270338
0.666667		0.604789		0.0483431
0.666667		0.607972		0.18833
0.666667		0.611155		0.158911
0.666667		0.614338		-0.0106485
0.666667		0.617521		-0.276406
0.666667		0.620704		-0.586352
0.666667		0.623887		-0.887459
0.666667		0.62707		-1.13233
0.666667		0.630254		-1.28465
0.666667		0.633437		-1.32296
0.666667		0.63662		-1.24226
0.666667		0.639803		-1.05363
0.666667		0.642986		-0.781726
0.666667		0.646169		-0.460935
0.666667		0.649352		-0.130452
0.666667		0.652535		0.170887
0.666667		0.655718		0.409431
0.666667		0.658901		0.560625
0.666667		0.662085		0.611561
0.666667		0.665268		0.561962
0.666667		0.668451		0.423541
0.666667		0.671634		0.217933
0.666667		0.674817		-0.0264806
0.666667		0.678		-0.278391
0.666667		0.681183		-0.507509
0.666667		0.684366		-0.688157
0.666667		0.687549		-0.802065
0.666667		0.690732		-0.840084
0.666667		0.693916		-0.802662
0.666667		0.697099		-0.699105
0.666667		0.700282		-0.545786
0.666667		0.703465		-0.363617
0.666667		0.706648		-0.175132
0.666667		0.709831		-0.00160258
0.666667		0.713014		0.139449
0.666667		0.716197		0.23604
0.666667		0.71938		0.282632
0.666667		0.722563		0.280087
0.666667		0.725747		0.234751
0.666667		0.72893		0.15686
0.666667		0.732113		0.0585251
0.666667		0.735296		-0.0483671
0.666667		0.738479		-0.154035
0.666667		0.741662		-0.252186
0.666667		0.744845		-0.340727
0.666667		0.748028		-0.421693
0.666667		0.751211		-0.500461
0.666667		0.754394		-0.584358
0.666667		0.757578		-0.680908
0.666667		0.760761		-0.795993
0.666667		0.763944		-0.932209
0.666667		0.767127		-1.08771
0.666667		0.77031		-1.2557
0.666667		0.773493		-1.42469
0.666667		0.776676		-1.57957
0.666667		0.779859		-1.70325
0.666667		0.783042		-1.77881
0.666667		0.786225		-1.7918
0.666667		0.789409		-1.73232
0.666667		0.792592		-1.59682
0.666667		0.795775		-1.38903
0.666667		0.798958		-1.12014
0.666667		0.802141		-0.808066
0.666667		0.805324		-0.475851
0.666667		0.808507		-0.149358
0.666667		0.81169		0.145412
0.666667		0.814873		0.385122
0.666667		0.818056		0.551675
0.666667		0.82124		0.634227
0.666667		0.824423		0.630416
0.666667		0.827606		0.546624
0.666667		0.830789		0.397254
0.666667		0.833972		0.203089
0.666667		0.837155		-0.0110825
0.666667		0.840338		-0.219272
0.666667		0.843521		-0.397225
0.666667		0.846704		-0.525117
0.666667		0.849887		-0.589703
0.666667		0.85307		-0.585666
0.666667		0.856254		-0.51602
0.666667		0.859437		-0.391524
0.666667		0.86262		-0.229195
0.666667		0.865803		-0.0501074
0.666667		0.868986		0.123248
0.666667		0.872169		0.26971
0.666667		0.875352		0.371982
0.666667		0.878535		0.418638
0.666667		0.881718		0.405375
0.666667		0.884901		0.335369
0.666667		0.888085		0.218706
0.666667		0.891268		0.0709884
0.666667		0.894451		-0.0887205
0.666667		0.897634		-0.240324
0.666667		0.900817		-0.365204
0.666667		0.904		-0.44849
0.666667		0.907183		-0.480829
0.666667		0.910366		-0.459422
0.666667		0.913549		-0.388236
0.666667		0.916732		-0.277363
0.666667		0.919916		-0.14163
0.666667		0.923099		0.00135175
0.666667		0.926282		0.133455
0.666667		0.929465		0.238315
0.666667		0.932648		0.303356
0.666667		0.935831		0.321293
0.666667		0.939014		0.290945
0.666667		0.942197		0.217268
0.666667		0.94538		0.11061
0.666667		0.948563		-0.0147017
0.666667		0.951747		-0.142246
0.666667		0.95493		-0.255631
0.666667		0.958113		-0.340578
0.666667		0.961296		-0.386699
0.666667		0.964479		-0.388757
0.666667		0.967662		-0.347255
0.666667		0.970845		-0.268279
0.666667		0.974028		-0.162647
0.666667		0.977211		-0.0444588
0.666667		0.980394		0.0707483
0.666667		0.983578		0.167998
0.666667		0.986761		0.234781
0.666667		0.989944		0.26262
0.666667		0.993127		0.248105
0.666667		0.99631		0.193275

0.833333		0		-2.38393
0.833333		0.0031831		-2.24394
0.833333		0.0063662		-1.8395
0.833333		0.0095493		-1.21568
0.833333		0.0127324		-0.44248
0.833333		0.0159155		0.392184
0.833333		0.0190986		1.19141
0.833333		0.0222817		1.85909
0.833333		0.0254648		2.30969
0.833333		0.0286479		2.47696
0.833333		0.031831		2.32073
0.833333		0.0350141		1.83122
0.833333		0.0381972		1.03027
0.833333		0.0413803		-0.0304631
0.833333		0.0445634		-1.27419
0.833333		0.0477465		-2.60617
0.833333		0.0509296		-3.9225
0.833333		0.0541127		-5.11977
0.833333		0.0572958		-6.10465
0.833333		0.0604789		-6.80237
0.833333		0.063662		-7.16339
0.833333		0.0668451		-7.1676
0.833333		0.0700282		-6.82578
0.833333		0.0732113		-6.17811
0.833333		0.0763944		-5.28999
0.833333		0.0795775		-4.2457
0.833333		0.0827606		-3.14045
0.833333		0.0859437		-2.07169
0.833333		0.0891268		-1.13047
0.833333		0.0923099		-0.393672
0.833333		0.095493		0.082134
0.833333		0.0986761		0.264825
0.833333		0.101859		0.14845
0.833333		0.105042		-0.247449
0.833333		0.108225		-0.880751
0.833333		0.111408		-1.6915
0.833333		0.114592		-2.60796
0.833333		0.117775		-3.5533
0.833333		0.120958		-4.45229
0.833333		0.124141		-5.23737
0.833333		0.127324		-5.85359
0.833333		0.130507		-6.26208
0.833333		0.13369		-6.44176
0.833333		0.136873		-6.38952
0.833333		0.140056		-6.11869
0.833333		0.143239		-5.65646
0.833333		0.146423		-5.04038
0.833333		0.149606		-4.31441
0.833333		0.152789		-3.52506
0.833333		0.155972		-2.71787
0.833333		0.159155		-1.93447
0.833333		0.162338		-1.21052
0.833333		0.165521		-0.574402
0.833333		0.168704		-0.0467776
0.833333		0.171887		0.359313
0.833333		0.17507		0.637854
0.833333		0.178254		0.789045
0.833333		0.181437		0.818447
0.833333		0.18462		0.736223
0.833333		0.187803		0.556531
0.833333		0.190986		0.297094
0.833333		0.194169		-0.0211587
0.833333		0.197352		-0.374462
0.833333		0.200535		-0.736761
0.833333		0.203718		-1.08055
0.833333		0.206901		-1.37809
0.833333		0.210085		-1.60302
0.833333		0.213268		-1.73235
0.833333		0.216451		-1.74858
0.833333		0.219634		-1.64184
0.833333		0.222817		-1.41169
0.833333		0.226		-1.06839
0.833333		0.229183		-0.633215
0.833333		0.232366		-0.137791
0.833333		0.235549		0.37775
0.833333		0.238732		0.867728
0.833333		0.241916		1.28481
0.833333		0.245099		1.5845
0.833333		0.248282		1.72985
0.833333		0.251465		1.69585
0.833333		0.254648		1.4729
0.833333		0.257831		1.06911
0.833333		0.261014		0.510751
0.833333		0.264197		-0.159101
0.833333		0.26738		-0.883901
0.833333		0.270563		-1.5987
0.833333		0.273747		-2.23657
0.833333		0.27693		-2.73569
0.833333		0.280113		-3.0466
0.833333		0.283296		-3.13854
0.833333		0.286479		-3.00442
0.833333		0.289662		-2.66356
0.833333		0.292845		-2.16185
0.833333		0.296028		-1.56911
0.833333		0.299211		-0.973693
0.833333		0.302394		-0.474747
0.833333		0.305577		-0.172774
0.833333		0.308761		-0.159345
0.833333		0.311944		-0.506979
0.833333		0.315127		-1.26025
0.833333		0.31831		-2.42904
0.833333		0.321493		-3.98487
0.833333		0.324676		-5.86059
0.833333		0.327859		-7.95397
0.833333		0.331042		-10.1347
0.833333		0.334225		-12.2545
0.833333		0.337408		-14.1592
0.833333		0.340592		-15.7024
0.833333		0.343775		-16.7579
0.833333		0.346958		-17.2321
0.833333		0.350141		-17.0725
0.833333		0.353324		-16.2734
0.833333		0.356507		-14.8774
0.833333		0.35969		-12.9722
0.833333		0.362873		-10.6837
0.833333		0.366056		-8.1656
0.833333		0.369239		-5.58582
0.833333		0.372423		-3.11258
0.833333		0.375606		-0.899876
0.833333		0.378789		0.925372
0.833333		0.381972		2.27356
0.833333		0.385155		3.09902
0.833333		0.388338		3.40245
0.833333		0.391521		3.22891
0.833333		0.394704		2.66169
0.833333		0.397887		1.81268
0.833333		0.40107		0.810345
0.833333		0.404254		-0.213675
0.833333		0.407437		-1.1377
0.833333		0.41062		-1.86178
0.833333		0.413803		-2.31689
0.833333		0.416986		-2.47057
0.833333		0.420169		-2.32874
0.833333		0.423352		-1.93332
0.833333		0.426535		-1.35624
0.833333		0.429718		-0.690422
0.833333		0.432901		-0.0387217
0.833333		0.436085		0.497841
0.833333		0.439268		0.831441
0.833333		0.442451		0.897131
0.833333		0.445634		0.65989
0.833333		0.448817		0.118336
0.833333		0.452		-0.695216
0.833333		0.455183		-1.71829
0.833333		0.458366		-2.86492
0.833333		0.461549		-4.03474
0.833333		0.464732		-5.12337
0.833333		0.467916		-6.03316
0.833333		0.471099		-6.68292
0.833333		0.474282		-7.01592
0.833333		0.477465		-7.00506
0.833333		0.480648		-6.65499
0.833333		0.483831		-6.00088
0.833333		0.487014		-5.10414
0.833333		0.490197		-4.04558
0.833333		0.49338		-2.91681
0.833333		0.496563		-1.81088
0.833333		0.499747		-0.813073
0.833333		0.50293		0.00706622
0.833333		0.506113		0.601804
0.833333		0.509296		0.948709
0.833333		0.512479		1.05137
0.833333		0.515662		0.937326
0.833333		0.518845		0.653614
0.833333		0.522028		0.26042
0.833333		0.525211		-0.1763
0.833333		0.528394		-0.592449
0.833333		0.531578		-0.932792
0.833333		0.534761		-1.1566
0.833333		0.537944		-1.24136
0.833333		0.541127		-1.18426
0.833333		0.54431		-1.00136
0.833333		0.547493		-0.724603
0.833333		0.550676		-0.397189
0.833333		0.553859		-0.0678431
0.833333		0.557042		0.215327
0.833333		0.560225		0.410633
0.833333		0.563408		0.487645
0.833333		0.566592		0.430545
0.833333		0.569775		0.23966
0.833333		0.572958		-0.068913
0.833333		0.576141		-0.465497
0.833333		0.579324		-0.910507
0.833333		0.582507		-1.35913
0.833333		0.58569		-1.76648
0.833333		0.588873		-2.09251
0.833333		0.592056		-2.30634
0.833333		0.595239		-2.38926
0.833333		0.598423		-2.3364
0.833333		0.601606		-2.1567
0.833333		0.604789		-1.87138
0.833333		0.607972		-1.51115
0.833333		0.611155		-1.11246
0.833333		0.614338		-0.713294
0.833333		0.617521		-0.349049
0.833333		0.620704		-0.0488978
0.833333		0.623887		0.166939
0.833333		0.62707		0.288756
0.833333		0.630254		0.317635
0.833333		0.633437		0.264478
0.833333		0.63662		0.14797
0.833333		0.639803		-0.00821649
0.833333		0.642986		-0.178616
0.833333		0.646169		-0.339149
0.833333		0.649352		-0.469916
0.833333		0.652535		-0.557281
0.833333		0.655718		-0.595051
0.833333		0.658901		-0.584639
0.833333		0.662085		-0.534265
0.833333		0.665268		-0.45734
0.833333		0.668451		-0.370277
0.833333		0.671634		-0.29005
0.833333		0.674817		-0.231807
0.833333		0.678		-0.206851
0.833333		0.681183		-0.221222
0.833333		0.684366		-0.275047
0.833333		0.687549		-0.3627
0.833333		0.690732		-0.473721
0.833333		0.693916		-0.594358
0.833333		0.697099		-0.70949
0.833333		0.700282		-0.804687
0.833333		0.703465		-0.86813
0.833333		0.706648		-0.892144
0.833333		0.709831		-0.874156
0.833333		0.713014		-0.816983
0.833333		0.716197		-0.728412
0.833333		0.71938		-0.620149
0.833333		0.722563		-0.506299
0.833333		0.725747		-0.401564
0.833333		0.72893		-0.319396
0.833333		0.732113		-0.270357
0.833333		0.735296		-0.260856
0.833333		0.738479		-0.292446
0.833333		0.741662		-0.361723
0.833333		0.744845		-0.460846
0.833333		0.748028		-0.578583
0.833333		0.751211		-0.701741
0.833333		0.754394		-0.816791
0.833333		0.757578		-0.911476
0.833333		0.760761		-0.976207
0.833333		0.763944		-1.00507
0.833333		0.767127		-0.996367
0.833333		0.77031		-0.952553
0.833333		0.773493		-0.879738
0.833333		0.776676		-0.786699
0.833333		0.779859		-0.683632
0.833333		0.783042		-0.580784
0.833333		0.786225		-0.487154
0.833333		0.789409		-0.409423
0.833333		0.792592		-0.351259
0.833333		0.795775		-0.313053
0.833333		0.798958		-0.292124
0.833333		0.802141		-0.283342
0.833333		0.805324		-0.280055
0.833333		0.808507		-0.275217
0.833333		0.81169		-0.262517
0.833333		0.814873		-0.23738
0.833333		0.818056		-0.197698
0.833333		0.82124		-0.144179
0.833333		0.824423		-0.0802902
0.833333		0.827606		-0.0117942
0.833333		0.830789		0.0540492
0.833333		0.833972		0.109507
0.833333		0.837155		0.147482
0.833333		0.840338		0.162547
0.833333		0.843521		0.151775
0.833333		0.846704		0.115239
0.833333		0.849887		0.0561224
0.833333		0.85307		-0.0195855
0.833333		0.856254		-0.103771
0.833333		0.859437		-0.187161
0.833333		0.86262		-0.260458
0.833333		0.865803		-0.315488
0.833333		0.868986		-0.34622
0.833333		0.872169		-0.349525
0.833333		0.875352		-0.32557
0.833333		0.878535		-0.277807
0.833333		0.881718		-0.212545
0.833333		0.884901		-0.138171
0.833333		0.888085		-0.0641127
0.833333		0.891268		0.000325404
0.833333		0.894451		0.0471
0.833333		0.897634		0.0704051
0.833333		0.900817		0.0673591
0.833333		0.904		0.0383204
0.833333		0.907183		-0.013204
0.833333		0.910366		-0.0810427
0.833333		0.913549		-0.15717
0.833333		0.916732		-0.232738
0.833333		0.919916		-0.29919
0.833333		0.923099		-0.349326
0.833333		0.926282		-0.378171
0.833333		0.929465		-0.383544
0.833333		0.932648		-0.366263
0.833333		0.935831		-0.329955
0.833333		0.939014		-0.280515
0.833333		0.942197		-0.22527
0.833333		0.94538		-0.171983
0.833333		0.948563		-0.127804
0.833333		0.951747		-0.0983277
0.833333		0.95493		-0.0868676
0.833333		0.958113		-0.0940423
0.833333		0.961296		-0.117727
0.833333		0.964479		-0.153375
0.833333		0.967662		-0.194658
0.833333		0.970845		-0.234349
0.833333		0.974028		-0.265324
0.833333		0.977211		-0.281549
0.833333		0.980394		-0.278927
0.833333		0.983578		-0.255884
0.833333		0.986761		-0.213631
0.833333		0.989944		-0.156048
0.833333		0.993127		-0.0892212
0.833333		0.99631		-0.0206781

1		0		-1.98766
1		0.0031831		-1.84347
1		0.0063662		-1.43335
1		0.0095493		-0.821469
1		0.0127324		-0.104597
1		0.0159155		0.601741
1		0.0190986		1.17999
1		0.0222817		1.52791
1		0.0254648		1.5742
1		0.0286479		1.29016
1		0.031831		0.695798
1		0.0350141		-0.140798
1		0.0381972		-1.11082
1		0.0413803		-2.07824
1		0.0445634		-2.89783
1		0.0477465		-3.43564
1		0.0509296		-3.58928
1		0.0541127		-3.30539
1		0.0572958		-2.59195
1		0.0604789		-1.52351
1		0.063662		-0.238389
1		0.0668451		1.07242
1		0.0700282		2.18365
1		0.0732113		2.85967
1		0.0763944		2.88146
1		0.0795775		2.07364
1		0.0827606		0.32837
1		0.0859437		-2.3767
1		0.0891268		-5.9687
1		0.0923099		-10.2796
1		0.095493		-15.0564
1		0.0986761		-19.9807
1		0.101859		-24.6962
1		0.105042		-28.8412
1		0.108225		-32.0825
1		0.111408		-34.1482
1		0.114592		-34.8548
1		0.117775		-34.1267
1		0.120958		-32.0046
1		0.124141		-28.6437
1		0.127324		-24.3001
1		0.130507		-19.307
1		0.13369		-14.0438
1		0.136873		-8.90122
1		0.140056		-4.24414
1		0.143239		-0.378923
1		0.146423		2.47398
1		0.149606		4.19807
1		0.152789		4.78823
1		0.155972		4.34676
1		0.159155		3.06868
1		0.162338		1.21796
1		0.165521		-0.902562
1		0.168704		-2.98449
1		0.171887		-4.74663
1		0.17507		-5.96383
1		0.178254		-6.48901
1		0.181437		-6.26597
1		0.18462		-5.33206
1		0.187803		-3.8104
1		0.190986		-1.89302
1		0.194169		0.183344
1		0.197352		2.16575
1		0.200535		3.81476
1		0.203718		4.93202
1		0.206901		5.38271
1		0.210085		5.11053
1		0.213268		4.14354
1		0.216451		2.59056
1		0.219634		0.628427
1		0.222817		-1.51819
1		0.226		-3.60221
1		0.229183		-5.38201
1		0.232366		-6.64847
1		0.235549		-7.24858
1		0.238732		-7.10284
1		0.241916		-6.21471
1		0.245099		-4.67131
1		0.248282		-2.63511
1		0.251465		-0.327865
1		0.254648		1.99174
1		0.257831		4.05408
1		0.261014		5.60576
1		0.264197		6.43498
1		0.26738		6.39269
1		0.270563		5.40742
1		0.273747		3.49246
1		0.27693		0.744848
1		0.280113		-2.66357
1		0.283296		-6.50197
1		0.286479		-10.5014
1		0.289662		-14.3789
1		0.292845		-17.8619
1		0.296028		-20.7109
1		0.299211		-22.7389
1		0.302394		-23.8252
1		0.305577		-23.9223
1		0.308761		-23.0568
1		0.311944		-21.3239
1		0.315127		-18.8758
1		0.31831		-15.9065
1		0.321493		-12.6338
1		0.324676		-9.28077
1		0.327859		-6.05818
1		0.331042		-3.14909
1		0.334225		-0.697311
1		0.337408		1.20006
1		0.340592		2.49556
1		0.343775		3.19006
1		0.346958		3.32764
1		0.350141		2.98768
1		0.353324		2.275
1		0.356507		1.30911
1		0.35969		0.21369
1		0.362873		-0.893121
1		0.366056		-1.90673
1		0.369239		-2.74221
1		0.372423		-3.33819
1		0.375606		-3.65872
1		0.378789		-3.69319
1		0.381972		-3.45461
1		0.385155		-2.97665
1		0.388338		-2.30979
1		0.391521		-1.51691
1		0.394704		-0.668481
1		0.397887		0.162174
1		0.40107		0.90362
1		0.404254		1.49075
1		0.407437		1.86883
1		0.41062		1.99704
1		0.413803		1.85127
1		0.416986		1.42606
1		0.420169		0.735512
1		0.423352		-0.187015
1		0.426535		-1.29051
1		0.429718		-2.50925
1		0.432901		-3.76694
1		0.436085		-4.98196
1		0.439268		-6.07325
1		0.442451		-6.9665
1		0.445634		-7.60013
1		0.448817		-7.93039
1		0.452		-7.93529
1		0.455183		-7.61671
1		0.458366		-7.0005
1		0.461549		-6.13454
1		0.464732		-5.0847
1		0.467916		-3.92917
1		0.471099		-2.75158
1		0.474282		-1.63361
1		0.477465		-0.64781
1		0.480648		0.14865
1		0.483831		0.718658
1		0.487014		1.04773
1		0.490197		1.14423
1		0.49338		1.03722
1		0.496563		0.772154
1		0.499747		0.404905
1		0.50293		-0.00519033
1		0.506113		-0.402496
1		0.509296		-0.741623
1		0.512479		-0.992613
1		0.515662		-1.14414
1		0.518845		-1.20436
1		0.522028		-1.19933
1		0.525211		-1.16913
1		0.528394		-1.16215
1		0.531578		-1.22826
1		0.534761		-1.41161
1		0.537944		-1.74395
1		0.541127		-2.23938
1		0.54431		-2.89097
1		0.547493		-3.66996
1		0.550676		-4.52754
1		0.553859		-5.39909
1		0.557042		-6.21049
1		0.560225		-6.88579
1		0.563408		-7.3554
1		0.566592		-7.56391
1		0.569775		-7.47652
1		0.572958		-7.08362
1		0.576141		-6.40258
1		0.579324		-5.47684
1		0.582507		-4.37224
1		0.58569		-3.17087
1		0.588873		-1.96324
1		0.592056		-0.839522
1		0.595239		0.119227
1		0.598423		0.848849
1		0.601606		1.3081
1		0.604789		1.48221
1		0.607972		1.38372
1		0.611155		1.05042
1		0.614338		0.540699
1		0.617521		-0.0731066
1		0.620704		-0.712743
1		0.623887		-1.30244
1		0.62707		-1.77683
1		0.630254		-2.08753
1		0.633437		-2.20774
1		0.63662		-2.13426
1		0.639803		-1.88701
1		0.642986		-1.5059
1		0.646169		-1.04572
1		0.649352		-0.569463
1		0.652535		-0.140921
1		0.655718		0.182528
1		0.658901		0.35628
1		0.662085		0.35324
1		0.665268		0.166511
1		0.668451		-0.190238
1		0.671634		-0.68467
1		0.674817		-1.26968
1		0.678		-1.8888
1		0.681183		-2.48245
1		0.684366		-2.9944
1		0.687549		-3.37752
1		0.690732		-3.59854
1		0.693916		-3.641
1		0.697099		-3.50635
1		0.700282		-3.21309
1		0.703465		-2.79411
1		0.706648		-2.29265
1		0.709831		-1.7573
1		0.713014		-1.23676
1		0.716197		-0.774779
1		0.71938		-0.40602
1		0.722563		-0.153051
1		0.725747		-0.024875
1		0.72893		-0.0170094
1		0.732113		-0.113014
1		0.735296		-0.287218
1		0.738479		-0.508254
1		0.741662		-0.742954
1		0.744845		-0.960136
1		0.748028		-1.13386
1		0.751211		-1.24585
1		0.754394		-1.28678
1		0.757578		-1.2565
1		0.760761		-1.16313
1		0.763944		-1.02131
1		0.767127		-0.849811
1		0.77031		-0.668924
1		0.773493		-0.497879
1		0.776676		-0.352676
1		0.779859		-0.244503
1		0.783042		-0.178919
1		0.786225		-0.15581
1		0.789409		-0.170072
1		0.792592		-0.212842
1		0.795775		-0.273091
1		0.798958		-0.339309
1		0.802141		-0.401073
1		0.805324		-0.450278
1		0.808507		-0.481905
1		0.81169		-0.494266
1		0.814873		-0.488737
1		0.818056		-0.469069
1		0.82124		-0.440428
1		0.824423		-0.408331
1		0.827606		-0.377649
1		0.830789		-0.351848
1		0.833972		-0.332564
1		0.837155		-0.319566
1		0.840338		-0.311094
1		0.843521		-0.304504
1		0.846704		-0.297084
1		0.849887		-0.286903
1		0.85307		-0.273538
1		0.856254		-0.25853
1		0.859437		-0.245493
1		0.86262		-0.23982
1		0.865803		-0.24802
1		0.868986		-0.276751
1		0.872169		-0.331702
1		0.875352		-0.416465
1		0.878535		-0.531586
1		0.881718		-0.673932
1		0.884901		-0.83651
1		0.888085		-1.00879
1		0.891268		-1.17751
1		0.894451		-1.32794
1		0.897634		-1.44541
1		0.900817		-1.51696
1		0.904		-1.53287
1		0.907183		-1.48801
1		0.910366		-1.38258
1		0.913549		-1.22242
1		0.916732		-1.01856
1		0.919916		-0.786336
1		0.923099		-0.543824
1		0.926282		-0.310068
1		0.929465		-0.103109
1		0.932648		0.0618772
1		0.935831		0.174141
1		0.939014		0.228431
1		0.942197		0.225454
1		0.94538		0.171666
1		0.948563		0.078426
1		0.951747		-0.0393884
1		0.95493		-0.165138
1		0.958113		-0.282344
1		0.961296		-0.376544
1		0.964479		-0.436876
1		0.967662		-0.45719
1		0.970845		-0.436588
1		0.974028		-0.37932
1		0.977211		-0.294075
1		0.980394		-0.192754
1		0.983578		-0.0888983
1		0.986761		0.00404245
1		0.989944		0.0743804
1		0.993127		0.113596
1		0.99631		0.11732

