0			0			-0.0287875
1			0			0.0143937
2			0			0.0143937
3			0			-0.0287875
4			0			0.0143937
5			0			0.0143937

0			0.05			-0.0286709
1			0.05			0.0143354
2			0.05			0.0143354
3			0.05			-0.0286709
4			0.05			0.0143354
5			0.05			0.0143354

0			0.1			-0.028322
1			0.1			0.014161
2			0.1			0.014161
3			0.1			-0.028322
4			0.1			0.014161
5			0.1			0.014161

0			0.15			-0.0277436
1			0.15			0.0138718
2			0.15			0.0138718
3			0.15			-0.0277436
4			0.15			0.0138718
5			0.15			0.0138718

0			0.2			-0.0269404
1			0.2			0.0134702
2			0.2			0.0134702
3			0.2			-0.0269404
4			0.2			0.0134702
5			0.2			0.0134702

0			0.25			-0.025919
1			0.25			0.0129595
2			0.25			0.0129595
3			0.25			-0.025919
4			0.25			0.0129595
5			0.25			0.0129595

0			0.3			-0.0246877
1			0.3			0.0123438
2			0.3			0.0123438
3			0.3			-0.0246877
4			0.3			0.0123438
5			0.3			0.0123438

0			0.35			-0.0232564
1			0.35			0.0116282
2			0.35			0.0116282
3			0.35			-0.0232564
4			0.35			0.0116282
5			0.35			0.0116282

0			0.4			-0.0216368
1			0.4			0.0108184
2			0.4			0.0108184
3			0.4			-0.0216368
4			0.4			0.0108184
5			0.4			0.0108184

0			0.45			-0.0198419
1			0.45			0.00992097
2			0.45			0.00992097
3			0.45			-0.0198419
4			0.45			0.00992097
5			0.45			0.00992097

0			0.5			-0.0178865
1			0.5			0.00894325
2			0.5			0.00894325
3			0.5			-0.0178865
4			0.5			0.00894325
5			0.5			0.00894325

0			0.55			-0.0157863
1			0.55			0.00789316
2			0.55			0.00789316
3			0.55			-0.0157863
4			0.55			0.00789316
5			0.55			0.00789316

0			0.6			-0.0135585
1			0.6			0.00677923
2			0.6			0.00677923
3			0.6			-0.0135585
4			0.6			0.00677923
5			0.6			0.00677923

0			0.65			-0.011221
1			0.65			0.0056105
2			0.65			0.0056105
3			0.65			-0.011221
4			0.65			0.0056105
5			0.65			0.0056105

0			0.7			-0.0087929
1			0.7			0.00439645
2			0.7			0.00439645
3			0.7			-0.0087929
4			0.7			0.00439645
5			0.7			0.00439645

0			0.75			-0.00629391
1			0.75			0.00314695
2			0.75			0.00314695
3			0.75			-0.00629391
4			0.75			0.00314695
5			0.75			0.00314695

0			0.8			-0.00374428
1			0.8			0.00187214
2			0.8			0.00187214
3			0.8			-0.00374428
4			0.8			0.00187214
5			0.8			0.00187214

0			0.85			-0.00116474
1			0.85			0.000582368
2			0.85			0.000582368
3			0.85			-0.00116474
4			0.85			0.000582368
5			0.85			0.000582368

0			0.9			0.00142379
1			0.9			-0.000711897
2			0.9			-0.000711897
3			0.9			0.00142379
4			0.9			-0.000711897
5			0.9			-0.000711897

0			0.95			0.00400029
1			0.95			-0.00200015
2			0.95			-0.00200015
3			0.95			0.00400029
4			0.95			-0.00200015
5			0.95			-0.00200015

0			1			0.00654384
1			1			-0.00327192
2			1			-0.00327192
3			1			0.00654384
4			1			-0.00327192
5			1			-0.00327192

0			1.05			0.0090338
1			1.05			-0.0045169
2			1.05			-0.0045169
3			1.05			0.0090338
4			1.05			-0.0045169
5			1.05			-0.0045169

0			1.1			0.0114499
1			1.1			-0.00572497
2			1.1			-0.00572497
3			1.1			0.0114499
4			1.1			-0.00572497
5			1.1			-0.00572497

0			1.15			0.0137727
1			1.15			-0.00688634
2			1.15			-0.00688634
3			1.15			0.0137727
4			1.15			-0.00688634
5			1.15			-0.00688634

0			1.2			0.0159831
1			1.2			-0.00799157
2			1.2			-0.00799157
3			1.2			0.0159831
4			1.2			-0.00799157
5			1.2			-0.00799157

0			1.25			0.0180634
1			1.25			-0.00903169
2			1.25			-0.00903169
3			1.25			0.0180634
4			1.25			-0.00903169
5			1.25			-0.00903169

0			1.3			0.0199965
1			1.3			-0.00999825
2			1.3			-0.00999825
3			1.3			0.0199965
4			1.3			-0.00999825
5			1.3			-0.00999825

0			1.35			0.0217669
1			1.35			-0.0108834
2			1.35			-0.0108834
3			1.35			0.0217669
4			1.35			-0.0108834
5			1.35			-0.0108834

0			1.4			0.02336
1			1.4			-0.01168
2			1.4			-0.01168
3			1.4			0.02336
4			1.4			-0.01168
5			1.4			-0.01168

0			1.45			0.0247631
1			1.45			-0.0123816
2			1.45			-0.0123816
3			1.45			0.0247631
4			1.45			-0.0123816
5			1.45			-0.0123816

0			1.5			0.0259648
1			1.5			-0.0129824
2			1.5			-0.0129824
3			1.5			0.0259648
4			1.5			-0.0129824
5			1.5			-0.0129824

0			1.55			0.0269552
1			1.55			-0.0134776
2			1.55			-0.0134776
3			1.55			0.0269552
4			1.55			-0.0134776
5			1.55			-0.0134776

0			1.6			0.0277263
1			1.6			-0.0138632
2			1.6			-0.0138632
3			1.6			0.0277263
4			1.6			-0.0138632
5			1.6			-0.0138632

0			1.65			0.028272
1			1.65			-0.014136
2			1.65			-0.014136
3			1.65			0.028272
4			1.65			-0.014136
5			1.65			-0.014136

0			1.7			0.0285877
1			1.7			-0.0142939
2			1.7			-0.0142939
3			1.7			0.0285877
4			1.7			-0.0142939
5			1.7			-0.0142939

0			1.75			0.028671
1			1.75			-0.0143355
2			1.75			-0.0143355
3			1.75			0.028671
4			1.75			-0.0143355
5			1.75			-0.0143355

0			1.8			0.0285211
1			1.8			-0.0142605
2			1.8			-0.0142605
3			1.8			0.0285211
4			1.8			-0.0142605
5			1.8			-0.0142605

0			1.85			0.0281393
1			1.85			-0.0140696
2			1.85			-0.0140696
3			1.85			0.0281393
4			1.85			-0.0140696
5			1.85			-0.0140696

0			1.9			0.0275287
1			1.9			-0.0137643
2			1.9			-0.0137643
3			1.9			0.0275287
4			1.9			-0.0137643
5			1.9			-0.0137643

0			1.95			0.0266942
1			1.95			-0.0133471
2			1.95			-0.0133471
3			1.95			0.0266942
4			1.95			-0.0133471
5			1.95			-0.0133471

0			2			0.0256427
1			2			-0.0128214
2			2			-0.0128214
3			2			0.0256427
4			2			-0.0128214
5			2			-0.0128214

0			2.05			0.0243827
1			2.05			-0.0121914
2			2.05			-0.0121914
3			2.05			0.0243827
4			2.05			-0.0121914
5			2.05			-0.0121914

0			2.1			0.0229245
1			2.1			-0.0114622
2			2.1			-0.0114622
3			2.1			0.0229245
4			2.1			-0.0114622
5			2.1			-0.0114622

0			2.15			0.0212798
1			2.15			-0.0106399
2			2.15			-0.0106399
3			2.15			0.0212798
4			2.15			-0.0106399
5			2.15			-0.0106399

0			2.2			0.0194621
1			2.2			-0.00973107
2			2.2			-0.00973107
3			2.2			0.0194621
4			2.2			-0.00973107
5			2.2			-0.00973107

0			2.25			0.0174862
1			2.25			-0.0087431
2			2.25			-0.0087431
3			2.25			0.0174862
4			2.25			-0.0087431
5			2.25			-0.0087431

0			2.3			0.015368
1			2.3			-0.00768402
2			2.3			-0.00768402
3			2.3			0.015368
4			2.3			-0.00768402
5			2.3			-0.00768402

0			2.35			0.0131249
1			2.35			-0.00656244
2			2.35			-0.00656244
3			2.35			0.0131249
4			2.35			-0.00656244
5			2.35			-0.00656244

0			2.4			0.010775
1			2.4			-0.00538748
2			2.4			-0.00538748
3			2.4			0.010775
4			2.4			-0.00538748
5			2.4			-0.00538748

0			2.45			0.00833737
1			2.45			-0.00416868
2			2.45			-0.00416868
3			2.45			0.00833737
4			2.45			-0.00416868
5			2.45			-0.00416868

0			2.5			0.00583191
1			2.5			-0.00291595
2			2.5			-0.00291595
3			2.5			0.00583191
4			2.5			-0.00291595
5			2.5			-0.00291595

0			2.55			0.00327894
1			2.55			-0.00163947
2			2.55			-0.00163947
3			2.55			0.00327894
4			2.55			-0.00163947
5			2.55			-0.00163947

0			2.6			0.000699198
1			2.6			-0.000349599
2			2.6			-0.000349599
3			2.6			0.000699198
4			2.6			-0.000349599
5			2.6			-0.000349599

0			2.65			-0.00188635
1			2.65			0.000943173
2			2.65			0.000943173
3			2.65			-0.00188635
4			2.65			0.000943173
5			2.65			0.000943173

0			2.7			-0.00445669
1			2.7			0.00222834
2			2.7			0.00222834
3			2.7			-0.00445669
4			2.7			0.00222834
5			2.7			0.00222834

0			2.75			-0.00699094
1			2.75			0.00349547
2			2.75			0.00349547
3			2.75			-0.00699094
4			2.75			0.00349547
5			2.75			0.00349547

0			2.8			-0.00946853
1			2.8			0.00473426
2			2.8			0.00473426
3			2.8			-0.00946853
4			2.8			0.00473426
5			2.8			0.00473426

0			2.85			-0.0118693
1			2.85			0.00593465
2			2.85			0.00593465
3			2.85			-0.0118693
4			2.85			0.00593465
5			2.85			0.00593465

0			2.9			-0.0141738
1			2.9			0.00708688
2			2.9			0.00708688
3			2.9			-0.0141738
4			2.9			0.00708688
5			2.9			0.00708688

0			2.95			-0.0163632
1			2.95			0.00818159
2			2.95			0.00818159
3			2.95			-0.0163632
4			2.95			0.00818159
5			2.95			0.00818159

0			3			-0.0184198
1			3			0.00920989
2			3			0.00920989
3			3			-0.0184198
4			3			0.00920989
5			3			0.00920989

0			3.05			-0.0203268
1			3.05			0.0101634
2			3.05			0.0101634
3			3.05			-0.0203268
4			3.05			0.0101634
5			3.05			0.0101634

0			3.1			-0.0220688
1			3.1			0.0110344
2			3.1			0.0110344
3			3.1			-0.0220688
4			3.1			0.0110344
5			3.1			0.0110344

0			3.15			-0.0236316
1			3.15			0.0118158
2			3.15			0.0118158
3			3.15			-0.0236316
4			3.15			0.0118158
5			3.15			0.0118158

0			3.2			-0.0250026
1			3.2			0.0125013
2			3.2			0.0125013
3			3.2			-0.0250026
4			3.2			0.0125013
5			3.2			0.0125013

0			3.25			-0.0261704
1			3.25			0.0130852
2			3.25			0.0130852
3			3.25			-0.0261704
4			3.25			0.0130852
5			3.25			0.0130852

0			3.3			-0.0271258
1			3.3			0.0135629
2			3.3			0.0135629
3			3.3			-0.0271258
4			3.3			0.0135629
5			3.3			0.0135629

0			3.35			-0.0278608
1			3.35			0.0139304
2			3.35			0.0139304
3			3.35			-0.0278608
4			3.35			0.0139304
5			3.35			0.0139304

0			3.4			-0.0283695
1			3.4			0.0141848
2			3.4			0.0141848
3			3.4			-0.0283695
4			3.4			0.0141848
5			3.4			0.0141848

0			3.45			-0.0286478
1			3.45			0.0143239
2			3.45			0.0143239
3			3.45			-0.0286478
4			3.45			0.0143239
5			3.45			0.0143239

0			3.5			-0.0286935
1			3.5			0.0143467
2			3.5			0.0143467
3			3.5			-0.0286935
4			3.5			0.0143467
5			3.5			0.0143467

0			3.55			-0.028506
1			3.55			0.014253
2			3.55			0.014253
3			3.55			-0.028506
4			3.55			0.014253
5			3.55			0.014253

0			3.6			-0.0280869
1			3.6			0.0140435
2			3.6			0.0140435
3			3.6			-0.0280869
4			3.6			0.0140435
5			3.6			0.0140435

0			3.65			-0.0274397
1			3.65			0.0137199
2			3.65			0.0137199
3			3.65			-0.0274397
4			3.65			0.0137199
5			3.65			0.0137199

0			3.7			-0.0265695
1			3.7			0.0132848
2			3.7			0.0132848
3			3.7			-0.0265695
4			3.7			0.0132848
5			3.7			0.0132848

0			3.75			-0.0254835
1			3.75			0.0127417
2			3.75			0.0127417
3			3.75			-0.0254835
4			3.75			0.0127417
5			3.75			0.0127417

0			3.8			-0.0241904
1			3.8			0.0120952
2			3.8			0.0120952
3			3.8			-0.0241904
4			3.8			0.0120952
5			3.8			0.0120952

0			3.85			-0.0227007
1			3.85			0.0113503
2			3.85			0.0113503
3			3.85			-0.0227007
4			3.85			0.0113503
5			3.85			0.0113503

0			3.9			-0.0210264
1			3.9			0.0105132
2			3.9			0.0105132
3			3.9			-0.0210264
4			3.9			0.0105132
5			3.9			0.0105132

0			3.95			-0.0191813
1			3.95			0.00959066
2			3.95			0.00959066
3			3.95			-0.0191813
4			3.95			0.00959066
5			3.95			0.00959066

0			4			-0.0171802
1			4			0.00859012
2			4			0.00859012
3			4			-0.0171802
4			4			0.00859012
5			4			0.00859012

0			4.05			-0.0150395
1			4.05			0.00751973
2			4.05			0.00751973
3			4.05			-0.0150395
4			4.05			0.00751973
5			4.05			0.00751973

0			4.1			-0.0127763
1			4.1			0.00638817
2			4.1			0.00638817
3			4.1			-0.0127763
4			4.1			0.00638817
5			4.1			0.00638817

0			4.15			-0.0104093
1			4.15			0.00520463
2			4.15			0.00520463
3			4.15			-0.0104093
4			4.15			0.00520463
5			4.15			0.00520463

0			4.2			-0.00795742
1			4.2			0.00397871
2			4.2			0.00397871
3			4.2			-0.00795742
4			4.2			0.00397871
5			4.2			0.00397871

0			4.25			-0.00544071
1			4.25			0.00272036
2			4.25			0.00272036
3			4.25			-0.00544071
4			4.25			0.00272036
5			4.25			0.00272036

0			4.3			-0.00287957
1			4.3			0.00143978
2			4.3			0.00143978
3			4.3			-0.00287957
4			4.3			0.00143978
5			4.3			0.00143978

0			4.35			-0.000294776
1			4.35			0.000147388
2			4.35			0.000147388
3			4.35			-0.000294776
4			4.35			0.000147388
5			4.35			0.000147388

0			4.4			0.00229269
1			4.4			-0.00114634
2			4.4			-0.00114634
3			4.4			0.00229269
4			4.4			-0.00114634
5			4.4			-0.00114634

0			4.45			0.00486183
1			4.45			-0.00243091
2			4.45			-0.00243091
3			4.45			0.00486183
4			4.45			-0.00243091
5			4.45			-0.00243091

0			4.5			0.00739179
1			4.5			-0.00369589
2			4.5			-0.00369589
3			4.5			0.00739179
4			4.5			-0.00369589
5			4.5			-0.00369589

0			4.55			0.00986204
1			4.55			-0.00493102
2			4.55			-0.00493102
3			4.55			0.00986204
4			4.55			-0.00493102
5			4.55			-0.00493102

0			4.6			0.0122525
1			4.6			-0.00612627
2			4.6			-0.00612627
3			4.6			0.0122525
4			4.6			-0.00612627
5			4.6			-0.00612627

0			4.65			0.0145439
1			4.65			-0.00727193
2			4.65			-0.00727193
3			4.65			0.0145439
4			4.65			-0.00727193
5			4.65			-0.00727193

0			4.7			0.0167174
1			4.7			-0.00835872
2			4.7			-0.00835872
3			4.7			0.0167174
4			4.7			-0.00835872
5			4.7			-0.00835872

0			4.75			0.0187556
1			4.75			-0.00937782
2			4.75			-0.00937782
3			4.75			0.0187556
4			4.75			-0.00937782
5			4.75			-0.00937782

0			4.8			0.0206419
1			4.8			-0.0103209
2			4.8			-0.0103209
3			4.8			0.0206419
4			4.8			-0.0103209
5			4.8			-0.0103209

0			4.85			0.0223609
1			4.85			-0.0111804
2			4.85			-0.0111804
3			4.85			0.0223609
4			4.85			-0.0111804
5			4.85			-0.0111804

0			4.9			0.0238987
1			4.9			-0.0119494
2			4.9			-0.0119494
3			4.9			0.0238987
4			4.9			-0.0119494
5			4.9			-0.0119494

0			4.95			0.0252429
1			4.95			-0.0126214
2			4.95			-0.0126214
3			4.95			0.0252429
4			4.95			-0.0126214
5			4.95			-0.0126214

0			5			0.0263825
1			5			-0.0131912
2			5			-0.0131912
3			5			0.0263825
4			5			-0.0131912
5			5			-0.0131912

0			5.05			0.0273083
1			5.05			-0.0136541
2			5.05			-0.0136541
3			5.05			0.0273083
4			5.05			-0.0136541
5			5.05			-0.0136541

0			5.1			0.0280127
1			5.1			-0.0140064
2			5.1			-0.0140064
3			5.1			0.0280127
4			5.1			-0.0140064
5			5.1			-0.0140064

0			5.15			0.0284901
1			5.15			-0.0142451
2			5.15			-0.0142451
3			5.15			0.0284901
4			5.15			-0.0142451
5			5.15			-0.0142451

0			5.2			0.0287366
1			5.2			-0.0143683
2			5.2			-0.0143683
3			5.2			0.0287366
4			5.2			-0.0143683
5			5.2			-0.0143683

0			5.25			0.0287503
1			5.25			-0.0143751
2			5.25			-0.0143751
3			5.25			0.0287503
4			5.25			-0.0143751
5			5.25			-0.0143751

0			5.3			0.0285309
1			5.3			-0.0142654
2			5.3			-0.0142654
3			5.3			0.0285309
4			5.3			-0.0142654
5			5.3			-0.0142654

0			5.35			0.0280803
1			5.35			-0.0140402
2			5.35			-0.0140402
3			5.35			0.0280803
4			5.35			-0.0140402
5			5.35			-0.0140402

0			5.4			0.0274022
1			5.4			-0.0137011
2			5.4			-0.0137011
3			5.4			0.0274022
4			5.4			-0.0137011
5			5.4			-0.0137011

0			5.45			0.026502
1			5.45			-0.013251
2			5.45			-0.013251
3			5.45			0.026502
4			5.45			-0.013251
5			5.45			-0.013251

0			5.5			0.0253872
1			5.5			-0.0126936
2			5.5			-0.0126936
3			5.5			0.0253872
4			5.5			-0.0126936
5			5.5			-0.0126936

0			5.55			0.0240667
1			5.55			-0.0120333
2			5.55			-0.0120333
3			5.55			0.0240667
4			5.55			-0.0120333
5			5.55			-0.0120333

0			5.6			0.0225512
1			5.6			-0.0112756
2			5.6			-0.0112756
3			5.6			0.0225512
4			5.6			-0.0112756
5			5.6			-0.0112756

0			5.65			0.0208532
1			5.65			-0.0104266
2			5.65			-0.0104266
3			5.65			0.0208532
4			5.65			-0.0104266
5			5.65			-0.0104266

0			5.7			0.0189863
1			5.7			-0.00949315
2			5.7			-0.00949315
3			5.7			0.0189863
4			5.7			-0.00949315
5			5.7			-0.00949315

0			5.75			0.0169658
1			5.75			-0.00848288
2			5.75			-0.00848288
3			5.75			0.0169658
4			5.75			-0.00848288
5			5.75			-0.00848288

0			5.8			0.014808
1			5.8			-0.007404
2			5.8			-0.007404
3			5.8			0.014808
4			5.8			-0.007404
5			5.8			-0.007404

0			5.85			0.0125305
1			5.85			-0.00626525
2			5.85			-0.00626525
3			5.85			0.0125305
4			5.85			-0.00626525
5			5.85			-0.00626525

0			5.9			0.0101518
1			5.9			-0.00507589
2			5.9			-0.00507589
3			5.9			0.0101518
4			5.9			-0.00507589
5			5.9			-0.00507589

0			5.95			0.00769116
1			5.95			-0.00384558
2			5.95			-0.00384558
3			5.95			0.00769116
4			5.95			-0.00384558
5			5.95			-0.00384558

0			6			0.00516861
1			6			-0.00258431
2			6			-0.00258431
3			6			0.00516861
4			6			-0.00258431
5			6			-0.00258431

0			6.05			0.00260463
1			6.05			-0.00130232
2			6.05			-0.00130232
3			6.05			0.00260463
4			6.05			-0.00130232
5			6.05			-0.00130232

0			6.1			2.00335e-05
1			6.1			-1.00168e-05
2			6.1			-1.00168e-05
3			6.1			2.00335e-05
4			6.1			-1.00168e-05
5			6.1			-1.00168e-05

0			6.15			-0.00256419
1			6.15			0.0012821
2			6.15			0.0012821
3			6.15			-0.00256419
4			6.15			0.0012821
5			6.15			0.0012821

0			6.2			-0.00512707
1			6.2			0.00256353
2			6.2			0.00256353
3			6.2			-0.00512707
4			6.2			0.00256353
5			6.2			0.00256353

0			6.25			-0.00764777
1			6.25			0.00382389
2			6.25			0.00382389
3			6.25			-0.00764777
4			6.25			0.00382389
5			6.25			0.00382389

0			6.3			-0.0101058
1			6.3			0.00505292
2			6.3			0.00505292
3			6.3			-0.0101058
4			6.3			0.00505292
5			6.3			0.00505292

0			6.35			-0.0124813
1			6.35			0.00624067
2			6.35			0.00624067
3			6.35			-0.0124813
4			6.35			0.00624067
5			6.35			0.00624067

0			6.4			-0.0147549
1			6.4			0.00737747
2			6.4			0.00737747
3			6.4			-0.0147549
4			6.4			0.00737747
5			6.4			0.00737747

0			6.45			-0.0169082
1			6.45			0.0084541
2			6.45			0.0084541
3			6.45			-0.0169082
4			6.45			0.0084541
5			6.45			0.0084541

0			6.5			-0.0189236
1			6.5			0.00946182
2			6.5			0.00946182
3			6.5			-0.0189236
4			6.5			0.00946182
5			6.5			0.00946182

0			6.55			-0.0207849
1			6.55			0.0103925
2			6.55			0.0103925
3			6.55			-0.0207849
4			6.55			0.0103925
5			6.55			0.0103925

0			6.6			-0.0224769
1			6.6			0.0112384
2			6.6			0.0112384
3			6.6			-0.0224769
4			6.6			0.0112384
5			6.6			0.0112384

0			6.65			-0.0239858
1			6.65			0.0119929
2			6.65			0.0119929
3			6.65			-0.0239858
4			6.65			0.0119929
5			6.65			0.0119929

0			6.7			-0.0252995
1			6.7			0.0126497
2			6.7			0.0126497
3			6.7			-0.0252995
4			6.7			0.0126497
5			6.7			0.0126497

0			6.75			-0.0264072
1			6.75			0.0132036
2			6.75			0.0132036
3			6.75			-0.0264072
4			6.75			0.0132036
5			6.75			0.0132036

0			6.8			-0.0273
1			6.8			0.01365
2			6.8			0.01365
3			6.8			-0.0273
4			6.8			0.01365
5			6.8			0.01365

0			6.85			-0.0279706
1			6.85			0.0139853
2			6.85			0.0139853
3			6.85			-0.0279706
4			6.85			0.0139853
5			6.85			0.0139853

0			6.9			-0.0284136
1			6.9			0.0142068
2			6.9			0.0142068
3			6.9			-0.0284136
4			6.9			0.0142068
5			6.9			0.0142068

0			6.95			-0.0286255
1			6.95			0.0143127
2			6.95			0.0143127
3			6.95			-0.0286255
4			6.95			0.0143127
5			6.95			0.0143127

0			7			-0.0286043
1			7			0.0143022
2			7			0.0143022
3			7			-0.0286043
4			7			0.0143022
5			7			0.0143022

0			7.05			-0.0283505
1			7.05			0.0141752
2			7.05			0.0141752
3			7.05			-0.0283505
4			7.05			0.0141752
5			7.05			0.0141752

0			7.1			-0.027866
1			7.1			0.013933
2			7.1			0.013933
3			7.1			-0.027866
4			7.1			0.013933
5			7.1			0.013933

0			7.15			-0.0271547
1			7.15			0.0135774
2			7.15			0.0135774
3			7.15			-0.0271547
4			7.15			0.0135774
5			7.15			0.0135774

0			7.2			-0.0262225
1			7.2			0.0131113
2			7.2			0.0131113
3			7.2			-0.0262225
4			7.2			0.0131113
5			7.2			0.0131113

0			7.25			-0.0250769
1			7.25			0.0125385
2			7.25			0.0125385
3			7.25			-0.0250769
4			7.25			0.0125385
5			7.25			0.0125385

0			7.3			-0.0237273
1			7.3			0.0118637
2			7.3			0.0118637
3			7.3			-0.0237273
4			7.3			0.0118637
5			7.3			0.0118637

0			7.35			-0.0221846
1			7.35			0.0110923
2			7.35			0.0110923
3			7.35			-0.0221846
4			7.35			0.0110923
5			7.35			0.0110923

0			7.4			-0.0204613
1			7.4			0.0102306
2			7.4			0.0102306
3			7.4			-0.0204613
4			7.4			0.0102306
5			7.4			0.0102306

0			7.45			-0.0185714
1			7.45			0.0092857
2			7.45			0.0092857
3			7.45			-0.0185714
4			7.45			0.0092857
5			7.45			0.0092857

0			7.5			-0.0165303
1			7.5			0.00826517
2			7.5			0.00826517
3			7.5			-0.0165303
4			7.5			0.00826517
5			7.5			0.00826517

0			7.55			-0.0143546
1			7.55			0.00717732
2			7.55			0.00717732
3			7.55			-0.0143546
4			7.55			0.00717732
5			7.55			0.00717732

0			7.6			-0.012062
1			7.6			0.00603099
2			7.6			0.00603099
3			7.6			-0.012062
4			7.6			0.00603099
5			7.6			0.00603099

0			7.65			-0.00967101
1			7.65			0.0048355
2			7.65			0.0048355
3			7.65			-0.00967101
4			7.65			0.0048355
5			7.65			0.0048355

0			7.7			-0.00720112
1			7.7			0.00360056
2			7.7			0.00360056
3			7.7			-0.00720112
4			7.7			0.00360056
5			7.7			0.00360056

0			7.75			-0.00467239
1			7.75			0.00233619
2			7.75			0.00233619
3			7.75			-0.00467239
4			7.75			0.00233619
5			7.75			0.00233619

0			7.8			-0.00210535
1			7.8			0.00105268
2			7.8			0.00105268
3			7.8			-0.00210535
4			7.8			0.00105268
5			7.8			0.00105268

0			7.85			0.000479131
1			7.85			-0.000239565
2			7.85			-0.000239565
3			7.85			0.000479131
4			7.85			-0.000239565
5			7.85			-0.000239565

0			7.9			0.00306007
1			7.9			-0.00153004
2			7.9			-0.00153004
3			7.9			0.00306007
4			7.9			-0.00153004
5			7.9			-0.00153004

0			7.95			0.00561651
1			7.95			-0.00280825
2			7.95			-0.00280825
3			7.95			0.00561651
4			7.95			-0.00280825
5			7.95			-0.00280825

0			8			0.00812767
1			8			-0.00406383
2			8			-0.00406383
3			8			0.00812767
4			8			-0.00406383
5			8			-0.00406383

0			8.05			0.0105732
1			8.05			-0.00528658
2			8.05			-0.00528658
3			8.05			0.0105732
4			8.05			-0.00528658
5			8.05			-0.00528658

0			8.1			0.0129331
1			8.1			-0.00646655
2			8.1			-0.00646655
3			8.1			0.0129331
4			8.1			-0.00646655
5			8.1			-0.00646655

0			8.15			0.0151883
1			8.15			-0.00759417
2			8.15			-0.00759417
3			8.15			0.0151883
4			8.15			-0.00759417
5			8.15			-0.00759417

0			8.2			0.0173205
1			8.2			-0.00866027
2			8.2			-0.00866027
3			8.2			0.0173205
4			8.2			-0.00866027
5			8.2			-0.00866027

0			8.25			0.0193124
1			8.25			-0.0096562
2			8.25			-0.0096562
3			8.25			0.0193124
4			8.25			-0.0096562
5			8.25			-0.0096562

0			8.3			0.0211477
1			8.3			-0.0105739
2			8.3			-0.0105739
3			8.3			0.0211477
4			8.3			-0.0105739
5			8.3			-0.0105739

0			8.35			0.0228116
1			8.35			-0.0114058
2			8.35			-0.0114058
3			8.35			0.0228116
4			8.35			-0.0114058
5			8.35			-0.0114058

0			8.4			0.0242905
1			8.4			-0.0121453
2			8.4			-0.0121453
3			8.4			0.0242905
4			8.4			-0.0121453
5			8.4			-0.0121453

0			8.45			0.0255724
1			8.45			-0.0127862
2			8.45			-0.0127862
3			8.45			0.0255724
4			8.45			-0.0127862
5			8.45			-0.0127862

0			8.5			0.026647
1			8.5			-0.0133235
2			8.5			-0.0133235
3			8.5			0.026647
4			8.5			-0.0133235
5			8.5			-0.0133235

0			8.55			0.0275054
1			8.55			-0.0137527
2			8.55			-0.0137527
3			8.55			0.0275054
4			8.55			-0.0137527
5			8.55			-0.0137527

0			8.6			0.0281407
1			8.6			-0.0140703
2			8.6			-0.0140703
3			8.6			0.0281407
4			8.6			-0.0140703
5			8.6			-0.0140703

0			8.65			0.0285477
1			8.65			-0.0142738
2			8.65			-0.0142738
3			8.65			0.0285477
4			8.65			-0.0142738
5			8.65			-0.0142738

0			8.7			0.0287231
1			8.7			-0.0143615
2			8.7			-0.0143615
3			8.7			0.0287231
4			8.7			-0.0143615
5			8.7			-0.0143615

0			8.75			0.0286654
1			8.75			-0.0143327
2			8.75			-0.0143327
3			8.75			0.0286654
4			8.75			-0.0143327
5			8.75			-0.0143327

0			8.8			0.0283752
1			8.8			-0.0141876
2			8.8			-0.0141876
3			8.8			0.0283752
4			8.8			-0.0141876
5			8.8			-0.0141876

0			8.85			0.0278548
1			8.85			-0.0139274
2			8.85			-0.0139274
3			8.85			0.0278548
4			8.85			-0.0139274
5			8.85			-0.0139274

0			8.9			0.0271084
1			8.9			-0.0135542
2			8.9			-0.0135542
3			8.9			0.0271084
4			8.9			-0.0135542
5			8.9			-0.0135542

0			8.95			0.0261419
1			8.95			-0.013071
2			8.95			-0.013071
3			8.95			0.0261419
4			8.95			-0.013071
5			8.95			-0.013071

0			9			0.0249634
1			9			-0.0124817
2			9			-0.0124817
3			9			0.0249634
4			9			-0.0124817
5			9			-0.0124817

0			9.05			0.0235823
1			9.05			-0.0117912
2			9.05			-0.0117912
3			9.05			0.0235823
4			9.05			-0.0117912
5			9.05			-0.0117912

0			9.1			0.0220099
1			9.1			-0.0110049
2			9.1			-0.0110049
3			9.1			0.0220099
4			9.1			-0.0110049
5			9.1			-0.0110049

0			9.15			0.0202588
1			9.15			-0.0101294
2			9.15			-0.0101294
3			9.15			0.0202588
4			9.15			-0.0101294
5			9.15			-0.0101294

0			9.2			0.0183433
1			9.2			-0.00917165
2			9.2			-0.00917165
3			9.2			0.0183433
4			9.2			-0.00917165
5			9.2			-0.00917165

0			9.25			0.016279
1			9.25			-0.00813948
2			9.25			-0.00813948
3			9.25			0.016279
4			9.25			-0.00813948
5			9.25			-0.00813948

0			9.3			0.0140825
1			9.3			-0.00704125
2			9.3			-0.00704125
3			9.3			0.0140825
4			9.3			-0.00704125
5			9.3			-0.00704125

0			9.35			0.0117718
1			9.35			-0.00588588
2			9.35			-0.00588588
3			9.35			0.0117718
4			9.35			-0.00588588
5			9.35			-0.00588588

0			9.4			0.00936547
1			9.4			-0.00468274
2			9.4			-0.00468274
3			9.4			0.00936547
4			9.4			-0.00468274
5			9.4			-0.00468274

0			9.45			0.00688317
1			9.45			-0.00344158
2			9.45			-0.00344158
3			9.45			0.00688317
4			9.45			-0.00344158
5			9.45			-0.00344158

0			9.5			0.00434499
1			9.5			-0.00217249
2			9.5			-0.00217249
3			9.5			0.00434499
4			9.5			-0.00217249
5			9.5			-0.00217249

0			9.55			0.00177153
1			9.55			-0.000885764
2			9.55			-0.000885764
3			9.55			0.00177153
4			9.55			-0.000885764
5			9.55			-0.000885764

0			9.6			-0.000816329
1			9.6			0.000408164
2			9.6			0.000408164
3			9.6			-0.000816329
4			9.6			0.000408164
5			9.6			0.000408164

0			9.65			-0.00339758
1			9.65			0.00169879
2			9.65			0.00169879
3			9.65			-0.00339758
4			9.65			0.00169879
5			9.65			0.00169879

0			9.7			-0.00595129
1			9.7			0.00297565
2			9.7			0.00297565
3			9.7			-0.00595129
4			9.7			0.00297565
5			9.7			0.00297565

0			9.75			-0.00845673
1			9.75			0.00422837
2			9.75			0.00422837
3			9.75			-0.00845673
4			9.75			0.00422837
5			9.75			0.00422837

0			9.8			-0.0108936
1			9.8			0.00544679
2			9.8			0.00544679
3			9.8			-0.0108936
4			9.8			0.00544679
5			9.8			0.00544679

0			9.85			-0.0132421
1			9.85			0.00662103
2			9.85			0.00662103
3			9.85			-0.0132421
4			9.85			0.00662103
5			9.85			0.00662103

0			9.9			-0.0154831
1			9.9			0.00774156
2			9.9			0.00774156
3			9.9			-0.0154831
4			9.9			0.00774156
5			9.9			0.00774156

0			9.95			-0.0175986
1			9.95			0.00879928
2			9.95			0.00879928
3			9.95			-0.0175986
4			9.95			0.00879928
5			9.95			0.00879928

0			10			-0.0195712
1			10			0.00978562
2			10			0.00978562
3			10			-0.0195712
4			10			0.00978562
5			10			0.00978562

0			10.05			-0.0213852
1			10.05			0.0106926
2			10.05			0.0106926
3			10.05			-0.0213852
4			10.05			0.0106926
5			10.05			0.0106926

0			10.1			-0.0230256
1			10.1			0.0115128
2			10.1			0.0115128
3			10.1			-0.0230256
4			10.1			0.0115128
5			10.1			0.0115128

0			10.15			-0.0244792
1			10.15			0.0122396
2			10.15			0.0122396
3			10.15			-0.0244792
4			10.15			0.0122396
5			10.15			0.0122396

0			10.2			-0.0257343
1			10.2			0.0128671
2			10.2			0.0128671
3			10.2			-0.0257343
4			10.2			0.0128671
5			10.2			0.0128671

0			10.25			-0.0267806
1			10.25			0.0133903
2			10.25			0.0133903
3			10.25			-0.0267806
4			10.25			0.0133903
5			10.25			0.0133903

0			10.3			-0.0276097
1			10.3			0.0138048
2			10.3			0.0138048
3			10.3			-0.0276097
4			10.3			0.0138048
5			10.3			0.0138048

0			10.35			-0.0282148
1			10.35			0.0141074
2			10.35			0.0141074
3			10.35			-0.0282148
4			10.35			0.0141074
5			10.35			0.0141074

0			10.4			-0.0285911
1			10.4			0.0142955
2			10.4			0.0142955
3			10.4			-0.0285911
4			10.4			0.0142955
5			10.4			0.0142955

0			10.45			-0.0287354
1			10.45			0.0143677
2			10.45			0.0143677
3			10.45			-0.0287354
4			10.45			0.0143677
5			10.45			0.0143677

0			10.5			-0.0286467
1			10.5			0.0143234
2			10.5			0.0143234
3			10.5			-0.0286467
4			10.5			0.0143234
5			10.5			0.0143234

0			10.55			-0.0283257
1			10.55			0.0141629
2			10.55			0.0141629
3			10.55			-0.0283257
4			10.55			0.0141629
5			10.55			0.0141629

0			10.6			-0.027775
1			10.6			0.0138875
2			10.6			0.0138875
3			10.6			-0.027775
4			10.6			0.0138875
5			10.6			0.0138875

0			10.65			-0.0269991
1			10.65			0.0134995
2			10.65			0.0134995
3			10.65			-0.0269991
4			10.65			0.0134995
5			10.65			0.0134995

0			10.7			-0.0260043
1			10.7			0.0130021
2			10.7			0.0130021
3			10.7			-0.0260043
4			10.7			0.0130021
5			10.7			0.0130021

0			10.75			-0.0247986
1			10.75			0.0123993
2			10.75			0.0123993
3			10.75			-0.0247986
4			10.75			0.0123993
5			10.75			0.0123993

0			10.8			-0.0233919
1			10.8			0.011696
2			10.8			0.011696
3			10.8			-0.0233919
4			10.8			0.011696
5			10.8			0.011696

0			10.85			-0.0217957
1			10.85			0.0108978
2			10.85			0.0108978
3			10.85			-0.0217957
4			10.85			0.0108978
5			10.85			0.0108978

0			10.9			-0.0200228
1			10.9			0.0100114
2			10.9			0.0100114
3			10.9			-0.0200228
4			10.9			0.0100114
5			10.9			0.0100114

0			10.95			-0.0180877
1			10.95			0.00904387
2			10.95			0.00904387
3			10.95			-0.0180877
4			10.95			0.00904387
5			10.95			0.00904387

0			11			-0.0160062
1			11			0.00800309
2			11			0.00800309
3			11			-0.0160062
4			11			0.00800309
5			11			0.00800309

0			11.05			-0.013795
1			11.05			0.00689752
2			11.05			0.00689752
3			11.05			-0.013795
4			11.05			0.00689752
5			11.05			0.00689752

0			11.1			-0.0114723
1			11.1			0.00573615
2			11.1			0.00573615
3			11.1			-0.0114723
4			11.1			0.00573615
5			11.1			0.00573615

0			11.15			-0.0090568
1			11.15			0.0045284
2			11.15			0.0045284
3			11.15			-0.0090568
4			11.15			0.0045284
5			11.15			0.0045284

0			11.2			-0.00656818
1			11.2			0.00328409
2			11.2			0.00328409
3			11.2			-0.00656818
4			11.2			0.00328409
5			11.2			0.00328409

0			11.25			-0.00402665
1			11.25			0.00201333
2			11.25			0.00201333
3			11.25			-0.00402665
4			11.25			0.00201333
5			11.25			0.00201333

0			11.3			-0.00145285
1			11.3			0.000726427
2			11.3			0.000726427
3			11.3			-0.00145285
4			11.3			0.000726427
5			11.3			0.000726427

0			11.35			0.00113231
1			11.35			-0.000566154
2			11.35			-0.000566154
3			11.35			0.00113231
4			11.35			-0.000566154
5			11.35			-0.000566154

0			11.4			0.00370784
1			11.4			-0.00185392
2			11.4			-0.00185392
3			11.4			0.00370784
4			11.4			-0.00185392
5			11.4			-0.00185392

0			11.45			0.00625282
1			11.45			-0.00312641
2			11.45			-0.00312641
3			11.45			0.00625282
4			11.45			-0.00312641
5			11.45			-0.00312641

0			11.5			0.00874657
1			11.5			-0.00437329
2			11.5			-0.00437329
3			11.5			0.00874657
4			11.5			-0.00437329
5			11.5			-0.00437329

0			11.55			0.0111689
1			11.55			-0.00558443
2			11.55			-0.00558443
3			11.55			0.0111689
4			11.55			-0.00558443
5			11.55			-0.00558443

0			11.6			0.0135
1			11.6			-0.00675
2			11.6			-0.00675
3			11.6			0.0135
4			11.6			-0.00675
5			11.6			-0.00675

0			11.65			0.0157211
1			11.65			-0.00786053
2			11.65			-0.00786053
3			11.65			0.0157211
4			11.65			-0.00786053
5			11.65			-0.00786053

0			11.7			0.017814
1			11.7			-0.008907
2			11.7			-0.008907
3			11.7			0.017814
4			11.7			-0.008907
5			11.7			-0.008907

0			11.75			0.0197618
1			11.75			-0.00988091
2			11.75			-0.00988091
3			11.75			0.0197618
4			11.75			-0.00988091
5			11.75			-0.00988091

0			11.8			0.0215487
1			11.8			-0.0107744
2			11.8			-0.0107744
3			11.8			0.0215487
4			11.8			-0.0107744
5			11.8			-0.0107744

0			11.85			0.0231602
1			11.85			-0.0115801
2			11.85			-0.0115801
3			11.85			0.0231602
4			11.85			-0.0115801
5			11.85			-0.0115801

0			11.9			0.0245831
1			11.9			-0.0122915
2			11.9			-0.0122915
3			11.9			0.0245831
4			11.9			-0.0122915
5			11.9			-0.0122915

0			11.95			0.0258059
1			11.95			-0.012903
2			11.95			-0.012903
3			11.95			0.0258059
4			11.95			-0.012903
5			11.95			-0.012903

0			12			0.0268187
1			12			-0.0134094
2			12			-0.0134094
3			12			0.0268187
4			12			-0.0134094
5			12			-0.0134094

0			12.05			0.0276133
1			12.05			-0.0138067
2			12.05			-0.0138067
3			12.05			0.0276133
4			12.05			-0.0138067
5			12.05			-0.0138067

0			12.1			0.0281832
1			12.1			-0.0140916
2			12.1			-0.0140916
3			12.1			0.0281832
4			12.1			-0.0140916
5			12.1			-0.0140916

0			12.15			0.0285237
1			12.15			-0.0142619
2			12.15			-0.0142619
3			12.15			0.0285237
4			12.15			-0.0142619
5			12.15			-0.0142619

0			12.2			0.0286322
1			12.2			-0.0143161
2			12.2			-0.0143161
3			12.2			0.0286322
4			12.2			-0.0143161
5			12.2			-0.0143161

0			12.25			0.0285077
1			12.25			-0.0142538
2			12.25			-0.0142538
3			12.25			0.0285077
4			12.25			-0.0142538
5			12.25			-0.0142538

0			12.3			0.0281512
1			12.3			-0.0140756
2			12.3			-0.0140756
3			12.3			0.0281512
4			12.3			-0.0140756
5			12.3			-0.0140756

0			12.35			0.0275657
1			12.35			-0.0137828
2			12.35			-0.0137828
3			12.35			0.0275657
4			12.35			-0.0137828
5			12.35			-0.0137828

0			12.4			0.0267558
1			12.4			-0.0133779
2			12.4			-0.0133779
3			12.4			0.0267558
4			12.4			-0.0133779
5			12.4			-0.0133779

0			12.45			0.0257282
1			12.45			-0.0128641
2			12.45			-0.0128641
3			12.45			0.0257282
4			12.45			-0.0128641
5			12.45			-0.0128641

0			12.5			0.0244912
1			12.5			-0.0122456
2			12.5			-0.0122456
3			12.5			0.0244912
4			12.5			-0.0122456
5			12.5			-0.0122456

0			12.55			0.0230548
1			12.55			-0.0115274
2			12.55			-0.0115274
3			12.55			0.0230548
4			12.55			-0.0115274
5			12.55			-0.0115274

0			12.6			0.0214308
1			12.6			-0.0107154
2			12.6			-0.0107154
3			12.6			0.0214308
4			12.6			-0.0107154
5			12.6			-0.0107154

0			12.65			0.0196322
1			12.65			-0.00981612
2			12.65			-0.00981612
3			12.65			0.0196322
4			12.65			-0.00981612
5			12.65			-0.00981612

0			12.7			0.0176738
1			12.7			-0.00883689
2			12.7			-0.00883689
3			12.7			0.0176738
4			12.7			-0.00883689
5			12.7			-0.00883689

0			12.75			0.0155713
1			12.75			-0.00778567
2			12.75			-0.00778567
3			12.75			0.0155713
4			12.75			-0.00778567
5			12.75			-0.00778567

0			12.8			0.0133419
1			12.8			-0.00667097
2			12.8			-0.00667097
3			12.8			0.0133419
4			12.8			-0.00667097
5			12.8			-0.00667097

0			12.85			0.0110037
1			12.85			-0.00550187
2			12.85			-0.00550187
3			12.85			0.0110037
4			12.85			-0.00550187
5			12.85			-0.00550187

0			12.9			0.00857569
1			12.9			-0.00428785
2			12.9			-0.00428785
3			12.9			0.00857569
4			12.9			-0.00428785
5			12.9			-0.00428785

0			12.95			0.00607752
1			12.95			-0.00303876
2			12.95			-0.00303876
3			12.95			0.00607752
4			12.95			-0.00303876
5			12.95			-0.00303876

0			13			0.0035295
1			13			-0.00176475
2			13			-0.00176475
3			13			0.0035295
4			13			-0.00176475
5			13			-0.00176475

0			13.05			0.000952335
1			13.05			-0.000476167
2			13.05			-0.000476167
3			13.05			0.000952335
4			13.05			-0.000476167
5			13.05			-0.000476167

0			13.1			-0.00163305
1			13.1			0.000816527
2			13.1			0.000816527
3			13.1			-0.00163305
4			13.1			0.000816527
5			13.1			0.000816527

0			13.15			-0.00420567
1			13.15			0.00210284
2			13.15			0.00210284
3			13.15			-0.00420567
4			13.15			0.00210284
5			13.15			0.00210284

0			13.2			-0.00674463
1			13.2			0.00337232
2			13.2			0.00337232
3			13.2			-0.00674463
4			13.2			0.00337232
5			13.2			0.00337232

0			13.25			-0.00922932
1			13.25			0.00461466
2			13.25			0.00461466
3			13.25			-0.00922932
4			13.25			0.00461466
5			13.25			0.00461466

0			13.3			-0.0116395
1			13.3			0.00581977
2			13.3			0.00581977
3			13.3			-0.0116395
4			13.3			0.00581977
5			13.3			0.00581977

0			13.35			-0.0139557
1			13.35			0.00697787
2			13.35			0.00697787
3			13.35			-0.0139557
4			13.35			0.00697787
5			13.35			0.00697787

0			13.4			-0.0161591
1			13.4			0.00807956
2			13.4			0.00807956
3			13.4			-0.0161591
4			13.4			0.00807956
5			13.4			0.00807956

0			13.45			-0.0182318
1			13.45			0.00911588
2			13.45			0.00911588
3			13.45			-0.0182318
4			13.45			0.00911588
5			13.45			0.00911588

0			13.5			-0.0201568
1			13.5			0.0100784
2			13.5			0.0100784
3			13.5			-0.0201568
4			13.5			0.0100784
5			13.5			0.0100784

0			13.55			-0.0219187
1			13.55			0.0109594
2			13.55			0.0109594
3			13.55			-0.0219187
4			13.55			0.0109594
5			13.55			0.0109594

0			13.6			-0.0235031
1			13.6			0.0117515
2			13.6			0.0117515
3			13.6			-0.0235031
4			13.6			0.0117515
5			13.6			0.0117515

0			13.65			-0.0248971
1			13.65			0.0124485
2			13.65			0.0124485
3			13.65			-0.0248971
4			13.65			0.0124485
5			13.65			0.0124485

0			13.7			-0.0260894
1			13.7			0.0130447
2			13.7			0.0130447
3			13.7			-0.0260894
4			13.7			0.0130447
5			13.7			0.0130447

0			13.75			-0.0270703
1			13.75			0.0135352
2			13.75			0.0135352
3			13.75			-0.0270703
4			13.75			0.0135352
5			13.75			0.0135352

0			13.8			-0.0278319
1			13.8			0.0139159
2			13.8			0.0139159
3			13.8			-0.0278319
4			13.8			0.0139159
5			13.8			0.0139159

0			13.85			-0.0283679
1			13.85			0.014184
2			13.85			0.014184
3			13.85			-0.0283679
4			13.85			0.014184
5			13.85			0.014184

0			13.9			-0.028674
1			13.9			0.014337
2			13.9			0.014337
3			13.9			-0.028674
4			13.9			0.014337
5			13.9			0.014337

0			13.95			-0.0287478
1			13.95			0.0143739
2			13.95			0.0143739
3			13.95			-0.0287478
4			13.95			0.0143739
5			13.95			0.0143739

0			14			-0.0285885
1			14			0.0142942
2			14			0.0142942
3			14			-0.0285885
4			14			0.0142942
5			14			0.0142942

0			14.05			-0.0281975
1			14.05			0.0140987
2			14.05			0.0140987
3			14.05			-0.0281975
4			14.05			0.0140987
5			14.05			0.0140987

0			14.1			-0.027578
1			14.1			0.013789
2			14.1			0.013789
3			14.1			-0.027578
4			14.1			0.013789
5			14.1			0.013789

0			14.15			-0.0267349
1			14.15			0.0133674
2			14.15			0.0133674
3			14.15			-0.0267349
4			14.15			0.0133674
5			14.15			0.0133674

0			14.2			-0.0256751
1			14.2			0.0128376
2			14.2			0.0128376
3			14.2			-0.0256751
4			14.2			0.0128376
5			14.2			0.0128376

0			14.25			-0.0244073
1			14.25			0.0122036
2			14.25			0.0122036
3			14.25			-0.0244073
4			14.25			0.0122036
5			14.25			0.0122036

0			14.3			-0.0229416
1			14.3			0.0114708
2			14.3			0.0114708
3			14.3			-0.0229416
4			14.3			0.0114708
5			14.3			0.0114708

0			14.35			-0.02129
1			14.35			0.010645
2			14.35			0.010645
3			14.35			-0.02129
4			14.35			0.010645
5			14.35			0.010645

0			14.4			-0.0194659
1			14.4			0.00973296
2			14.4			0.00973296
3			14.4			-0.0194659
4			14.4			0.00973296
5			14.4			0.00973296

0			14.45			-0.0174841
1			14.45			0.00874205
2			14.45			0.00874205
3			14.45			-0.0174841
4			14.45			0.00874205
5			14.45			0.00874205

0			14.5			-0.0153606
1			14.5			0.00768032
2			14.5			0.00768032
3			14.5			-0.0153606
4			14.5			0.00768032
5			14.5			0.00768032

0			14.55			-0.0131128
1			14.55			0.00655638
2			14.55			0.00655638
3			14.55			-0.0131128
4			14.55			0.00655638
5			14.55			0.00655638

0			14.6			-0.0107587
1			14.6			0.00537935
2			14.6			0.00537935
3			14.6			-0.0107587
4			14.6			0.00537935
5			14.6			0.00537935

0			14.65			-0.00831757
1			14.65			0.00415879
2			14.65			0.00415879
3			14.65			-0.00831757
4			14.65			0.00415879
5			14.65			0.00415879

0			14.7			-0.00580918
1			14.7			0.00290459
2			14.7			0.00290459
3			14.7			-0.00580918
4			14.7			0.00290459
5			14.7			0.00290459

0			14.75			-0.00325389
1			14.75			0.00162694
2			14.75			0.00162694
3			14.75			-0.00325389
4			14.75			0.00162694
5			14.75			0.00162694

0			14.8			-0.000672416
1			14.8			0.000336208
2			14.8			0.000336208
3			14.8			-0.000672416
4			14.8			0.000336208
5			14.8			0.000336208

0			14.85			0.00191428
1			14.85			-0.000957142
2			14.85			-0.000957142
3			14.85			0.00191428
4			14.85			-0.000957142
5			14.85			-0.000957142

0			14.9			0.00448522
1			14.9			-0.00224261
2			14.9			-0.00224261
3			14.9			0.00448522
4			14.9			-0.00224261
5			14.9			-0.00224261

0			14.95			0.00701954
1			14.95			-0.00350977
2			14.95			-0.00350977
3			14.95			0.00701954
4			14.95			-0.00350977
5			14.95			-0.00350977

0			15			0.00949667
1			15			-0.00474834
2			15			-0.00474834
3			15			0.00949667
4			15			-0.00474834
5			15			-0.00474834

0			15.05			0.0118965
1			15.05			-0.00594826
2			15.05			-0.00594826
3			15.05			0.0118965
4			15.05			-0.00594826
5			15.05			-0.00594826

0			15.1			0.0141996
1			15.1			-0.0070998
2			15.1			-0.0070998
3			15.1			0.0141996
4			15.1			-0.0070998
5			15.1			-0.0070998

0			15.15			0.0163873
1			15.15			-0.00819363
2			15.15			-0.00819363
3			15.15			0.0163873
4			15.15			-0.00819363
5			15.15			-0.00819363

0			15.2			0.0184417
1			15.2			-0.00922086
2			15.2			-0.00922086
3			15.2			0.0184417
4			15.2			-0.00922086
5			15.2			-0.00922086

0			15.25			0.0203463
1			15.25			-0.0101732
2			15.25			-0.0101732
3			15.25			0.0203463
4			15.25			-0.0101732
5			15.25			-0.0101732

0			15.3			0.0220856
1			15.3			-0.0110428
2			15.3			-0.0110428
3			15.3			0.0220856
4			15.3			-0.0110428
5			15.3			-0.0110428

0			15.35			0.0236455
1			15.35			-0.0118227
2			15.35			-0.0118227
3			15.35			0.0236455
4			15.35			-0.0118227
5			15.35			-0.0118227

0			15.4			0.0250133
1			15.4			-0.0125067
2			15.4			-0.0125067
3			15.4			0.0250133
4			15.4			-0.0125067
5			15.4			-0.0125067

0			15.45			0.026178
1			15.45			-0.013089
2			15.45			-0.013089
3			15.45			0.026178
4			15.45			-0.013089
5			15.45			-0.013089

0			15.5			0.02713
1			15.5			-0.013565
2			15.5			-0.013565
3			15.5			0.02713
4			15.5			-0.013565
5			15.5			-0.013565

0			15.55			0.0278617
1			15.55			-0.0139309
2			15.55			-0.0139309
3			15.55			0.0278617
4			15.55			-0.0139309
5			15.55			-0.0139309

0			15.6			0.0283672
1			15.6			-0.0141836
2			15.6			-0.0141836
3			15.6			0.0283672
4			15.6			-0.0141836
5			15.6			-0.0141836

0			15.65			0.0286424
1			15.65			-0.0143212
2			15.65			-0.0143212
3			15.65			0.0286424
4			15.65			-0.0143212
5			15.65			-0.0143212

0			15.7			0.028685
1			15.7			-0.0143425
2			15.7			-0.0143425
3			15.7			0.028685
4			15.7			-0.0143425
5			15.7			-0.0143425

0			15.75			0.0284947
1			15.75			-0.0142473
2			15.75			-0.0142473
3			15.75			0.0284947
4			15.75			-0.0142473
5			15.75			-0.0142473

0			15.8			0.028073
1			15.8			-0.0140365
2			15.8			-0.0140365
3			15.8			0.028073
4			15.8			-0.0140365
5			15.8			-0.0140365

0			15.85			0.0274235
1			15.85			-0.0137118
2			15.85			-0.0137118
3			15.85			0.0274235
4			15.85			-0.0137118
5			15.85			-0.0137118

0			15.9			0.0265514
1			15.9			-0.0132757
2			15.9			-0.0132757
3			15.9			0.0265514
4			15.9			-0.0132757
5			15.9			-0.0132757

0			15.95			0.0254637
1			15.95			-0.0127319
2			15.95			-0.0127319
3			15.95			0.0254637
4			15.95			-0.0127319
5			15.95			-0.0127319

0			16			0.0241694
1			16			-0.0120847
2			16			-0.0120847
3			16			0.0241694
4			16			-0.0120847
5			16			-0.0120847

0			16.05			0.0226789
1			16.05			-0.0113395
2			16.05			-0.0113395
3			16.05			0.0226789
4			16.05			-0.0113395
5			16.05			-0.0113395

0			16.1			0.0210044
1			16.1			-0.0105022
2			16.1			-0.0105022
3			16.1			0.0210044
4			16.1			-0.0105022
5			16.1			-0.0105022

0			16.15			0.0191595
1			16.15			-0.00957974
2			16.15			-0.00957974
3			16.15			0.0191595
4			16.15			-0.00957974
5			16.15			-0.00957974

0			16.2			0.0171591
1			16.2			-0.00857955
2			16.2			-0.00857955
3			16.2			0.0171591
4			16.2			-0.00857955
5			16.2			-0.00857955

0			16.25			0.0150195
1			16.25			-0.00750976
2			16.25			-0.00750976
3			16.25			0.0150195
4			16.25			-0.00750976
5			16.25			-0.00750976

0			16.3			0.0127582
1			16.3			-0.00637908
2			16.3			-0.00637908
3			16.3			0.0127582
4			16.3			-0.00637908
5			16.3			-0.00637908

0			16.35			0.0103933
1			16.35			-0.00519667
2			16.35			-0.00519667
3			16.35			0.0103933
4			16.35			-0.00519667
5			16.35			-0.00519667

0			16.4			0.00794432
1			16.4			-0.00397216
2			16.4			-0.00397216
3			16.4			0.00794432
4			16.4			-0.00397216
5			16.4			-0.00397216

0			16.45			0.00543097
1			16.45			-0.00271549
2			16.45			-0.00271549
3			16.45			0.00543097
4			16.45			-0.00271549
5			16.45			-0.00271549

0			16.5			0.00287371
1			16.5			-0.00143686
2			16.5			-0.00143686
3			16.5			0.00287371
4			16.5			-0.00143686
5			16.5			-0.00143686

0			16.55			0.000293323
1			16.55			-0.000146661
2			16.55			-0.000146661
3			16.55			0.000293323
4			16.55			-0.000146661
5			16.55			-0.000146661

0			16.6			-0.00228924
1			16.6			0.00114462
2			16.6			0.00114462
3			16.6			-0.00228924
4			16.6			0.00114462
5			16.6			0.00114462

0			16.65			-0.004853
1			16.65			0.0024265
2			16.65			0.0024265
3			16.65			-0.004853
4			16.65			0.0024265
5			16.65			0.0024265

0			16.7			-0.00737712
1			16.7			0.00368856
2			16.7			0.00368856
3			16.7			-0.00737712
4			16.7			0.00368856
5			16.7			0.00368856

0			16.75			-0.00984111
1			16.75			0.00492055
2			16.75			0.00492055
3			16.75			-0.00984111
4			16.75			0.00492055
5			16.75			0.00492055

0			16.8			-0.0122249
1			16.8			0.00611247
2			16.8			0.00611247
3			16.8			-0.0122249
4			16.8			0.00611247
5			16.8			0.00611247

0			16.85			-0.0145093
1			16.85			0.00725463
2			16.85			0.00725463
3			16.85			-0.0145093
4			16.85			0.00725463
5			16.85			0.00725463

0			16.9			-0.0166755
1			16.9			0.00833775
2			16.9			0.00833775
3			16.9			-0.0166755
4			16.9			0.00833775
5			16.9			0.00833775

0			16.95			-0.0187061
1			16.95			0.00935304
2			16.95			0.00935304
3			16.95			-0.0187061
4			16.95			0.00935304
5			16.95			0.00935304

0			17			-0.0205845
1			17			0.0102922
2			17			0.0102922
3			17			-0.0205845
4			17			0.0102922
5			17			0.0102922

0			17.05			-0.0222954
1			17.05			0.0111477
2			17.05			0.0111477
3			17.05			-0.0222954
4			17.05			0.0111477
5			17.05			0.0111477

0			17.1			-0.0238251
1			17.1			0.0119125
2			17.1			0.0119125
3			17.1			-0.0238251
4			17.1			0.0119125
5			17.1			0.0119125

0			17.15			-0.025161
1			17.15			0.0125805
2			17.15			0.0125805
3			17.15			-0.025161
4			17.15			0.0125805
5			17.15			0.0125805

0			17.2			-0.0262922
1			17.2			0.0131461
2			17.2			0.0131461
3			17.2			-0.0262922
4			17.2			0.0131461
5			17.2			0.0131461

0			17.25			-0.0272097
1			17.25			0.0136048
2			17.25			0.0136048
3			17.25			-0.0272097
4			17.25			0.0136048
5			17.25			0.0136048

0			17.3			-0.0279058
1			17.3			0.0139529
2			17.3			0.0139529
3			17.3			-0.0279058
4			17.3			0.0139529
5			17.3			0.0139529

0			17.35			-0.0283751
1			17.35			0.0141875
2			17.35			0.0141875
3			17.35			-0.0283751
4			17.35			0.0141875
5			17.35			0.0141875

0			17.4			-0.0286136
1			17.4			0.0143068
2			17.4			0.0143068
3			17.4			-0.0286136
4			17.4			0.0143068
5			17.4			0.0143068

0			17.45			-0.0286194
1			17.45			0.0143097
2			17.45			0.0143097
3			17.45			-0.0286194
4			17.45			0.0143097
5			17.45			0.0143097

0			17.5			-0.0283924
1			17.5			0.0141962
2			17.5			0.0141962
3			17.5			-0.0283924
4			17.5			0.0141962
5			17.5			0.0141962

0			17.55			-0.0279345
1			17.55			0.0139673
2			17.55			0.0139673
3			17.55			-0.0279345
4			17.55			0.0139673
5			17.55			0.0139673

0			17.6			-0.0272495
1			17.6			0.0136247
2			17.6			0.0136247
3			17.6			-0.0272495
4			17.6			0.0136247
5			17.6			0.0136247

0			17.65			-0.0263427
1			17.65			0.0131714
2			17.65			0.0131714
3			17.65			-0.0263427
4			17.65			0.0131714
5			17.65			0.0131714

0			17.7			-0.0252217
1			17.7			0.0126108
2			17.7			0.0126108
3			17.7			-0.0252217
4			17.7			0.0126108
5			17.7			0.0126108

0			17.75			-0.0238954
1			17.75			0.0119477
2			17.75			0.0119477
3			17.75			-0.0238954
4			17.75			0.0119477
5			17.75			0.0119477

0			17.8			-0.0223747
1			17.8			0.0111874
2			17.8			0.0111874
3			17.8			-0.0223747
4			17.8			0.0111874
5			17.8			0.0111874

0			17.85			-0.0206719
1			17.85			0.010336
2			17.85			0.010336
3			17.85			-0.0206719
4			17.85			0.010336
5			17.85			0.010336

0			17.9			-0.0188008
1			17.9			0.00940041
2			17.9			0.00940041
3			17.9			-0.0188008
4			17.9			0.00940041
5			17.9			0.00940041

0			17.95			-0.0167766
1			17.95			0.00838831
2			17.95			0.00838831
3			17.95			-0.0167766
4			17.95			0.00838831
5			17.95			0.00838831

