0			0			-0.0134819
1			0			-0.00668884
2			0			0.00668884
3			0			0.0134819
4			0			0.00668884
5			0			-0.00668884

0			0.05			-0.013443
1			0.05			-0.00666935
2			0.05			0.00666935
3			0.05			0.013443
4			0.05			0.00666935
5			0.05			-0.00666935

0			0.1			-0.0133265
1			0.1			-0.00661098
2			0.1			0.00661098
3			0.1			0.0133265
4			0.1			0.00661098
5			0.1			-0.00661098

0			0.15			-0.0131332
1			0.15			-0.00651409
2			0.15			0.00651409
3			0.15			0.0131332
4			0.15			0.00651409
5			0.15			-0.00651409

0			0.2			-0.0128642
1			0.2			-0.00637924
2			0.2			0.00637924
3			0.2			0.0128642
4			0.2			0.00637924
5			0.2			-0.00637924

0			0.25			-0.0125209
1			0.25			-0.00620722
2			0.25			0.00620722
3			0.25			0.0125209
4			0.25			0.00620722
5			0.25			-0.00620722

0			0.3			-0.0121055
1			0.3			-0.00599905
2			0.3			0.00599905
3			0.3			0.0121055
4			0.3			0.00599905
5			0.3			-0.00599905

0			0.35			-0.0116203
1			0.35			-0.00575595
2			0.35			0.00575595
3			0.35			0.0116203
4			0.35			0.00575595
5			0.35			-0.00575595

0			0.4			-0.0110681
1			0.4			-0.00547934
2			0.4			0.00547934
3			0.4			0.0110681
4			0.4			0.00547934
5			0.4			-0.00547934

0			0.45			-0.0104521
1			0.45			-0.00517085
2			0.45			0.00517085
3			0.45			0.0104521
4			0.45			0.00517085
5			0.45			-0.00517085

0			0.5			-0.00977596
1			0.5			-0.00483229
2			0.5			0.00483229
3			0.5			0.00977596
4			0.5			0.00483229
5			0.5			-0.00483229

0			0.55			-0.00904354
1			0.55			-0.00446564
2			0.55			0.00446564
3			0.55			0.00904354
4			0.55			0.00446564
5			0.55			-0.00446564

0			0.6			-0.00825908
1			0.6			-0.00407305
2			0.6			0.00407305
3			0.6			0.00825908
4			0.6			0.00407305
5			0.6			-0.00407305

0			0.65			-0.00742714
1			0.65			-0.0036568
2			0.65			0.0036568
3			0.65			0.00742714
4			0.65			0.0036568
5			0.65			-0.0036568

0			0.7			-0.00655252
1			0.7			-0.00321934
2			0.7			0.00321934
3			0.7			0.00655252
4			0.7			0.00321934
5			0.7			-0.00321934

0			0.75			-0.00564029
1			0.75			-0.00276321
2			0.75			0.00276321
3			0.75			0.00564029
4			0.75			0.00276321
5			0.75			-0.00276321

0			0.8			-0.00469572
1			0.8			-0.00229108
2			0.8			0.00229108
3			0.8			0.00469572
4			0.8			0.00229108
5			0.8			-0.00229108

0			0.85			-0.00372428
1			0.85			-0.00180568
2			0.85			0.00180568
3			0.85			0.00372428
4			0.85			0.00180568
5			0.85			-0.00180568

0			0.9			-0.00273158
1			0.9			-0.00130985
2			0.9			0.00130985
3			0.9			0.00273158
4			0.9			0.00130985
5			0.9			-0.00130985

0			0.95			-0.00172334
1			0.95			-0.000806458
2			0.95			0.000806458
3			0.95			0.00172334
4			0.95			0.000806458
5			0.95			-0.000806458

0			1			-0.0007054
1			1			-0.000298429
2			1			0.000298429
3			1			0.0007054
4			1			0.000298429
5			1			-0.000298429

0			1.05			0.000316377
1			1.05			0.000211296
2			1.05			-0.000211296
3			1.05			-0.000316377
4			1.05			-0.000211296
5			1.05			0.000211296

0			1.1			0.00133609
1			1.1			0.000719765
2			1.1			-0.000719765
3			1.1			-0.00133609
4			1.1			-0.000719765
5			1.1			0.000719765

0			1.15			0.00234786
1			1.15			0.00122404
2			1.15			-0.00122404
3			1.15			-0.00234786
4			1.15			-0.00122404
5			1.15			0.00122404

0			1.2			0.00334585
1			1.2			0.0017212
2			1.2			-0.0017212
3			1.2			-0.00334585
4			1.2			-0.0017212
5			1.2			0.0017212

0			1.25			0.00432431
1			1.25			0.00220839
2			1.25			-0.00220839
3			1.25			-0.00432431
4			1.25			-0.00220839
5			1.25			0.00220839

0			1.3			0.0052776
1			1.3			0.00268279
2			1.3			-0.00268279
3			1.3			-0.0052776
4			1.3			-0.00268279
5			1.3			0.00268279

0			1.35			0.00620022
1			1.35			0.00314168
2			1.35			-0.00314168
3			1.35			-0.00620022
4			1.35			-0.00314168
5			1.35			0.00314168

0			1.4			0.00708684
1			1.4			0.0035824
2			1.4			-0.0035824
3			1.4			-0.00708684
4			1.4			-0.0035824
5			1.4			0.0035824

0			1.45			0.00793237
1			1.45			0.00400243
2			1.45			-0.00400243
3			1.45			-0.00793237
4			1.45			-0.00400243
5			1.45			0.00400243

0			1.5			0.00873192
1			1.5			0.00439935
2			1.5			-0.00439935
3			1.5			-0.00873192
4			1.5			-0.00439935
5			1.5			0.00439935

0			1.55			0.00948088
1			1.55			0.00477087
2			1.55			-0.00477087
3			1.55			-0.00948088
4			1.55			-0.00477087
5			1.55			0.00477087

0			1.6			0.0101749
1			1.6			0.00511486
2			1.6			-0.00511486
3			1.6			-0.0101749
4			1.6			-0.00511486
5			1.6			0.00511486

0			1.65			0.0108101
1			1.65			0.00542935
2			1.65			-0.00542935
3			1.65			-0.0108101
4			1.65			-0.00542935
5			1.65			0.00542935

0			1.7			0.0113826
1			1.7			0.00571253
2			1.7			-0.00571253
3			1.7			-0.0113826
4			1.7			-0.00571253
5			1.7			0.00571253

0			1.75			0.0118892
1			1.75			0.00596276
2			1.75			-0.00596276
3			1.75			-0.0118892
4			1.75			-0.00596276
5			1.75			0.00596276

0			1.8			0.0123271
1			1.8			0.00617862
2			1.8			-0.00617862
3			1.8			-0.0123271
4			1.8			-0.00617862
5			1.8			0.00617862

0			1.85			0.0126935
1			1.85			0.00635884
2			1.85			-0.00635884
3			1.85			-0.0126935
4			1.85			-0.00635884
5			1.85			0.00635884

0			1.9			0.0129865
1			1.9			0.00650241
2			1.9			-0.00650241
3			1.9			-0.0129865
4			1.9			-0.00650241
5			1.9			0.00650241

0			1.95			0.0132043
1			1.95			0.00660848
2			1.95			-0.00660848
3			1.95			-0.0132043
4			1.95			-0.00660848
5			1.95			0.00660848

0			2			0.0133456
1			2			0.00667644
2			2			-0.00667644
3			2			-0.0133456
4			2			-0.00667644
5			2			0.00667644

0			2.05			0.0134096
1			2.05			0.00670589
2			2.05			-0.00670589
3			2.05			-0.0134096
4			2.05			-0.00670589
5			2.05			0.00670589

0			2.1			0.013396
1			2.1			0.00669665
2			2.1			-0.00669665
3			2.1			-0.013396
4			2.1			-0.00669665
5			2.1			0.00669665

0			2.15			0.0133047
1			2.15			0.00664877
2			2.15			-0.00664877
3			2.15			-0.0133047
4			2.15			-0.00664877
5			2.15			0.00664877

0			2.2			0.0131364
1			2.2			0.00656251
2			2.2			-0.00656251
3			2.2			-0.0131364
4			2.2			-0.00656251
5			2.2			0.00656251

0			2.25			0.012892
1			2.25			0.00643836
2			2.25			-0.00643836
3			2.25			-0.012892
4			2.25			-0.00643836
5			2.25			0.00643836

0			2.3			0.0125729
1			2.3			0.00627702
2			2.3			-0.00627702
3			2.3			-0.0125729
4			2.3			-0.00627702
5			2.3			0.00627702

0			2.35			0.0121809
1			2.35			0.0060794
2			2.35			-0.0060794
3			2.35			-0.0121809
4			2.35			-0.0060794
5			2.35			0.0060794

0			2.4			0.0117183
1			2.4			0.00584663
2			2.4			-0.00584663
3			2.4			-0.0117183
4			2.4			-0.00584663
5			2.4			0.00584663

0			2.45			0.0111878
1			2.45			0.00558004
2			2.45			-0.00558004
3			2.45			-0.0111878
4			2.45			-0.00558004
5			2.45			0.00558004

0			2.5			0.0105925
1			2.5			0.00528115
2			2.5			-0.00528115
3			2.5			-0.0105925
4			2.5			-0.00528115
5			2.5			0.00528115

0			2.55			0.00993576
1			2.55			0.00495168
2			2.55			-0.00495168
3			2.55			-0.00993576
4			2.55			-0.00495168
5			2.55			0.00495168

0			2.6			0.00922148
1			2.6			0.00459352
2			2.6			-0.00459352
3			2.6			-0.00922148
4			2.6			-0.00459352
5			2.6			0.00459352

0			2.65			0.00845378
1			2.65			0.00420871
2			2.65			-0.00420871
3			2.65			-0.00845378
4			2.65			-0.00420871
5			2.65			0.00420871

0			2.7			0.00763714
1			2.7			0.00379948
2			2.7			-0.00379948
3			2.7			-0.00763714
4			2.7			-0.00379948
5			2.7			0.00379948

0			2.75			0.0067763
1			2.75			0.00336818
2			2.75			-0.00336818
3			2.75			-0.0067763
4			2.75			-0.00336818
5			2.75			0.00336818

0			2.8			0.00587628
1			2.8			0.00291729
2			2.8			-0.00291729
3			2.8			-0.00587628
4			2.8			-0.00291729
5			2.8			0.00291729

0			2.85			0.00494231
1			2.85			0.00244941
2			2.85			-0.00244941
3			2.85			-0.00494231
4			2.85			-0.00244941
5			2.85			0.00244941

0			2.9			0.00397984
1			2.9			0.00196724
2			2.9			-0.00196724
3			2.9			-0.00397984
4			2.9			-0.00196724
5			2.9			0.00196724

0			2.95			0.00299447
1			2.95			0.00147357
2			2.95			-0.00147357
3			2.95			-0.00299447
4			2.95			-0.00147357
5			2.95			0.00147357

0			3			0.00199194
1			3			0.000971256
2			3			-0.000971256
3			3			-0.00199194
4			3			-0.000971256
5			3			0.000971256

0			3.05			0.000978098
1			3.05			0.000463192
2			3.05			-0.000463192
3			3.05			-0.000978098
4			3.05			-0.000463192
5			3.05			0.000463192

0			3.1			-4.11627e-05
1			3.1			-4.7675e-05
2			3.1			4.7675e-05
3			3.1			4.11627e-05
4			3.1			4.7675e-05
5			3.1			-4.7675e-05

0			3.15			-0.0010599
1			3.15			-0.000558388
2			3.15			0.000558388
3			3.15			0.0010599
4			3.15			0.000558388
5			3.15			-0.000558388

0			3.2			-0.0020722
1			3.2			-0.00106599
2			3.2			0.00106599
3			3.2			0.0020722
4			3.2			0.00106599
5			3.2			-0.00106599

0			3.25			-0.00307216
1			3.25			-0.00156754
2			3.25			0.00156754
3			3.25			0.00307216
4			3.25			0.00156754
5			3.25			-0.00156754

0			3.3			-0.00405397
1			3.3			-0.00206012
2			3.3			0.00206012
3			3.3			0.00405397
4			3.3			0.00206012
5			3.3			-0.00206012

0			3.35			-0.00501193
1			3.35			-0.00254089
2			3.35			0.00254089
3			3.35			0.00501193
4			3.35			0.00254089
5			3.35			-0.00254089

0			3.4			-0.00594048
1			3.4			-0.00300705
2			3.4			0.00300705
3			3.4			0.00594048
4			3.4			0.00300705
5			3.4			-0.00300705

0			3.45			-0.00683423
1			3.45			-0.00345589
2			3.45			0.00345589
3			3.45			0.00683423
4			3.45			0.00345589
5			3.45			-0.00345589

0			3.5			-0.007688
1			3.5			-0.00388483
2			3.5			0.00388483
3			3.5			0.007688
4			3.5			0.00388483
5			3.5			-0.00388483

0			3.55			-0.00849685
1			3.55			-0.00429136
2			3.55			0.00429136
3			3.55			0.00849685
4			3.55			0.00429136
5			3.55			-0.00429136

0			3.6			-0.0092561
1			3.6			-0.00467314
2			3.6			0.00467314
3			3.6			0.0092561
4			3.6			0.00467314
5			3.6			-0.00467314

0			3.65			-0.00996138
1			3.65			-0.00502794
2			3.65			0.00502794
3			3.65			0.00996138
4			3.65			0.00502794
5			3.65			-0.00502794

0			3.7			-0.0106086
1			3.7			-0.00535371
2			3.7			0.00535371
3			3.7			0.0106086
4			3.7			0.00535371
5			3.7			-0.00535371

0			3.75			-0.011194
1			3.75			-0.00564857
2			3.75			0.00564857
3			3.75			0.011194
4			3.75			0.00564857
5			3.75			-0.00564857

0			3.8			-0.0117143
1			3.8			-0.0059108
2			3.8			0.0059108
3			3.8			0.0117143
4			3.8			0.0059108
5			3.8			-0.0059108

0			3.85			-0.0121665
1			3.85			-0.00613889
2			3.85			0.00613889
3			3.85			0.0121665
4			3.85			0.00613889
5			3.85			-0.00613889

0			3.9			-0.012548
1			3.9			-0.00633151
2			3.9			0.00633151
3			3.9			0.012548
4			3.9			0.00633151
5			3.9			-0.00633151

0			3.95			-0.0128565
1			3.95			-0.00648756
2			3.95			0.00648756
3			3.95			0.0128565
4			3.95			0.00648756
5			3.95			-0.00648756

0			4			-0.0130904
1			4			-0.00660613
2			4			0.00660613
3			4			0.0130904
4			4			0.00660613
5			4			-0.00660613

0			4.05			-0.0132483
1			4.05			-0.00668655
2			4.05			0.00668655
3			4.05			0.0132483
4			4.05			0.00668655
5			4.05			-0.00668655

0			4.1			-0.0133293
1			4.1			-0.00672834
2			4.1			0.00672834
3			4.1			0.0133293
4			4.1			0.00672834
5			4.1			-0.00672834

0			4.15			-0.013333
1			4.15			-0.00673127
2			4.15			0.00673127
3			4.15			0.013333
4			4.15			0.00673127
5			4.15			-0.00673127

0			4.2			-0.0132594
1			4.2			-0.00669533
2			4.2			0.00669533
3			4.2			0.0132594
4			4.2			0.00669533
5			4.2			-0.00669533

0			4.25			-0.0131089
1			4.25			-0.00662074
2			4.25			0.00662074
3			4.25			0.0131089
4			4.25			0.00662074
5			4.25			-0.00662074

0			4.3			-0.0128824
1			4.3			-0.00650792
2			4.3			0.00650792
3			4.3			0.0128824
4			4.3			0.00650792
5			4.3			-0.00650792

0			4.35			-0.0125812
1			4.35			-0.00635753
2			4.35			0.00635753
3			4.35			0.0125812
4			4.35			0.00635753
5			4.35			-0.00635753

0			4.4			-0.0122072
1			4.4			-0.00617045
2			4.4			0.00617045
3			4.4			0.0122072
4			4.4			0.00617045
5			4.4			-0.00617045

0			4.45			-0.0117623
1			4.45			-0.00594777
2			4.45			0.00594777
3			4.45			0.0117623
4			4.45			0.00594777
5			4.45			-0.00594777

0			4.5			-0.0112493
1			4.5			-0.00569078
2			4.5			0.00569078
3			4.5			0.0112493
4			4.5			0.00569078
5			4.5			-0.00569078

0			4.55			-0.010671
1			4.55			-0.00540096
2			4.55			0.00540096
3			4.55			0.010671
4			4.55			0.00540096
5			4.55			-0.00540096

0			4.6			-0.0100309
1			4.6			-0.00508001
2			4.6			0.00508001
3			4.6			0.0100309
4			4.6			0.00508001
5			4.6			-0.00508001

0			4.65			-0.00933252
1			4.65			-0.00472977
2			4.65			0.00472977
3			4.65			0.00933252
4			4.65			0.00472977
5			4.65			-0.00472977

0			4.7			-0.00857996
1			4.7			-0.00435228
2			4.7			0.00435228
3			4.7			0.00857996
4			4.7			0.00435228
5			4.7			-0.00435228

0			4.75			-0.00777754
1			4.75			-0.00394973
2			4.75			0.00394973
3			4.75			0.00777754
4			4.75			0.00394973
5			4.75			-0.00394973

0			4.8			-0.00692988
1			4.8			-0.00352444
2			4.8			0.00352444
3			4.8			0.00692988
4			4.8			0.00352444
5			4.8			-0.00352444

0			4.85			-0.00604186
1			4.85			-0.00307888
2			4.85			0.00307888
3			4.85			0.00604186
4			4.85			0.00307888
5			4.85			-0.00307888

0			4.9			-0.00511859
1			4.9			-0.00261562
2			4.9			0.00261562
3			4.9			0.00511859
4			4.9			0.00261562
5			4.9			-0.00261562

0			4.95			-0.00416538
1			4.95			-0.00213736
2			4.95			0.00213736
3			4.95			0.00416538
4			4.95			0.00213736
5			4.95			-0.00213736

0			5			-0.00318774
1			5			-0.00164686
2			5			0.00164686
3			5			0.00318774
4			5			0.00164686
5			5			-0.00164686

0			5.05			-0.00219129
1			5.05			-0.00114695
2			5.05			0.00114695
3			5.05			0.00219129
4			5.05			0.00114695
5			5.05			-0.00114695

0			5.1			-0.00118178
1			5.1			-0.000640543
2			5.1			0.000640543
3			5.1			0.00118178
4			5.1			0.000640543
5			5.1			-0.000640543

0			5.15			-0.000165045
1			5.15			-0.00013056
2			5.15			0.00013056
3			5.15			0.000165045
4			5.15			0.00013056
5			5.15			-0.00013056

0			5.2			0.000853046
1			5.2			0.000380043
2			5.2			-0.000380043
3			5.2			-0.000853046
4			5.2			-0.000380043
5			5.2			0.000380043

0			5.25			0.00186661
1			5.25			0.000888308
2			5.25			-0.000888308
3			5.25			-0.00186661
4			5.25			-0.000888308
5			5.25			0.000888308

0			5.3			0.00286977
1			5.3			0.00139129
2			5.3			-0.00139129
3			5.3			-0.00286977
4			5.3			-0.00139129
5			5.3			0.00139129

0			5.35			0.00385672
1			5.35			0.00188608
2			5.35			-0.00188608
3			5.35			-0.00385672
4			5.35			-0.00188608
5			5.35			0.00188608

0			5.4			0.00482175
1			5.4			0.00236981
2			5.4			-0.00236981
3			5.4			-0.00482175
4			5.4			-0.00236981
5			5.4			0.00236981

0			5.45			0.00575924
1			5.45			0.00283967
2			5.45			-0.00283967
3			5.45			-0.00575924
4			5.45			-0.00283967
5			5.45			0.00283967

0			5.5			0.00666375
1			5.5			0.00329295
2			5.5			-0.00329295
3			5.5			-0.00666375
4			5.5			-0.00329295
5			5.5			0.00329295

0			5.55			0.00753003
1			5.55			0.00372702
2			5.55			-0.00372702
3			5.55			-0.00753003
4			5.55			-0.00372702
5			5.55			0.00372702

0			5.6			0.00835302
1			5.6			0.00413937
2			5.6			-0.00413937
3			5.6			-0.00835302
4			5.6			-0.00413937
5			5.6			0.00413937

0			5.65			0.00912794
1			5.65			0.0045276
2			5.65			-0.0045276
3			5.65			-0.00912794
4			5.65			-0.0045276
5			5.65			0.0045276

0			5.7			0.00985025
1			5.7			0.00488948
2			5.7			-0.00488948
3			5.7			-0.00985025
4			5.7			-0.00488948
5			5.7			0.00488948

0			5.75			0.0105158
1			5.75			0.00522291
2			5.75			-0.00522291
3			5.75			-0.0105158
4			5.75			-0.00522291
5			5.75			0.00522291

0			5.8			0.0111205
1			5.8			0.00552595
2			5.8			-0.00552595
3			5.8			-0.0111205
4			5.8			-0.00552595
5			5.8			0.00552595

0			5.85			0.0116611
1			5.85			0.00579687
2			5.85			-0.00579687
3			5.85			-0.0116611
4			5.85			-0.00579687
5			5.85			0.00579687

0			5.9			0.0121342
1			5.9			0.0060341
2			5.9			-0.0060341
3			5.9			-0.0121342
4			5.9			-0.0060341
5			5.9			0.0060341

0			5.95			0.0125371
1			5.95			0.00623627
2			5.95			-0.00623627
3			5.95			-0.0125371
4			5.95			-0.00623627
5			5.95			0.00623627

0			6			0.0128675
1			6			0.00640221
2			6			-0.00640221
3			6			-0.0128675
4			6			-0.00640221
5			6			0.00640221

0			6.05			0.0131234
1			6.05			0.00653098
2			6.05			-0.00653098
3			6.05			-0.0131234
4			6.05			-0.00653098
5			6.05			0.00653098

0			6.1			0.0133032
1			6.1			0.00662185
2			6.1			-0.00662185
3			6.1			-0.0133032
4			6.1			-0.00662185
5			6.1			0.00662185

0			6.15			0.013406
1			6.15			0.00667428
2			6.15			-0.00667428
3			6.15			-0.013406
4			6.15			-0.00667428
5			6.15			0.00667428

0			6.2			0.0134311
1			6.2			0.00668801
2			6.2			-0.00668801
3			6.2			-0.0134311
4			6.2			-0.00668801
5			6.2			0.00668801

0			6.25			0.0133783
1			6.25			0.00666295
2			6.25			-0.00666295
3			6.25			-0.0133783
4			6.25			-0.00666295
5			6.25			0.00666295

0			6.3			0.013248
1			6.3			0.00659927
2			6.3			-0.00659927
3			6.3			-0.013248
4			6.3			-0.00659927
5			6.3			0.00659927

0			6.35			0.0130408
1			6.35			0.00649735
2			6.35			-0.00649735
3			6.35			-0.0130408
4			6.35			-0.00649735
5			6.35			0.00649735

0			6.4			0.0127581
1			6.4			0.00635779
2			6.4			-0.00635779
3			6.4			-0.0127581
4			6.4			-0.00635779
5			6.4			0.00635779

0			6.45			0.0124013
1			6.45			0.00618142
2			6.45			-0.00618142
3			6.45			-0.0124013
4			6.45			-0.00618142
5			6.45			0.00618142

0			6.5			0.0119727
1			6.5			0.00596926
2			6.5			-0.00596926
3			6.5			-0.0119727
4			6.5			-0.00596926
5			6.5			0.00596926

0			6.55			0.0114746
1			6.55			0.00572257
2			6.55			-0.00572257
3			6.55			-0.0114746
4			6.55			-0.00572257
5			6.55			0.00572257

0			6.6			0.01091
1			6.6			0.00544277
2			6.6			-0.00544277
3			6.6			-0.01091
4			6.6			-0.00544277
5			6.6			0.00544277

0			6.65			0.0102822
1			6.65			0.0051315
2			6.65			-0.0051315
3			6.65			-0.0102822
4			6.65			-0.0051315
5			6.65			0.0051315

0			6.7			0.00959477
1			6.7			0.00479057
2			6.7			-0.00479057
3			6.7			-0.00959477
4			6.7			-0.00479057
5			6.7			0.00479057

0			6.75			0.00885176
1			6.75			0.00442195
2			6.75			-0.00442195
3			6.75			-0.00885176
4			6.75			-0.00442195
5			6.75			0.00442195

0			6.8			0.00805746
1			6.8			0.00402779
2			6.8			-0.00402779
3			6.8			-0.00805746
4			6.8			-0.00402779
5			6.8			0.00402779

0			6.85			0.00721649
1			6.85			0.00361037
2			6.85			-0.00361037
3			6.85			-0.00721649
4			6.85			-0.00361037
5			6.85			0.00361037

0			6.9			0.00633374
1			6.9			0.0031721
2			6.9			-0.0031721
3			6.9			-0.00633374
4			6.9			-0.0031721
5			6.9			0.0031721

0			6.95			0.00541431
1			6.95			0.00271553
2			6.95			-0.00271553
3			6.95			-0.00541431
4			6.95			-0.00271553
5			6.95			0.00271553

0			7			0.00446355
1			7			0.00224328
2			7			-0.00224328
3			7			-0.00446355
4			7			-0.00224328
5			7			0.00224328

0			7.05			0.00348696
1			7.05			0.00175809
2			7.05			-0.00175809
3			7.05			-0.00348696
4			7.05			-0.00175809
5			7.05			0.00175809

0			7.1			0.00249018
1			7.1			0.00126276
2			7.1			-0.00126276
3			7.1			-0.00249018
4			7.1			-0.00126276
5			7.1			0.00126276

0			7.15			0.001479
1			7.15			0.000760142
2			7.15			-0.000760142
3			7.15			-0.001479
4			7.15			-0.000760142
5			7.15			0.000760142

0			7.2			0.000459244
1			7.2			0.00025314
2			7.2			-0.00025314
3			7.2			-0.000459244
4			7.2			-0.00025314
5			7.2			0.00025314

0			7.25			-0.00056318
1			7.25			-0.000255325
2			7.25			0.000255325
3			7.25			0.00056318
4			7.25			0.000255325
5			7.25			-0.000255325

0			7.3			-0.00158237
1			7.3			-0.000762319
2			7.3			0.000762319
3			7.3			0.00158237
4			7.3			0.000762319
5			7.3			-0.000762319

0			7.35			-0.00259245
1			7.35			-0.00126492
2			7.35			0.00126492
3			7.35			0.00259245
4			7.35			0.00126492
5			7.35			-0.00126492

0			7.4			-0.00358759
1			7.4			-0.00176023
2			7.4			0.00176023
3			7.4			0.00358759
4			7.4			0.00176023
5			7.4			-0.00176023

0			7.45			-0.00456206
1			7.45			-0.00224539
2			7.45			0.00224539
3			7.45			0.00456206
4			7.45			0.00224539
5			7.45			-0.00224539

0			7.5			-0.00551023
1			7.5			-0.0027176
2			7.5			0.0027176
3			7.5			0.00551023
4			7.5			0.0027176
5			7.5			-0.0027176

0			7.55			-0.00642665
1			7.55			-0.00317414
2			7.55			0.00317414
3			7.55			0.00642665
4			7.55			0.00317414
5			7.55			-0.00317414

0			7.6			-0.00730603
1			7.6			-0.00361236
2			7.6			0.00361236
3			7.6			0.00730603
4			7.6			0.00361236
5			7.6			-0.00361236

0			7.65			-0.00814332
1			7.65			-0.00402974
2			7.65			0.00402974
3			7.65			0.00814332
4			7.65			0.00402974
5			7.65			-0.00402974

0			7.7			-0.00893369
1			7.7			-0.00442386
2			7.7			0.00442386
3			7.7			0.00893369
4			7.7			0.00442386
5			7.7			-0.00442386

0			7.75			-0.00967259
1			7.75			-0.00479243
2			7.75			0.00479243
3			7.75			0.00967259
4			7.75			0.00479243
5			7.75			-0.00479243

0			7.8			-0.0103558
1			7.8			-0.00513332
2			7.8			0.00513332
3			7.8			0.0103558
4			7.8			0.00513332
5			7.8			-0.00513332

0			7.85			-0.0109793
1			7.85			-0.00544455
2			7.85			0.00544455
3			7.85			0.0109793
4			7.85			0.00544455
5			7.85			-0.00544455

0			7.9			-0.0115396
1			7.9			-0.00572429
2			7.9			0.00572429
3			7.9			0.0115396
4			7.9			0.00572429
5			7.9			-0.00572429

0			7.95			-0.0120334
1			7.95			-0.00597093
2			7.95			0.00597093
3			7.95			0.0120334
4			7.95			0.00597093
5			7.95			-0.00597093

0			8			-0.0124579
1			8			-0.00618301
2			8			0.00618301
3			8			0.0124579
4			8			0.00618301
5			8			-0.00618301

0			8.05			-0.0128107
1			8.05			-0.00635929
2			8.05			0.00635929
3			8.05			0.0128107
4			8.05			0.00635929
5			8.05			-0.00635929

0			8.1			-0.0130896
1			8.1			-0.00649873
2			8.1			0.00649873
3			8.1			0.0130896
4			8.1			0.00649873
5			8.1			-0.00649873

0			8.15			-0.0132931
1			8.15			-0.00660049
2			8.15			0.00660049
3			8.15			0.0132931
4			8.15			0.00660049
5			8.15			-0.00660049

0			8.2			-0.0134201
1			8.2			-0.00666397
2			8.2			0.00666397
3			8.2			0.0134201
4			8.2			0.00666397
5			8.2			-0.00666397

0			8.25			-0.0134697
1			8.25			-0.00668878
2			8.25			0.00668878
3			8.25			0.0134697
4			8.25			0.00668878
5			8.25			-0.00668878

0			8.3			-0.0134416
1			8.3			-0.00667475
2			8.3			0.00667475
3			8.3			0.0134416
4			8.3			0.00667475
5			8.3			-0.00667475

0			8.35			-0.0133361
1			8.35			-0.00662193
2			8.35			0.00662193
3			8.35			0.0133361
4			8.35			0.00662193
5			8.35			-0.00662193

0			8.4			-0.0131538
1			8.4			-0.00653062
2			8.4			0.00653062
3			8.4			0.0131538
4			8.4			0.00653062
5			8.4			-0.00653062

0			8.45			-0.0128956
1			8.45			-0.00640131
2			8.45			0.00640131
3			8.45			0.0128956
4			8.45			0.00640131
5			8.45			-0.00640131

0			8.5			-0.012563
1			8.5			-0.00623474
2			8.5			0.00623474
3			8.5			0.012563
4			8.5			0.00623474
5			8.5			-0.00623474

0			8.55			-0.0121581
1			8.55			-0.00603185
2			8.55			0.00603185
3			8.55			0.0121581
4			8.55			0.00603185
5			8.55			-0.00603185

0			8.6			-0.011683
1			8.6			-0.00579382
2			8.6			0.00579382
3			8.6			0.011683
4			8.6			0.00579382
5			8.6			-0.00579382

0			8.65			-0.0111405
1			8.65			-0.005522
2			8.65			0.005522
3			8.65			0.0111405
4			8.65			0.005522
5			8.65			-0.005522

0			8.7			-0.0105339
1			8.7			-0.00521796
2			8.7			0.00521796
3			8.7			0.0105339
4			8.7			0.00521796
5			8.7			-0.00521796

0			8.75			-0.00986645
1			8.75			-0.00488346
2			8.75			0.00488346
3			8.75			0.00986645
4			8.75			0.00488346
5			8.75			-0.00488346

0			8.8			-0.00914215
1			8.8			-0.00452043
2			8.8			0.00452043
3			8.8			0.00914215
4			8.8			0.00452043
5			8.8			-0.00452043

0			8.85			-0.00836515
1			8.85			-0.00413099
2			8.85			0.00413099
3			8.85			0.00836515
4			8.85			0.00413099
5			8.85			-0.00413099

0			8.9			-0.00753995
1			8.9			-0.00371738
2			8.9			0.00371738
3			8.9			0.00753995
4			8.9			0.00371738
5			8.9			-0.00371738

0			8.95			-0.00667132
1			8.95			-0.00328203
2			8.95			0.00328203
3			8.95			0.00667132
4			8.95			0.00328203
5			8.95			-0.00328203

0			9			-0.00576429
1			9			-0.00282745
2			9			0.00282745
3			9			0.00576429
4			9			0.00282745
5			9			-0.00282745

0			9.05			-0.0048241
1			9.05			-0.00235631
2			9.05			0.00235631
3			9.05			0.0048241
4			9.05			0.00235631
5			9.05			-0.00235631

0			9.1			-0.0038562
1			9.1			-0.00187133
2			9.1			0.00187133
3			9.1			0.0038562
4			9.1			0.00187133
5			9.1			-0.00187133

0			9.15			-0.00286619
1			9.15			-0.00137535
2			9.15			0.00137535
3			9.15			0.00286619
4			9.15			0.00137535
5			9.15			-0.00137535

0			9.2			-0.00185982
1			9.2			-0.000871269
2			9.2			0.000871269
3			9.2			0.00185982
4			9.2			0.000871269
5			9.2			-0.000871269

0			9.25			-0.000842898
1			9.25			-0.000362014
2			9.25			0.000362014
3			9.25			0.000842898
4			9.25			0.000362014
5			9.25			-0.000362014

0			9.3			0.000178669
1			9.3			0.000149443
2			9.3			-0.000149443
3			9.3			-0.000178669
4			9.3			-0.000149443
5			9.3			0.000149443

0			9.35			0.00119897
1			9.35			0.00066012
2			9.35			-0.00066012
3			9.35			-0.00119897
4			9.35			-0.00066012
5			9.35			0.00066012

0			9.4			0.0022121
1			9.4			0.00116704
2			9.4			-0.00116704
3			9.4			-0.0022121
4			9.4			-0.00116704
5			9.4			0.00116704

0			9.45			0.00321218
1			9.45			0.00166726
2			9.45			-0.00166726
3			9.45			-0.00321218
4			9.45			-0.00166726
5			9.45			0.00166726

0			9.5			0.00419343
1			9.5			0.00215786
2			9.5			-0.00215786
3			9.5			-0.00419343
4			9.5			-0.00215786
5			9.5			0.00215786

0			9.55			0.00515017
1			9.55			0.00263598
2			9.55			-0.00263598
3			9.55			-0.00515017
4			9.55			-0.00263598
5			9.55			0.00263598

0			9.6			0.00607686
1			9.6			0.00309887
2			9.6			-0.00309887
3			9.6			-0.00607686
4			9.6			-0.00309887
5			9.6			0.00309887

0			9.65			0.00696815
1			9.65			0.00354381
2			9.65			-0.00354381
3			9.65			-0.00696815
4			9.65			-0.00354381
5			9.65			0.00354381

0			9.7			0.00781887
1			9.7			0.00396825
2			9.7			-0.00396825
3			9.7			-0.00781887
4			9.7			-0.00396825
5			9.7			0.00396825

0			9.75			0.00862413
1			9.75			0.00436972
2			9.75			-0.00436972
3			9.75			-0.00862413
4			9.75			-0.00436972
5			9.75			0.00436972

0			9.8			0.00937926
1			9.8			0.0047459
2			9.8			-0.0047459
3			9.8			-0.00937926
4			9.8			-0.0047459
5			9.8			0.0047459

0			9.85			0.0100799
1			9.85			0.00509461
2			9.85			-0.00509461
3			9.85			-0.0100799
4			9.85			-0.00509461
5			9.85			0.00509461

0			9.9			0.010722
1			9.9			0.00541386
2			9.9			-0.00541386
3			9.9			-0.010722
4			9.9			-0.00541386
5			9.9			0.00541386

0			9.95			0.0113019
1			9.95			0.00570181
2			9.95			-0.00570181
3			9.95			-0.0113019
4			9.95			-0.00570181
5			9.95			0.00570181

0			10			0.0118163
1			10			0.00595679
2			10			-0.00595679
3			10			-0.0118163
4			10			-0.00595679
5			10			0.00595679

0			10.05			0.0122621
1			10.05			0.00617736
2			10.05			-0.00617736
3			10.05			-0.0122621
4			10.05			-0.00617736
5			10.05			0.00617736

0			10.1			0.0126368
1			10.1			0.00636226
2			10.1			-0.00636226
3			10.1			-0.0126368
4			10.1			-0.00636226
5			10.1			0.00636226

0			10.15			0.0129383
1			10.15			0.00651043
2			10.15			-0.00651043
3			10.15			-0.0129383
4			10.15			-0.00651043
5			10.15			0.00651043

0			10.2			0.0131648
1			10.2			0.00662103
2			10.2			-0.00662103
3			10.2			-0.0131648
4			10.2			-0.00662103
5			10.2			0.00662103

0			10.25			0.0133151
1			10.25			0.00669345
2			10.25			-0.00669345
3			10.25			-0.0133151
4			10.25			-0.00669345
5			10.25			0.00669345

0			10.3			0.0133882
1			10.3			0.00672728
2			10.3			-0.00672728
3			10.3			-0.0133882
4			10.3			-0.00672728
5			10.3			0.00672728

0			10.35			0.0133838
1			10.35			0.00672235
2			10.35			-0.00672235
3			10.35			-0.0133838
4			10.35			-0.00672235
5			10.35			0.00672235

0			10.4			0.0133019
1			10.4			0.00667869
2			10.4			-0.00667869
3			10.4			-0.0133019
4			10.4			-0.00667869
5			10.4			0.00667869

0			10.45			0.013143
1			10.45			0.00659658
2			10.45			-0.00659658
3			10.45			-0.013143
4			10.45			-0.00659658
5			10.45			0.00659658

0			10.5			0.0129081
1			10.5			0.0064765
2			10.5			-0.0064765
3			10.5			-0.0129081
4			10.5			-0.0064765
5			10.5			0.0064765

0			10.55			0.0125984
1			10.55			0.00631915
2			10.55			-0.00631915
3			10.55			-0.0125984
4			10.55			-0.00631915
5			10.55			0.00631915

0			10.6			0.0122158
1			10.6			0.00612544
2			10.6			-0.00612544
3			10.6			-0.0122158
4			10.6			-0.00612544
5			10.6			0.00612544

0			10.65			0.0117624
1			10.65			0.0058965
2			10.65			-0.0058965
3			10.65			-0.0117624
4			10.65			-0.0058965
5			10.65			0.0058965

0			10.7			0.011241
1			10.7			0.00563366
2			10.7			-0.00563366
3			10.7			-0.011241
4			10.7			-0.00563366
5			10.7			0.00563366

0			10.75			0.0106545
1			10.75			0.00533842
2			10.75			-0.00533842
3			10.75			-0.0106545
4			10.75			-0.00533842
5			10.75			0.00533842

0			10.8			0.0100063
1			10.8			0.00501249
2			10.8			-0.00501249
3			10.8			-0.0100063
4			10.8			-0.00501249
5			10.8			0.00501249

0			10.85			0.00930021
1			10.85			0.00465774
2			10.85			-0.00465774
3			10.85			-0.00930021
4			10.85			-0.00465774
5			10.85			0.00465774

0			10.9			0.00854023
1			10.9			0.00427622
2			10.9			-0.00427622
3			10.9			-0.00854023
4			10.9			-0.00427622
5			10.9			0.00427622

0			10.95			0.00773079
1			10.95			0.0038701
2			10.95			-0.0038701
3			10.95			-0.00773079
4			10.95			-0.0038701
5			10.95			0.0038701

0			11			0.00687656
1			11			0.00344173
2			11			-0.00344173
3			11			-0.00687656
4			11			-0.00344173
5			11			0.00344173

0			11.05			0.00598249
1			11.05			0.00299355
2			11.05			-0.00299355
3			11.05			-0.00598249
4			11.05			-0.00299355
5			11.05			0.00299355

0			11.1			0.00505375
1			11.1			0.00252816
2			11.1			-0.00252816
3			11.1			-0.00505375
4			11.1			-0.00252816
5			11.1			0.00252816

0			11.15			0.00409571
1			11.15			0.0020482
2			11.15			-0.0020482
3			11.15			-0.00409571
4			11.15			-0.0020482
5			11.15			0.0020482

0			11.2			0.00311393
1			11.2			0.00155645
2			11.2			-0.00155645
3			11.2			-0.00311393
4			11.2			-0.00155645
5			11.2			0.00155645

0			11.25			0.0021141
1			11.25			0.00105572
2			11.25			-0.00105572
3			11.25			-0.0021141
4			11.25			-0.00105572
5			11.25			0.00105572

0			11.3			0.00110201
1			11.3			0.000548895
2			11.3			-0.000548895
3			11.3			-0.00110201
4			11.3			-0.000548895
5			11.3			0.000548895

0			11.35			8.35271e-05
1			11.35			3.88821e-05
2			11.35			-3.88821e-05
3			11.35			-8.35271e-05
4			11.35			-3.88821e-05
5			11.35			3.88821e-05

0			11.4			-0.00093543
1			11.4			-0.000471382
2			11.4			0.000471382
3			11.4			0.00093543
4			11.4			0.000471382
5			11.4			-0.000471382

0			11.45			-0.00194895
1			11.45			-0.000978962
2			11.45			0.000978962
3			11.45			0.00194895
4			11.45			0.000978962
5			11.45			-0.000978962

0			11.5			-0.00295113
1			11.5			-0.00148093
2			11.5			0.00148093
3			11.5			0.00295113
4			11.5			0.00148093
5			11.5			-0.00148093

0			11.55			-0.00393617
1			11.55			-0.0019744
2			11.55			0.0019744
3			11.55			0.00393617
4			11.55			0.0019744
5			11.55			-0.0019744

0			11.6			-0.00489832
1			11.6			-0.00245652
2			11.6			0.00245652
3			11.6			0.00489832
4			11.6			0.00245652
5			11.6			-0.00245652

0			11.65			-0.00583199
1			11.65			-0.00292451
2			11.65			0.00292451
3			11.65			0.00583199
4			11.65			0.00292451
5			11.65			-0.00292451

0			11.7			-0.00673175
1			11.7			-0.00337566
2			11.7			0.00337566
3			11.7			0.00673175
4			11.7			0.00337566
5			11.7			-0.00337566

0			11.75			-0.00759235
1			11.75			-0.00380737
2			11.75			0.00380737
3			11.75			0.00759235
4			11.75			0.00380737
5			11.75			-0.00380737

0			11.8			-0.00840879
1			11.8			-0.00421712
2			11.8			0.00421712
3			11.8			0.00840879
4			11.8			0.00421712
5			11.8			-0.00421712

0			11.85			-0.00917631
1			11.85			-0.00460256
2			11.85			0.00460256
3			11.85			0.00917631
4			11.85			0.00460256
5			11.85			-0.00460256

0			11.9			-0.00989044
1			11.9			-0.00496144
2			11.9			0.00496144
3			11.9			0.00989044
4			11.9			0.00496144
5			11.9			-0.00496144

0			11.95			-0.010547
1			11.95			-0.00529168
2			11.95			0.00529168
3			11.95			0.010547
4			11.95			0.00529168
5			11.95			-0.00529168

0			12			-0.0111422
1			12			-0.00559135
2			12			0.00559135
3			12			0.0111422
4			12			0.00559135
5			12			-0.00559135

0			12.05			-0.0116726
1			12.05			-0.00585873
2			12.05			0.00585873
3			12.05			0.0116726
4			12.05			0.00585873
5			12.05			-0.00585873

0			12.1			-0.0121351
1			12.1			-0.00609225
2			12.1			0.00609225
3			12.1			0.0121351
4			12.1			0.00609225
5			12.1			-0.00609225

0			12.15			-0.0125269
1			12.15			-0.00629054
2			12.15			0.00629054
3			12.15			0.0125269
4			12.15			0.00629054
5			12.15			-0.00629054

0			12.2			-0.0128459
1			12.2			-0.00645246
2			12.2			0.00645246
3			12.2			0.0128459
4			12.2			0.00645246
5			12.2			-0.00645246

0			12.25			-0.0130901
1			12.25			-0.00657706
2			12.25			0.00657706
3			12.25			0.0130901
4			12.25			0.00657706
5			12.25			-0.00657706

0			12.3			-0.0132582
1			12.3			-0.00666361
2			12.3			0.00666361
3			12.3			0.0132582
4			12.3			0.00666361
5			12.3			-0.00666361

0			12.35			-0.0133492
1			12.35			-0.0067116
2			12.35			0.0067116
3			12.35			0.0133492
4			12.35			0.0067116
5			12.35			-0.0067116

0			12.4			-0.0133626
1			12.4			-0.00672075
2			12.4			0.00672075
3			12.4			0.0133626
4			12.4			0.00672075
5			12.4			-0.00672075

0			12.45			-0.0132983
1			12.45			-0.006691
2			12.45			0.006691
3			12.45			0.0132983
4			12.45			0.006691
5			12.45			-0.006691

0			12.5			-0.0131567
1			12.5			-0.00662253
2			12.5			0.00662253
3			12.5			0.0131567
4			12.5			0.00662253
5			12.5			-0.00662253

0			12.55			-0.0129387
1			12.55			-0.00651573
2			12.55			0.00651573
3			12.55			0.0129387
4			12.55			0.00651573
5			12.55			-0.00651573

0			12.6			-0.0126455
1			12.6			-0.00637122
2			12.6			0.00637122
3			12.6			0.0126455
4			12.6			0.00637122
5			12.6			-0.00637122

0			12.65			-0.0122788
1			12.65			-0.00618985
2			12.65			0.00618985
3			12.65			0.0122788
4			12.65			0.00618985
5			12.65			-0.00618985

0			12.7			-0.0118409
1			12.7			-0.00597266
2			12.7			0.00597266
3			12.7			0.0118409
4			12.7			0.00597266
5			12.7			-0.00597266

0			12.75			-0.0113342
1			12.75			-0.00572092
2			12.75			0.00572092
3			12.75			0.0113342
4			12.75			0.00572092
5			12.75			-0.00572092

0			12.8			-0.0107618
1			12.8			-0.0054361
2			12.8			0.0054361
3			12.8			0.0107618
4			12.8			0.0054361
5			12.8			-0.0054361

0			12.85			-0.010127
1			12.85			-0.00511986
2			12.85			0.00511986
3			12.85			0.010127
4			12.85			0.00511986
5			12.85			-0.00511986

0			12.9			-0.00943338
1			12.9			-0.00477403
2			12.9			0.00477403
3			12.9			0.00943338
4			12.9			0.00477403
5			12.9			-0.00477403

0			12.95			-0.0086851
1			12.95			-0.00440063
2			12.95			0.00440063
3			12.95			0.0086851
4			12.95			0.00440063
5			12.95			-0.00440063

0			13			-0.00788647
1			13			-0.00400184
2			13			0.00400184
3			13			0.00788647
4			13			0.00400184
5			13			-0.00400184

0			13.05			-0.00704212
1			13.05			-0.00357997
2			13.05			0.00357997
3			13.05			0.00704212
4			13.05			0.00357997
5			13.05			-0.00357997

0			13.1			-0.00615694
1			13.1			-0.00313747
2			13.1			0.00313747
3			13.1			0.00615694
4			13.1			0.00313747
5			13.1			-0.00313747

0			13.15			-0.00523607
1			13.15			-0.00267692
2			13.15			0.00267692
3			13.15			0.00523607
4			13.15			0.00267692
5			13.15			-0.00267692

0			13.2			-0.00428484
1			13.2			-0.002201
2			13.2			0.002201
3			13.2			0.00428484
4			13.2			0.002201
5			13.2			-0.002201

0			13.25			-0.00330873
1			13.25			-0.00171247
2			13.25			0.00171247
3			13.25			0.00330873
4			13.25			0.00171247
5			13.25			-0.00171247

0			13.3			-0.00231339
1			13.3			-0.00121417
2			13.3			0.00121417
3			13.3			0.00231339
4			13.3			0.00121417
5			13.3			-0.00121417

0			13.35			-0.00130456
1			13.35			-0.00070899
2			13.35			0.00070899
3			13.35			0.00130456
4			13.35			0.00070899
5			13.35			-0.00070899

0			13.4			-0.000288071
1			13.4			-0.000199862
2			13.4			0.000199862
3			13.4			0.000288071
4			13.4			0.000199862
5			13.4			-0.000199862

0			13.45			0.000730223
1			13.45			0.00031026
2			13.45			-0.00031026
3			13.45			-0.000730223
4			13.45			-0.00031026
5			13.45			0.00031026

0			13.5			0.00174445
1			13.5			0.000818417
2			13.5			-0.000818417
3			13.5			-0.00174445
4			13.5			-0.000818417
5			13.5			0.000818417

0			13.55			0.00274877
1			13.55			0.00132167
2			13.55			-0.00132167
3			13.55			-0.00274877
4			13.55			-0.00132167
5			13.55			0.00132167

0			13.6			0.00373739
1			13.6			0.00181709
2			13.6			-0.00181709
3			13.6			-0.00373739
4			13.6			-0.00181709
5			13.6			0.00181709

0			13.65			0.00470461
1			13.65			0.00230181
2			13.65			-0.00230181
3			13.65			-0.00470461
4			13.65			-0.00230181
5			13.65			0.00230181

0			13.7			0.00564487
1			13.7			0.00277303
2			13.7			-0.00277303
3			13.7			-0.00564487
4			13.7			-0.00277303
5			13.7			0.00277303

0			13.75			0.00655274
1			13.75			0.00322802
2			13.75			-0.00322802
3			13.75			-0.00655274
4			13.75			-0.00322802
5			13.75			0.00322802

0			13.8			0.00742299
1			13.8			0.00366415
2			13.8			-0.00366415
3			13.8			-0.00742299
4			13.8			-0.00366415
5			13.8			0.00366415

0			13.85			0.0082506
1			13.85			0.00407888
2			13.85			-0.00407888
3			13.85			-0.0082506
4			13.85			-0.00407888
5			13.85			0.00407888

0			13.9			0.00903079
1			13.9			0.00446982
2			13.9			-0.00446982
3			13.9			-0.00903079
4			13.9			-0.00446982
5			13.9			0.00446982

0			13.95			0.00975906
1			13.95			0.00483472
2			13.95			-0.00483472
3			13.95			-0.00975906
4			13.95			-0.00483472
5			13.95			0.00483472

0			14			0.0104312
1			14			0.00517144
2			14			-0.00517144
3			14			-0.0104312
4			14			-0.00517144
5			14			0.00517144

0			14.05			0.0110433
1			14.05			0.00547806
2			14.05			-0.00547806
3			14.05			-0.0110433
4			14.05			-0.00547806
5			14.05			0.00547806

0			14.1			0.0115918
1			14.1			0.00575279
2			14.1			-0.00575279
3			14.1			-0.0115918
4			14.1			-0.00575279
5			14.1			0.00575279

0			14.15			0.0120736
1			14.15			0.00599405
2			14.15			-0.00599405
3			14.15			-0.0120736
4			14.15			-0.00599405
5			14.15			0.00599405

0			14.2			0.0124857
1			14.2			0.00620044
2			14.2			-0.00620044
3			14.2			-0.0124857
4			14.2			-0.00620044
5			14.2			0.00620044

0			14.25			0.0128259
1			14.25			0.00637077
2			14.25			-0.00637077
3			14.25			-0.0128259
4			14.25			-0.00637077
5			14.25			0.00637077

0			14.3			0.0130921
1			14.3			0.00650405
2			14.3			-0.00650405
3			14.3			-0.0130921
4			14.3			-0.00650405
5			14.3			0.00650405

0			14.35			0.0132828
1			14.35			0.00659952
2			14.35			-0.00659952
3			14.35			-0.0132828
4			14.35			-0.00659952
5			14.35			0.00659952

0			14.4			0.0133968
1			14.4			0.00665662
2			14.4			-0.00665662
3			14.4			-0.0133968
4			14.4			-0.00665662
5			14.4			0.00665662

0			14.45			0.0134334
1			14.45			0.00667502
2			14.45			-0.00667502
3			14.45			-0.0134334
4			14.45			-0.00667502
5			14.45			0.00667502

0			14.5			0.0133924
1			14.5			0.00665462
2			14.5			-0.00665462
3			14.5			-0.0133924
4			14.5			-0.00665462
5			14.5			0.00665462

0			14.55			0.0132739
1			14.55			0.00659555
2			14.55			-0.00659555
3			14.55			-0.0132739
4			14.55			-0.00659555
5			14.55			0.00659555

0			14.6			0.0130786
1			14.6			0.00649814
2			14.6			-0.00649814
3			14.6			-0.0130786
4			14.6			-0.00649814
5			14.6			0.00649814

0			14.65			0.0128077
1			14.65			0.00636296
2			14.65			-0.00636296
3			14.65			-0.0128077
4			14.65			-0.00636296
5			14.65			0.00636296

0			14.7			0.0124625
1			14.7			0.0061908
2			14.7			-0.0061908
3			14.7			-0.0124625
4			14.7			-0.0061908
5			14.7			0.0061908

0			14.75			0.0120452
1			14.75			0.00598266
2			14.75			-0.00598266
3			14.75			-0.0120452
4			14.75			-0.00598266
5			14.75			0.00598266

0			14.8			0.0115581
1			14.8			0.00573976
2			14.8			-0.00573976
3			14.8			-0.0115581
4			14.8			-0.00573976
5			14.8			0.00573976

0			14.85			0.011004
1			14.85			0.0054635
2			14.85			-0.0054635
3			14.85			-0.011004
4			14.85			-0.0054635
5			14.85			0.0054635

0			14.9			0.010386
1			14.9			0.00515549
2			14.9			-0.00515549
3			14.9			-0.010386
4			14.9			-0.00515549
5			14.9			0.00515549

0			14.95			0.00970775
1			14.95			0.00481753
2			14.95			-0.00481753
3			14.95			-0.00970775
4			14.95			-0.00481753
5			14.95			0.00481753

0			15			0.00897316
1			15			0.00445157
2			15			-0.00445157
3			15			-0.00897316
4			15			-0.00445157
5			15			0.00445157

0			15.05			0.00818646
1			15.05			0.00405974
2			15.05			-0.00405974
3			15.05			-0.00818646
4			15.05			-0.00405974
5			15.05			0.00405974

0			15.1			0.00735221
1			15.1			0.00364432
2			15.1			-0.00364432
3			15.1			-0.00735221
4			15.1			-0.00364432
5			15.1			0.00364432

0			15.15			0.00647525
1			15.15			0.00320772
2			15.15			-0.00320772
3			15.15			-0.00647525
4			15.15			-0.00320772
5			15.15			0.00320772

0			15.2			0.00556064
1			15.2			0.00275248
2			15.2			-0.00275248
3			15.2			-0.00556064
4			15.2			-0.00275248
5			15.2			0.00275248

0			15.25			0.00461371
1			15.25			0.00228124
2			15.25			-0.00228124
3			15.25			-0.00461371
4			15.25			-0.00228124
5			15.25			0.00228124

0			15.3			0.00363995
1			15.3			0.00179674
2			15.3			-0.00179674
3			15.3			-0.00363995
4			15.3			-0.00179674
5			15.3			0.00179674

0			15.35			0.00264501
1			15.35			0.00130179
2			15.35			-0.00130179
3			15.35			-0.00264501
4			15.35			-0.00130179
5			15.35			0.00130179

0			15.4			0.00163467
1			15.4			0.000799249
2			15.4			-0.000799249
3			15.4			-0.00163467
4			15.4			-0.000799249
5			15.4			0.000799249

0			15.45			0.000614808
1			15.45			0.000292046
2			15.45			-0.000292046
3			15.45			-0.000614808
4			15.45			-0.000292046
5			15.45			0.000292046

0			15.5			-0.00040866
1			15.5			-0.000216886
2			15.5			0.000216886
3			15.5			0.00040866
4			15.5			0.000216886
5			15.5			-0.000216886

0			15.55			-0.00142979
1			15.55			-0.000724597
2			15.55			0.000724597
3			15.55			0.00142979
4			15.55			0.000724597
5			15.55			-0.000724597

0			15.6			-0.00244264
1			15.6			-0.00122815
2			15.6			0.00122815
3			15.6			0.00244264
4			15.6			0.00122815
5			15.6			-0.00122815

0			15.65			-0.00344135
1			15.65			-0.00172462
2			15.65			0.00172462
3			15.65			0.00344135
4			15.65			0.00172462
5			15.65			-0.00172462

0			15.7			-0.00442011
1			15.7			-0.00221115
2			15.7			0.00221115
3			15.7			0.00442011
4			15.7			0.00221115
5			15.7			-0.00221115

0			15.75			-0.00537324
1			15.75			-0.00268492
2			15.75			0.00268492
3			15.75			0.00537324
4			15.75			0.00268492
5			15.75			-0.00268492

0			15.8			-0.00629523
1			15.8			-0.00314319
2			15.8			0.00314319
3			15.8			0.00629523
4			15.8			0.00314319
5			15.8			-0.00314319

0			15.85			-0.00718073
1			15.85			-0.0035833
2			15.85			0.0035833
3			15.85			0.00718073
4			15.85			0.0035833
5			15.85			-0.0035833

0			15.9			-0.00802462
1			15.9			-0.00400274
2			15.9			0.00400274
3			15.9			0.00802462
4			15.9			0.00400274
5			15.9			-0.00400274

0			15.95			-0.00882203
1			15.95			-0.00439905
2			15.95			0.00439905
3			15.95			0.00882203
4			15.95			0.00439905
5			15.95			-0.00439905

0			16			-0.00956833
1			16			-0.00476997
2			16			0.00476997
3			16			0.00956833
4			16			0.00476997
5			16			-0.00476997

0			16.05			-0.0102592
1			16.05			-0.00511336
2			16.05			0.00511336
3			16.05			0.0102592
4			16.05			0.00511336
5			16.05			-0.00511336

0			16.1			-0.0108908
1			16.1			-0.00542722
2			16.1			0.00542722
3			16.1			0.0108908
4			16.1			0.00542722
5			16.1			-0.00542722

0			16.15			-0.0114593
1			16.15			-0.00570974
2			16.15			0.00570974
3			16.15			0.0114593
4			16.15			0.00570974
5			16.15			-0.00570974

0			16.2			-0.0119615
1			16.2			-0.00595931
2			16.2			0.00595931
3			16.2			0.0119615
4			16.2			0.00595931
5			16.2			-0.00595931

0			16.25			-0.0123946
1			16.25			-0.00617447
2			16.25			0.00617447
3			16.25			0.0123946
4			16.25			0.00617447
5			16.25			-0.00617447

0			16.3			-0.012756
1			16.3			-0.00635398
2			16.3			0.00635398
3			16.3			0.012756
4			16.3			0.00635398
5			16.3			-0.00635398

0			16.35			-0.0130438
1			16.35			-0.0064968
2			16.35			0.0064968
3			16.35			0.0130438
4			16.35			0.0064968
5			16.35			-0.0064968

0			16.4			-0.0132562
1			16.4			-0.00660211
2			16.4			0.00660211
3			16.4			0.0132562
4			16.4			0.00660211
5			16.4			-0.00660211

0			16.45			-0.013392
1			16.45			-0.00666928
2			16.45			0.00666928
3			16.45			0.013392
4			16.45			0.00666928
5			16.45			-0.00666928

0			16.5			-0.0134506
1			16.5			-0.00669793
2			16.5			0.00669793
3			16.5			0.0134506
4			16.5			0.00669793
5			16.5			-0.00669793

0			16.55			-0.0134315
1			16.55			-0.00668787
2			16.55			0.00668787
3			16.55			0.0134315
4			16.55			0.00668787
5			16.55			-0.00668787

0			16.6			-0.013335
1			16.6			-0.00663916
2			16.6			0.00663916
3			16.6			0.013335
4			16.6			0.00663916
5			16.6			-0.00663916

0			16.65			-0.0131616
1			16.65			-0.00655207
2			16.65			0.00655207
3			16.65			0.0131616
4			16.65			0.00655207
5			16.65			-0.00655207

0			16.7			-0.0129123
1			16.7			-0.00642707
2			16.7			0.00642707
3			16.7			0.0129123
4			16.7			0.00642707
5			16.7			-0.00642707

0			16.75			-0.0125886
1			16.75			-0.00626488
2			16.75			0.00626488
3			16.75			0.0125886
4			16.75			0.00626488
5			16.75			-0.00626488

0			16.8			-0.0121924
1			16.8			-0.00606642
2			16.8			0.00606642
3			16.8			0.0121924
4			16.8			0.00606642
5			16.8			-0.00606642

0			16.85			-0.0117259
1			16.85			-0.00583282
2			16.85			0.00583282
3			16.85			0.0117259
4			16.85			0.00583282
5			16.85			-0.00583282

0			16.9			-0.0111918
1			16.9			-0.0055654
2			16.9			0.0055654
3			16.9			0.0111918
4			16.9			0.0055654
5			16.9			-0.0055654

0			16.95			-0.0105934
1			16.95			-0.00526569
2			16.95			0.00526569
3			16.95			0.0105934
4			16.95			0.00526569
5			16.95			-0.00526569

0			17			-0.00993388
1			17			-0.0049354
2			17			0.0049354
3			17			0.00993388
4			17			0.0049354
5			17			-0.0049354

0			17.05			-0.00921721
1			17.05			-0.00457643
2			17.05			0.00457643
3			17.05			0.00921721
4			17.05			0.00457643
5			17.05			-0.00457643

0			17.1			-0.00844749
1			17.1			-0.00419084
2			17.1			0.00419084
3			17.1			0.00844749
4			17.1			0.00419084
5			17.1			-0.00419084

0			17.15			-0.00762915
1			17.15			-0.00378082
2			17.15			0.00378082
3			17.15			0.00762915
4			17.15			0.00378082
5			17.15			-0.00378082

0			17.2			-0.00676691
1			17.2			-0.00334875
2			17.2			0.00334875
3			17.2			0.00676691
4			17.2			0.00334875
5			17.2			-0.00334875

0			17.25			-0.00586575
1			17.25			-0.0028971
2			17.25			0.0028971
3			17.25			0.00586575
4			17.25			0.0028971
5			17.25			-0.0028971

0			17.3			-0.00493086
1			17.3			-0.00242848
2			17.3			0.00242848
3			17.3			0.00493086
4			17.3			0.00242848
5			17.3			-0.00242848

0			17.35			-0.00396763
1			17.35			-0.00194559
2			17.35			0.00194559
3			17.35			0.00396763
4			17.35			0.00194559
5			17.35			-0.00194559

0			17.4			-0.00298161
1			17.4			-0.00145121
2			17.4			0.00145121
3			17.4			0.00298161
4			17.4			0.00145121
5			17.4			-0.00145121

0			17.45			-0.00197851
1			17.45			-0.000948207
2			17.45			0.000948207
3			17.45			0.00197851
4			17.45			0.000948207
5			17.45			-0.000948207

0			17.5			-0.000964096
1			17.5			-0.000439488
2			17.5			0.000439488
3			17.5			0.000964096
4			17.5			0.000439488
5			17.5			-0.000439488

0			17.55			5.57609e-05
1			17.55			7.20003e-05
2			17.55			-7.20003e-05
3			17.55			-5.57609e-05
4			17.55			-7.20003e-05
5			17.55			7.20003e-05

0			17.6			0.00107517
1			17.6			0.000583293
2			17.6			-0.000583293
3			17.6			-0.00107517
4			17.6			-0.000583293
5			17.6			0.000583293

0			17.65			0.00208825
1			17.65			0.00109142
2			17.65			-0.00109142
3			17.65			-0.00208825
4			17.65			-0.00109142
5			17.65			0.00109142

0			17.7			0.00308914
1			17.7			0.00159344
2			17.7			-0.00159344
3			17.7			-0.00308914
4			17.7			-0.00159344
5			17.7			0.00159344

0			17.75			0.00407206
1			17.75			0.00208642
2			17.75			-0.00208642
3			17.75			-0.00407206
4			17.75			-0.00208642
5			17.75			0.00208642

0			17.8			0.0050313
1			17.8			0.00256749
2			17.8			-0.00256749
3			17.8			-0.0050313
4			17.8			-0.00256749
5			17.8			0.00256749

0			17.85			0.00596133
1			17.85			0.00303387
2			17.85			-0.00303387
3			17.85			-0.00596133
4			17.85			-0.00303387
5			17.85			0.00303387

0			17.9			0.00685675
1			17.9			0.00348283
2			17.9			-0.00348283
3			17.9			-0.00685675
4			17.9			-0.00348283
5			17.9			0.00348283

0			17.95			0.00771238
1			17.95			0.00391175
2			17.95			-0.00391175
3			17.95			-0.00771238
4			17.95			-0.00391175
5			17.95			0.00391175

