0			0			-9.58435e-17
1			0			-2.64545e-17
2			0			3.59955e-17
3			0			-4.98733e-17
4			0			1.92988e-16
5			0			-2.90566e-17

0			0.05			-1.0842e-16
1			0.05			-9.80119e-17
2			0.05			-8.67362e-19
3			0.05			-3.72966e-17
4			0.05			2.05565e-16
5			0.05			-4.42354e-17

0			0.1			-1.63064e-16
1			0.1			-2.42861e-17
2			0.1			-2.42861e-17
3			0.1			-2.42861e-17
4			0.1			1.63064e-16
5			0.1			1.04083e-17

0			0.15			5.63785e-18
1			0.15			-1.22732e-16
2			0.15			2.29851e-17
3			0.15			-8.19657e-17
4			0.15			2.16407e-16
5			0.15			-6.1149e-17

0			0.2			3.90313e-18
1			0.2			-5.50775e-17
2			0.2			7.37257e-18
3			0.2			-7.32921e-17
4			0.2			1.76508e-16
5			0.2			-3.16587e-17

0			0.25			-2.08167e-17
1			0.25			-7.28584e-17
2			0.25			-3.46945e-18
3			0.25			-4.85723e-17
4			0.25			2.15106e-16
5			0.25			-9.02056e-17

0			0.3			-2.51535e-17
1			0.3			-8.06646e-17
2			0.3			2.60209e-18
3			0.3			-4.42354e-17
4			0.3			1.50054e-16
5			0.3			-1.64799e-17

0			0.35			-4.64039e-17
1			0.35			-9.15067e-17
2			0.35			-4.29344e-17
3			0.35			-4.38018e-17
4			0.35			1.57426e-16
5			0.35			-3.68629e-17

0			0.4			-1.9082e-17
1			0.4			-3.29597e-17
2			0.4			-7.45931e-17
3			0.4			5.20417e-18
4			0.4			1.30104e-16
5			0.4			-8.67362e-18

0			0.45			-3.29597e-17
1			0.45			-7.45931e-17
2			0.45			-3.29597e-17
3			0.45			-2.94903e-17
4			0.45			1.85615e-16
5			0.45			-3.64292e-17

0			0.5			-1.69136e-17
1			0.5			-6.20164e-17
2			0.5			-4.81386e-17
3			0.5			-3.90313e-18
4			0.5			1.55691e-16
5			0.5			3.03577e-18

0			0.55			-1.17094e-17
1			0.55			-7.76289e-17
2			0.55			-3.59955e-17
3			0.55			-1.60462e-17
4			0.55			1.92121e-16
5			0.55			-5.76796e-17

0			0.6			2.1684e-17
1			0.6			-9.62772e-17
2			0.6			-4.77049e-17
3			0.6			-1.47451e-17
4			0.6			2.14238e-16
5			0.6			-7.71952e-17

0			0.65			-2.60209e-17
1			0.65			-3.98986e-17
2			0.65			-1.02349e-16
3			0.65			4.68375e-17
4			0.65			1.23165e-16
5			0.65			-2.94903e-17

0			0.7			6.50521e-18
1			0.7			-3.85976e-17
2			0.7			-8.0231e-17
3			0.7			2.12504e-17
4			0.7			1.18395e-16
5			0.7			-6.50521e-18

0			0.75			-9.06393e-17
1			0.75			1.34441e-17
2			0.75			-7.67615e-17
3			0.75			2.12504e-17
4			0.75			9.06393e-17
5			0.75			3.51282e-17

0			0.8			-3.25261e-17
1			0.8			2.64545e-17
2			0.8			-9.15067e-17
3			0.8			-2.1684e-18
4			0.8			1.15793e-16
5			0.8			3.25261e-17

0			0.85			-1.04083e-17
1			0.85			-1.38778e-17
2			0.85			-4.85723e-17
3			0.85			-3.46945e-18
4			0.85			1.49186e-16
5			0.85			-4.51028e-17

0			0.9			-8.93383e-17
1			0.9			3.90313e-17
2			0.9			-5.11743e-17
3			0.9			6.07153e-18
4			0.9			8.93383e-17
5			0.9			6.07153e-18

0			0.95			-4.64039e-17
1			0.95			-1.30104e-18
2			0.95			-3.59955e-17
3			0.95			-4.38018e-17
4			0.95			1.43548e-16
5			0.95			-7.84962e-17

0			1			-2.25514e-17
1			1			4.68375e-17
2			1			-1.12757e-16
3			1			4.33681e-17
4			1			-5.20417e-18
5			1			6.41848e-17

0			1.05			-1.17094e-17
1			1.05			4.72712e-17
2			1.05			-8.45678e-17
3			1.05			1.86483e-17
4			1.05			-2.1684e-18
5			1.05			3.9465e-17

0			1.1			-5.20417e-18
1			1.1			8.67362e-18
2			1.1			-6.76542e-17
3			1.1			5.20417e-18
4			1.1			1.9082e-17
5			1.1			3.29597e-17

0			1.15			-1.9082e-17
1			1.15			3.29597e-17
2			1.15			-9.19403e-17
3			1.15			1.21431e-17
4			1.15			5.20417e-18
5			1.15			3.29597e-17

0			1.2			8.41341e-17
1			1.2			-6.07153e-18
2			1.2			-2.68882e-17
3			1.2			-8.41341e-17
4			1.2			9.62772e-17
5			1.2			-4.25007e-17

0			1.25			-5.20417e-18
1			1.25			8.1532e-17
2			1.25			-8.50015e-17
3			1.25			-2.94903e-17
4			1.25			6.07153e-17
5			1.25			-2.25514e-17

0			1.3			1.69136e-17
1			1.3			2.0383e-17
2			1.3			-4.90059e-17
3			1.3			-4.46691e-17
4			1.3			5.24754e-17
5			1.3			-7.24247e-17

0			1.35			3.20924e-17
1			1.35			4.94396e-17
2			1.35			-4.77049e-17
3			1.35			-5.29091e-17
4			1.35			6.50521e-17
5			1.35			-7.37257e-17

0			1.4			5.50775e-17
1			1.4			1.69136e-17
2			1.4			-3.85976e-17
3			1.4			4.33681e-19
4			1.4			4.2067e-17
5			1.4			-4.11997e-17

0			1.45			1.0365e-16
1			1.45			-1.0842e-17
2			1.45			1.69136e-17
3			1.45			-4.81386e-17
4			1.45			6.28837e-17
5			1.45			-1.31405e-16

0			1.5			3.42608e-17
1			1.5			2.73219e-17
2			1.5			-7.67615e-17
3			1.5			2.12504e-17
4			1.5			2.12504e-17
5			1.5			-6.20164e-17

0			1.55			1.01048e-16
1			1.55			3.16587e-17
2			1.55			3.90313e-18
3			1.55			-3.85976e-17
4			1.55			5.1608e-17
5			1.55			-1.28803e-16

0			1.6			1.02782e-16
1			1.6			-1.86483e-17
2			1.6			2.9924e-17
3			1.6			-4.03323e-17
4			1.6			2.21177e-17
5			1.6			-1.86049e-16

0			1.65			1.52656e-16
1			1.65			-2.77556e-17
2			1.65			6.245e-17
3			1.65			-7.63278e-17
4			1.65			6.93889e-17
5			1.65			-1.66533e-16

0			1.7			1.25334e-16
1			1.7			1.0842e-17
2			1.7			3.90313e-18
3			1.7			-4.2067e-17
4			1.7			2.73219e-17
5			1.7			-8.37004e-17

0			1.75			1.53089e-16
1			1.75			4.33681e-19
2			1.75			4.2067e-17
3			1.75			-1.04517e-16
4			1.75			4.11997e-17
5			1.75			-1.53089e-16

0			1.8			1.26201e-16
1			1.8			1.86483e-17
2			1.8			2.55872e-17
3			1.8			-1.51788e-17
4			1.8			2.64545e-17
5			1.8			-1.26201e-16

0			1.85			1.17094e-16
1			1.85			-7.80626e-18
2			1.85			1.99493e-17
3			1.85			-4.77049e-17
4			1.85			3.55618e-17
5			1.85			-1.03216e-16

0			1.9			1.21431e-16
1			1.9			-2.08167e-17
2			1.9			6.245e-17
3			1.9			-1.07553e-16
4			1.9			1.00614e-16
5			1.9			-1.63064e-16

0			1.95			1.63931e-16
1			1.95			-6.50521e-17
2			1.95			1.0842e-16
3			1.95			-1.29237e-16
4			1.95			1.4138e-16
5			1.95			-1.91687e-16

0			2			1.67834e-16
1			2			-2.29851e-17
2			2			6.72205e-17
3			2			-1.05384e-16
4			2			8.19657e-17
5			2			-1.26201e-16

0			2.05			1.50487e-16
1			2.05			-2.64545e-17
2			2.05			3.59955e-17
3			2.05			-1.01915e-16
4			2.05			9.93129e-17
5			2.05			-1.64365e-16

0			2.1			1.25767e-16
1			2.1			-9.54098e-18
2			2.1			1.0842e-16
3			2.1			-1.7434e-16
4			2.1			1.37911e-16
5			2.1			-1.81279e-16

0			2.15			1.21864e-16
1			2.15			-3.42608e-17
2			2.15			1.04517e-16
3			2.15			-1.70437e-16
4			2.15			1.27936e-16
5			2.15			-1.77375e-16

0			2.2			1.26201e-16
1			2.2			-4.03323e-17
2			2.2			7.76289e-17
3			2.2			-1.81712e-16
4			2.2			9.58435e-17
5			2.2			-1.26201e-16

0			2.25			1.5786e-16
1			2.25			-4.33681e-17
2			2.25			8.1532e-17
3			2.25			-1.78677e-16
4			2.25			1.33574e-16
5			2.25			-1.43982e-16

0			2.3			1.96891e-16
1			2.3			-6.33174e-17
2			2.3			7.54605e-17
3			2.3			-1.55258e-16
4			2.3			1.63931e-16
5			2.3			-1.83013e-16

0			2.35			1.99493e-16
1			2.35			-9.19403e-17
2			2.35			7.45931e-17
3			2.35			-1.78677e-16
4			2.35			1.61329e-16
5			2.35			-2.27249e-16

0			2.4			2.01228e-16
1			2.4			-1.07553e-16
2			2.4			8.67362e-17
3			2.4			-1.73472e-16
4			2.4			2.01228e-16
5			2.4			-2.56739e-16

0			2.45			6.37511e-17
1			2.45			1.30104e-18
2			2.45			3.59955e-17
3			2.45			-1.53957e-16
4			2.45			1.44416e-16
5			2.45			-1.19262e-16

0			2.5			1.18829e-16
1			2.5			-2.60209e-18
2			2.5			3.90313e-17
3			2.5			-1.60462e-16
4			2.5			1.58727e-16
5			2.5			-1.7434e-16

0			2.55			1.56992e-16
1			2.55			-6.85216e-17
2			2.55			4.25007e-17
3			2.55			-1.56992e-16
4			2.55			1.34441e-16
5			2.55			-1.7087e-16

0			2.6			1.50054e-16
1			2.6			-9.28077e-17
2			2.6			7.37257e-17
3			2.6			-1.56992e-16
4			2.6			1.13624e-16
5			2.6			-8.06646e-17

0			2.65			1.2837e-16
1			2.65			-6.93889e-17
2			2.65			4.16334e-17
3			2.65			-1.2837e-16
4			2.65			1.21431e-16
5			2.65			-1.2837e-16

0			2.7			1.34875e-16
1			2.7			-4.2067e-17
2			2.7			4.11997e-17
3			2.7			-1.14058e-16
4			2.7			1.42681e-16
5			2.7			-7.93636e-17

0			2.75			1.50921e-16
1			2.75			-9.54098e-17
2			2.75			9.88792e-17
3			2.75			-1.71738e-16
4			2.75			1.82146e-16
5			2.75			-2.2031e-16

0			2.8			1.16226e-16
1			2.8			-5.37764e-17
2			2.8			8.50015e-17
3			2.8			-1.43982e-16
4			2.8			1.61329e-16
5			2.8			-1.02349e-16

0			2.85			7.11237e-17
1			2.85			-4.68375e-17
2			2.85			5.0307e-17
3			2.85			-9.88792e-17
4			2.85			1.50921e-16
5			2.85			-1.26635e-16

0			2.9			6.50521e-17
1			2.9			-7.02563e-17
2			2.9			4.77049e-17
3			2.9			-1.27502e-16
4			2.9			1.84748e-16
5			2.9			-1.20563e-16

0			2.95			8.32667e-17
1			2.95			-8.32667e-17
2			2.95			5.55112e-17
3			2.95			-1.31839e-16
4			2.95			1.94289e-16
5			2.95			-9.71445e-17

0			3			7.15573e-17
1			3			-7.76289e-17
2			3			5.42101e-17
3			3			-1.27068e-16
4			3			1.78243e-16
5			3			-8.54351e-17

0			3.05			4.64039e-17
1			3.05			-6.46184e-17
2			3.05			1.17094e-17
3			3.05			-1.08854e-16
4			3.05			1.2013e-16
5			3.05			-6.02816e-17

0			3.1			1.47451e-17
1			3.1			-3.72966e-17
2			3.1			4.59702e-17
3			3.1			-1.25767e-16
4			3.1			1.93422e-16
5			3.1			-8.41341e-17

0			3.15			3.9465e-17
1			3.15			-5.63785e-18
2			3.15			1.51788e-17
3			3.15			-1.01915e-16
4			3.15			1.13191e-16
5			3.15			-5.33427e-17

0			3.2			3.98986e-17
1			3.2			-5.37764e-17
2			3.2			3.64292e-17
3			3.2			-1.16226e-16
4			3.2			1.26635e-16
5			3.2			-5.37764e-17

0			3.25			-3.77302e-17
1			3.25			4.33681e-19
2			3.25			7.37257e-18
3			3.25			-7.32921e-17
4			3.25			1.34875e-16
5			3.25			-3.16587e-17

0			3.3			5.63785e-18
1			3.3			-8.23994e-18
2			3.3			3.33934e-17
3			3.3			-1.30538e-16
4			3.3			1.60896e-16
5			3.3			-7.50268e-17

0			3.35			3.51282e-17
1			3.35			-6.89553e-17
2			3.35			4.90059e-17
3			3.35			-1.32273e-16
4			3.35			1.86916e-16
5			3.35			-3.51282e-17

0			3.4			3.1225e-17
1			3.4			-7.63278e-17
2			3.4			8.32667e-17
3			3.4			-1.2837e-16
4			3.4			1.9082e-16
5			3.4			-8.67362e-17

0			3.45			2.1684e-17
1			3.45			-9.28077e-17
2			3.45			1.29237e-16
3			3.45			-1.88217e-16
4			3.45			2.83627e-16
5			3.45			-1.32706e-16

0			3.5			-2.42861e-17
1			3.5			-1.38778e-16
2			3.5			1.17961e-16
3			3.5			-1.70003e-16
4			3.5			2.60209e-16
5			3.5			-1.2837e-16

0			3.55			-3.20924e-17
1			3.55			-8.41341e-17
2			3.55			6.85216e-17
3			3.55			-9.97466e-17
4			3.55			2.40259e-16
5			3.55			-1.20563e-16

0			3.6			1.9082e-17
1			3.6			-8.84709e-17
2			3.6			7.11237e-17
3			3.6			-1.23165e-16
4			3.6			2.30718e-16
5			3.6			-1.02349e-16

0			3.65			5.24754e-17
1			3.65			-1.0018e-16
2			3.65			5.24754e-17
3			3.65			-1.21864e-16
4			3.65			2.11203e-16
5			3.65			-1.35742e-16

0			3.7			3.68629e-17
1			3.7			-1.88651e-16
2			3.7			8.19657e-17
3			3.7			-1.13191e-16
4			3.7			2.68448e-16
5			3.7			-1.75641e-16

0			3.75			2.47198e-17
1			3.75			-1.41814e-16
2			3.75			6.63532e-17
3			3.75			-1.01048e-16
4			3.75			2.80592e-16
5			3.75			-1.77375e-16

0			3.8			2.60209e-17
1			3.8			-1.19696e-16
2			3.8			3.98986e-17
3			3.8			-7.45931e-17
4			3.8			2.23779e-16
5			3.8			-9.54098e-17

0			3.85			2.1684e-17
1			3.85			-1.20563e-16
2			3.85			3.90313e-17
3			3.85			-7.71952e-17
4			3.85			1.86483e-16
5			3.85			-3.55618e-17

0			3.9			7.50268e-17
1			3.9			-2.09468e-16
2			3.9			9.58435e-17
3			3.9			-1.23599e-16
4			3.9			2.71918e-16
5			3.9			-1.1666e-16

0			3.95			3.16587e-17
1			3.95			-1.69569e-16
2			3.95			8.0231e-17
3			3.95			-1.07987e-16
4			3.95			2.59775e-16
5			3.95			-1.01048e-16

0			4			5.85469e-17
1			4			-1.63498e-16
2			4			5.85469e-17
3			4			-1.34875e-16
4			4			2.46764e-16
5			4			-7.24247e-17

0			4.05			6.07153e-17
1			4.05			-1.78677e-16
2			4.05			5.72459e-17
3			4.05			-1.30104e-16
4			4.05			2.58474e-16
5			4.05			-1.30104e-16

0			4.1			1.31405e-16
1			4.1			-2.25948e-16
2			4.1			1.6263e-16
3			4.1			-2.49366e-16
4			4.1			4.09828e-16
5			4.1			-2.2855e-16

0			4.15			1.16226e-16
1			4.15			-2.1684e-16
2			4.15			1.50921e-16
3			4.15			-1.92554e-16
4			4.15			3.27863e-16
5			4.15			-1.30104e-16

0			4.2			1.11022e-16
1			4.2			-2.22045e-16
2			4.2			1.249e-16
3			4.2			-2.35922e-16
4			4.2			3.19189e-16
5			4.2			-1.249e-16

0			4.25			1.36609e-16
1			4.25			-2.4503e-16
2			4.25			1.22732e-16
3			4.25			-2.19876e-16
4			4.25			3.35235e-16
5			4.25			-1.22732e-16

0			4.3			1.61329e-16
1			4.3			-2.44596e-16
2			4.3			1.16226e-16
3			4.3			-1.75207e-16
4			4.3			2.96638e-16
5			4.3			-1.05818e-16

0			4.35			1.63064e-16
1			4.35			-2.46331e-16
2			4.35			1.21431e-16
3			4.35			-1.83881e-16
4			4.35			3.36536e-16
5			4.35			-1.63064e-16

0			4.4			1.33574e-16
1			4.4			-2.68882e-16
2			4.4			1.12757e-16
3			4.4			-1.68268e-16
4			4.4			2.96638e-16
5			4.4			-1.61329e-16

0			4.45			1.91253e-16
1			4.45			-2.56305e-16
2			4.45			1.11456e-16
3			4.45			-1.91253e-16
4			4.45			3.22225e-16
5			4.45			-1.63498e-16

0			4.5			2.29851e-16
1			4.5			-2.14238e-16
2			4.5			1.18829e-16
3			4.5			-2.09034e-16
4			4.5			2.83627e-16
5			4.5			-1.7434e-16

0			4.55			1.72605e-16
1			4.55			-2.68015e-16
2			4.55			1.4138e-16
3			4.55			-2.21177e-16
4			4.55			3.54751e-16
5			4.55			-2.14238e-16

0			4.6			1.65232e-16
1			4.6			-2.02529e-16
2			4.6			8.19657e-17
3			4.6			-1.58294e-16
4			4.6			2.92735e-16
5			4.6			-1.51355e-16

0			4.65			1.20563e-16
1			4.65			-1.7434e-16
2			4.65			4.0766e-17
3			4.65			-1.06685e-16
4			4.65			2.68015e-16
5			4.65			-1.06685e-16

0			4.7			1.6263e-16
1			4.7			-2.01662e-16
2			4.7			1.10589e-16
3			4.7			-1.6263e-16
4			4.7			2.95337e-16
5			4.7			-2.32019e-16

0			4.75			1.53523e-16
1			4.75			-2.24647e-16
2			4.75			5.29091e-17
3			4.75			-1.18829e-16
4			4.75			2.76688e-16
5			4.75			-1.95156e-16

0			4.8			1.47451e-16
1			4.8			-2.06432e-16
2			4.8			1.19696e-16
3			4.8			-1.40513e-16
4			4.8			2.8276e-16
5			4.8			-2.44596e-16

0			4.85			1.45283e-16
1			4.85			-1.56559e-16
2			4.85			4.46691e-17
3			4.85			-7.58942e-17
4			4.85			2.01662e-16
5			4.85			-1.86916e-16

0			4.9			1.39645e-16
1			4.9			-1.37911e-16
2			4.9			5.63785e-17
3			4.9			-7.02563e-17
4			4.9			1.93422e-16
5			4.9			-1.81279e-16

0			4.95			9.62772e-17
1			4.95			-1.43115e-16
2			4.95			3.72966e-17
3			4.95			-7.54605e-17
4			4.95			1.95156e-16
5			4.95			-1.93422e-16

0			5			1.07553e-16
1			5			-9.36751e-17
2			5			4.51028e-17
3			5			-7.97973e-17
4			5			1.70003e-16
5			5			-1.49186e-16

0			5.05			8.93383e-17
1			5.05			-7.02563e-17
2			5.05			5.46438e-17
3			5.05			-7.54605e-17
4			5.05			1.60462e-16
5			5.05			-1.30972e-16

0			5.1			1.76942e-16
1			5.1			-1.11022e-16
2			5.1			6.93889e-17
3			5.1			-1.14492e-16
4			5.1			1.70003e-16
5			5.1			-2.18575e-16

0			5.15			1.59595e-16
1			5.15			-1.07553e-16
2			5.15			3.81639e-17
3			5.15			-9.02056e-17
4			5.15			1.59595e-16
5			5.15			-2.01228e-16

0			5.2			1.43115e-16
1			5.2			-8.58688e-17
2			5.2			4.59702e-17
3			5.2			-1.0842e-16
4			5.2			1.62197e-16
5			5.2			-1.84748e-16

0			5.25			9.88792e-17
1			5.25			-6.76542e-17
2			5.25			1.73472e-18
3			5.25			-7.11237e-17
4			5.25			1.50921e-16
5			5.25			-1.96024e-16

0			5.3			9.93129e-17
1			5.3			-3.25261e-17
2			5.3			-4.77049e-18
3			5.3			-4.38018e-17
4			5.3			1.22732e-16
5			5.3			-8.54351e-17

0			5.35			6.46184e-17
1			5.35			-3.25261e-17
2			5.35			7.84962e-17
3			5.35			-7.84962e-17
4			5.35			1.29671e-16
5			5.35			-1.34007e-16

0			5.4			1.72171e-16
1			5.4			-8.45678e-17
2			5.4			7.50268e-17
3			5.4			-9.58435e-17
4			5.4			1.19262e-16
5			5.4			-1.58294e-16

0			5.45			1.75207e-16
1			5.45			-8.84709e-17
2			5.45			5.0307e-17
3			5.45			-1.05818e-16
4			5.45			1.43982e-16
5			5.45			-1.61329e-16

0			5.5			1.78677e-16
1			5.5			-3.98986e-17
2			5.5			6.41848e-17
3			5.5			-8.84709e-17
4			5.5			8.50015e-17
5			5.5			-1.64799e-16

0			5.55			1.04517e-16
1			5.55			-2.73219e-17
2			5.55			2.12504e-17
3			5.55			-4.90059e-17
4			5.55			8.97719e-17
5			5.55			-1.4615e-16

0			5.6			1.53089e-16
1			5.6			-5.50775e-17
2			5.6			7.67615e-17
3			5.6			-1.39212e-16
4			5.6			1.38344e-16
5			5.6			-1.39212e-16

0			5.65			1.61329e-16
1			5.65			-3.98986e-17
2			5.65			5.72459e-17
3			5.65			-1.40513e-16
4			5.65			1.30104e-16
5			5.65			-1.47451e-16

0			5.7			1.40946e-16
1			5.7			-8.10983e-17
2			5.7			6.46184e-17
3			5.7			-1.2013e-16
4			5.7			1.08854e-16
5			5.7			-1.8258e-16

0			5.75			1.61329e-16
1			5.75			-3.98986e-17
2			5.75			5.0307e-17
3			5.75			-9.88792e-17
4			5.75			8.84709e-17
5			5.75			-1.47451e-16

0			5.8			9.54098e-17
1			5.8			-8.67362e-18
2			5.8			1.9082e-17
3			5.8			-6.76542e-17
4			5.8			7.11237e-17
5			5.8			-1.37043e-16

0			5.85			2.2031e-16
1			5.85			-9.88792e-17
2			5.85			5.37764e-17
3			5.85			-9.54098e-17
4			5.85			9.88792e-17
5			5.85			-1.50921e-16

0			5.9			2.54137e-16
1			5.9			-1.20563e-16
2			5.9			1.29237e-16
3			5.9			-2.12504e-16
4			5.9			1.89952e-16
5			5.9			-2.40259e-16

0			5.95			1.64365e-16
1			5.95			-1.02782e-16
2			5.95			1.05384e-16
3			5.95			-1.78243e-16
4			5.95			1.8258e-16
5			5.95			-2.33754e-16

0			6			1.33574e-16
1			6			-8.67362e-18
2			6			3.98986e-17
3			6			-1.68268e-16
4			6			8.84709e-17
5			6			-1.05818e-16

0			6.05			2.30718e-16
1			6.05			-7.80626e-17
2			6.05			8.1532e-17
3			6.05			-1.96024e-16
4			6.05			1.43982e-16
5			6.05			-1.47451e-16

0			6.1			2.11203e-16
1			6.1			-6.63532e-17
2			6.1			9.32414e-17
3			6.1			-1.90386e-16
4			6.1			1.07987e-16
5			6.1			-1.55691e-16

0			6.15			2.50668e-16
1			6.15			-1.37911e-16
2			6.15			1.32706e-16
3			6.15			-2.3679e-16
4			6.15			2.07299e-16
5			6.15			-2.09034e-16

0			6.2			2.13371e-16
1			6.2			-6.07153e-17
2			6.2			1.12757e-16
3			6.2			-2.2031e-16
4			6.2			1.33574e-16
5			6.2			-1.85615e-16

0			6.25			9.28077e-17
1			6.25			-4.59702e-17
2			6.25			7.1991e-17
3			6.25			-2.0383e-16
4			6.25			1.56992e-16
5			6.25			-1.76074e-16

0			6.3			2.07733e-16
1			6.3			-1.04517e-16
2			6.3			1.86916e-16
3			6.3			-2.42428e-16
4			6.3			2.086e-16
5			6.3			-2.21611e-16

0			6.35			1.52656e-16
1			6.35			-1.00614e-16
2			6.35			1.56125e-16
3			6.35			-2.42861e-16
4			6.35			1.80411e-16
5			6.35			-1.66533e-16

0			6.4			1.00614e-16
1			6.4			-5.20417e-17
2			6.4			1.00614e-16
3			6.4			-1.83881e-16
4			6.4			1.49186e-16
5			6.4			-1.70003e-16

0			6.45			1.35308e-16
1			6.45			-6.93889e-17
2			6.45			1.52656e-16
3			6.45			-2.32453e-16
4			6.45			2.25514e-16
5			6.45			-1.49186e-16

0			6.5			1.7087e-16
1			6.5			-6.15827e-17
2			6.5			1.7434e-16
3			6.5			-2.68015e-16
4			6.5			2.17708e-16
5			6.5			-2.40259e-16

0			6.55			2.47632e-16
1			6.55			-6.1149e-17
2			6.55			1.88651e-16
3			6.55			-2.75387e-16
4			6.55			2.10335e-16
5			6.55			-2.05998e-16

0			6.6			1.63931e-16
1			6.6			-4.77049e-17
2			6.6			1.32706e-16
3			6.6			-2.3332e-16
4			6.6			1.55258e-16
5			6.6			-1.36176e-16

0			6.65			1.249e-16
1			6.65			-2.42861e-17
2			6.65			1.42247e-16
3			6.65			-1.8735e-16
4			6.65			1.38778e-16
5			6.65			-1.52656e-16

0			6.7			7.45931e-17
1			6.7			-1.73472e-18
2			6.7			1.16226e-16
3			6.7			-1.78677e-16
4			6.7			1.19696e-16
5			6.7			-1.02349e-16

0			6.75			9.45424e-17
1			6.75			-5.11743e-17
2			6.75			1.7087e-16
3			6.75			-2.12504e-16
4			6.75			1.83013e-16
5			6.75			-1.77809e-16

0			6.8			6.33174e-17
1			6.8			-2.68882e-17
2			6.8			9.1073e-17
3			6.8			-1.60462e-16
4			6.8			1.72605e-16
5			6.8			-1.60462e-16

0			6.85			-1.43115e-17
1			6.85			3.03577e-18
2			6.85			6.54858e-17
3			6.85			-1.38344e-16
4			6.85			1.11456e-16
5			6.85			-8.2833e-17

0			6.9			-1.21431e-17
1			6.9			1.21431e-17
2			6.9			1.09288e-16
3			6.9			-1.89085e-16
4			6.9			1.64799e-16
5			6.9			-1.40513e-16

0			6.95			1.47451e-17
1			6.95			-2.60209e-18
2			6.95			3.90313e-17
3			6.95			-1.04951e-16
4			6.95			8.23994e-17
5			6.95			-5.63785e-17

0			7			3.77302e-17
1			7			-3.51282e-17
2			7			7.58942e-17
3			7			-1.48753e-16
4			7			1.56559e-16
5			7			-9.32414e-17

0			7.05			9.84456e-17
1			7.05			-5.76796e-17
2			7.05			1.29671e-16
3			7.05			-1.67834e-16
4			7.05			1.7911e-16
5			7.05			-9.84456e-17

0			7.1			5.89806e-17
1			7.1			2.42861e-17
2			7.1			1.73472e-17
3			7.1			-9.36751e-17
4			7.1			7.97973e-17
5			7.1			-3.46945e-18

0			7.15			-3.46945e-18
1			7.15			-1.04083e-17
2			7.15			-3.46945e-18
3			7.15			-5.89806e-17
4			7.15			1.00614e-16
5			7.15			3.46945e-18

0			7.2			-4.2067e-17
1			7.2			5.85469e-17
2			7.2			-1.77809e-17
3			7.2			-5.50775e-17
4			7.2			6.98226e-17
5			7.2			-1.34441e-17

0			7.25			-4.33681e-18
1			7.25			-8.67362e-19
2			7.25			1.30104e-17
3			7.25			-9.97466e-17
4			7.25			1.43115e-16
5			7.25			-5.11743e-17

0			7.3			1.73472e-18
1			7.3			8.67362e-18
2			7.3			1.73472e-18
3			7.3			-1.05818e-16
4			7.3			1.50921e-16
5			7.3			-5.72459e-17

0			7.35			-7.02563e-17
1			7.35			1.64799e-17
2			7.35			-1.12757e-17
3			7.35			-6.85216e-17
4			7.35			1.39645e-16
5			7.35			-1.30104e-17

0			7.4			-5.20417e-17
1			7.4			0
2			7.4			-2.08167e-17
3			7.4			-3.81639e-17
4			7.4			1.07553e-16
5			7.4			-3.46945e-18

0			7.45			-8.67362e-17
1			7.45			1.04083e-17
2			7.45			-6.59195e-17
3			7.45			-3.1225e-17
4			7.45			7.28584e-17
5			7.45			4.51028e-17

0			7.5			1.73472e-18
1			7.5			3.29597e-17
2			7.5			-8.50015e-17
3			7.5			-1.73472e-18
4			7.5			9.54098e-17
5			7.5			1.21431e-17

0			7.55			-3.90313e-17
1			7.55			1.30104e-17
2			7.55			-7.02563e-17
3			7.55			-3.03577e-17
4			7.55			1.22298e-16
5			7.55			-2.60209e-18

0			7.6			-7.97973e-17
1			7.6			2.08167e-17
2			7.6			-4.85723e-17
3			7.6			-3.1225e-17
4			7.6			1.21431e-16
5			7.6			5.20417e-17

0			7.65			3.29597e-17
1			7.65			-7.45931e-17
2			7.65			1.56125e-17
3			7.65			-7.45931e-17
4			7.65			1.33574e-16
5			7.65			2.25514e-17

0			7.7			-1.21431e-17
1			7.7			-8.67362e-18
2			7.7			-8.50015e-17
3			7.7			-8.67362e-18
4			7.7			9.54098e-17
5			7.7			6.76542e-17

0			7.75			2.0383e-17
1			7.75			-3.51282e-17
2			7.75			-8.37004e-17
3			7.75			-6.50521e-18
4			7.75			1.4615e-16
5			7.75			7.37257e-18

0			7.8			-4.55365e-17
1			7.8			-2.47198e-17
2			7.8			-9.41087e-17
3			7.8			-3.03577e-18
4			7.8			1.42681e-16
5			7.8			3.90313e-18

0			7.85			-3.42608e-17
1			7.85			-2.0383e-17
2			7.85			-9.67108e-17
3			7.85			-2.12504e-17
4			7.85			1.59161e-16
5			7.85			2.0383e-17

0			7.9			4.33681e-19
1			7.9			-5.1608e-17
2			7.9			-8.63025e-17
3			7.9			-1.43115e-17
4			7.9			1.93855e-16
5			7.9			-1.43115e-17

0			7.95			-4.81386e-17
1			7.95			-6.20164e-17
2			7.95			-8.2833e-17
3			7.95			3.42608e-17
4			7.95			1.31405e-16
5			7.95			3.42608e-17

0			8			1.47451e-17
1			8			-9.62772e-17
2			8			-5.46438e-17
3			8			1.30104e-17
4			8			1.79544e-16
5			8			-2.86229e-17

0			8.05			3.16587e-17
1			8.05			-9.67108e-17
2			8.05			-4.81386e-17
3			8.05			3.03577e-18
4			8.05			1.90386e-16
5			8.05			-1.01048e-16

0			8.1			4.11997e-17
1			8.1			-9.41087e-17
2			8.1			-5.24754e-17
3			8.1			-1.34441e-17
4			8.1			2.086e-16
5			8.1			-5.50775e-17

0			8.15			6.07153e-18
1			8.15			-9.1073e-17
2			8.15			-1.04951e-16
3			8.15			4.94396e-17
4			8.15			1.18829e-16
5			8.15			2.1684e-17

0			8.2			2.64545e-17
1			8.2			-9.15067e-17
2			8.2			-4.98733e-17
3			8.2			2.90566e-17
4			8.2			1.53957e-16
5			8.2			-5.42101e-17

0			8.25			1.43115e-17
1			8.25			-7.58942e-17
2			8.25			-4.11997e-17
3			8.25			6.50521e-18
4			8.25			1.661e-16
5			8.25			-9.75782e-17

0			8.3			7.54605e-17
1			8.3			-1.77809e-16
2			8.3			9.54098e-18
3			8.3			-5.46438e-17
4			8.3			2.57606e-16
5			8.3			-1.58727e-16

0			8.35			7.069e-17
1			8.35			-1.2013e-16
2			8.35			-2.29851e-17
3			8.35			-2.90566e-17
4			8.35			2.06866e-16
5			8.35			-1.12323e-16

0			8.4			7.71952e-17
1			8.4			-1.13624e-16
2			8.4			-5.11743e-17
3			8.4			1.99493e-17
4			8.4			1.44849e-16
5			8.4			-6.33174e-17

0			8.45			-3.38271e-17
1			8.45			-7.89299e-17
2			8.45			-7.89299e-17
3			8.45			7.54605e-17
4			8.45			1.30972e-16
5			8.45			-7.80626e-18

0			8.5			7.28584e-17
1			8.5			-1.17961e-16
2			8.5			0
3			8.5			-2.42861e-17
4			8.5			2.04697e-16
5			8.5			-5.89806e-17

0			8.55			8.76035e-17
1			8.55			-7.89299e-17
2			8.55			-5.11743e-17
3			8.55			-1.12757e-17
4			8.55			1.48319e-16
5			8.55			-8.76035e-17

0			8.6			4.25007e-17
1			8.6			-8.23994e-17
2			8.6			-4.0766e-17
3			8.6			1.30104e-17
4			8.6			1.24033e-16
5			8.6			-9.80119e-17

0			8.65			3.59955e-17
1			8.65			-6.46184e-17
2			8.65			-3.68629e-17
3			8.65			-8.23994e-18
4			8.65			1.86049e-16
5			8.65			-9.15067e-17

0			8.7			6.46184e-17
1			8.7			-7.41594e-17
2			8.7			-2.55872e-17
3			8.7			4.77049e-18
4			8.7			1.57426e-16
5			8.7			-1.2013e-16

0			8.75			1.45717e-16
1			8.75			-1.52656e-16
2			8.75			8.32667e-17
3			8.75			-9.71445e-17
4			8.75			2.15106e-16
5			8.75			-2.01228e-16

0			8.8			1.34007e-16
1			8.8			-1.19262e-16
2			8.8			2.64545e-17
3			8.8			-2.1684e-18
4			8.8			1.43548e-16
5			8.8			-1.2013e-16

0			8.85			6.93889e-18
1			8.85			-2.77556e-17
2			8.85			-6.93889e-17
3			8.85			4.85723e-17
4			8.85			1.04083e-16
5			8.85			-4.85723e-17

0			8.9			1.40079e-16
1			8.9			-1.2013e-16
2			8.9			-9.1073e-18
3			8.9			-1.30104e-18
4			8.9			1.09721e-16
5			8.9			-7.069e-17

0			8.95			1.52656e-16
1			8.95			-5.89806e-17
2			8.95			-3.81639e-17
3			8.95			6.93889e-18
4			8.95			9.71445e-17
5			8.95			-6.93889e-17

0			9			9.93129e-17
1			9			-4.64039e-17
2			9			-2.55872e-17
3			9			-9.1073e-18
4			9			1.08854e-16
5			9			-7.15573e-17

0			9.05			5.85469e-17
1			9.05			-6.28837e-17
2			9.05			-4.2067e-17
3			9.05			3.90313e-18
4			9.05			1.4962e-16
5			9.05			-8.63025e-17

0			9.1			8.67362e-19
1			9.1			1.82146e-17
2			9.1			-6.50521e-17
3			9.1			1.30104e-17
4			9.1			1.24033e-16
5			9.1			-7.02563e-17

0			9.15			-3.64292e-17
1			9.15			-1.56125e-17
2			9.15			-1.19696e-16
3			9.15			4.33681e-17
4			9.15			1.05818e-16
5			9.15			-3.29597e-17

0			9.2			3.64292e-17
1			9.2			-6.07153e-17
2			9.2			-4.68375e-17
3			9.2			1.9082e-17
4			9.2			1.02349e-16
5			9.2			-7.80626e-17

0			9.25			-3.59955e-17
1			9.25			5.07407e-17
2			9.25			-1.36609e-16
3			9.25			7.069e-17
4			9.25			4.98733e-17
5			9.25			-3.33934e-17

0			9.3			1.73472e-18
1			9.3			1.21431e-17
2			9.3			-7.11237e-17
3			9.3			-1.56125e-17
4			9.3			8.1532e-17
5			9.3			-7.11237e-17

0			9.35			-4.11997e-17
1			9.35			1.0842e-17
2			9.35			-7.24247e-17
3			9.35			-4.33681e-19
4			9.35			9.67108e-17
5			9.35			-6.98226e-17

0			9.4			-2.51535e-17
1			9.4			3.03577e-17
2			9.4			-3.90313e-17
3			9.4			-2.34188e-17
4			9.4			9.45424e-17
5			9.4			-4.42354e-17

0			9.45			-1.73472e-17
1			9.45			1.04083e-17
2			9.45			-1.73472e-17
3			9.45			-2.42861e-17
4			9.45			1.00614e-16
5			9.45			-5.20417e-17

0			9.5			-2.38524e-17
1			9.5			6.98226e-17
2			9.5			-8.2833e-17
3			9.5			3.03577e-18
4			9.5			2.38524e-17
5			9.5			9.97466e-18

0			9.55			-6.67869e-17
1			9.55			8.23994e-17
2			9.55			-9.1073e-17
3			9.55			4.33681e-18
4			9.55			2.51535e-17
5			9.55			-2.60209e-18

0			9.6			-9.80119e-17
1			9.6			9.97466e-17
2			9.6			-8.76035e-17
3			9.6			-1.99493e-17
4			9.6			5.63785e-17
5			9.6			1.47451e-17

0			9.65			-9.02056e-17
1			9.65			6.245e-17
2			9.65			-7.63278e-17
3			9.65			-3.46945e-17
4			9.65			7.63278e-17
5			9.65			6.93889e-18

0			9.7			-5.81132e-17
1			9.7			1.04951e-16
2			9.7			-1.17094e-16
3			9.7			1.64799e-17
4			9.7			3.03577e-17
5			9.7			1.64799e-17

0			9.75			-3.68629e-17
1			9.75			9.84456e-17
2			9.75			-6.80879e-17
3			9.75			-2.55872e-17
4			9.75			3.68629e-17
5			9.75			-4.77049e-18

0			9.8			4.77049e-17
1			9.8			4.42354e-17
2			9.8			-2.51535e-17
3			9.8			-8.93383e-17
4			9.8			3.55618e-17
5			9.8			7.80626e-18

0			9.85			-2.60209e-18
1			9.85			1.0842e-16
2			9.85			-5.81132e-17
3			9.85			-6.67869e-17
4			9.85			1.64799e-17
5			9.85			5.81132e-17

0			9.9			1.56125e-17
1			9.9			8.50015e-17
2			9.9			-3.29597e-17
3			9.9			-5.72459e-17
4			9.9			3.98986e-17
5			9.9			3.98986e-17

0			9.95			-1.69136e-17
1			9.95			1.21864e-16
2			9.95			-3.77302e-17
3			9.95			-7.32921e-17
4			9.95			-1.0842e-17
5			9.95			3.03577e-18

0			10			-1.34441e-17
1			10			1.14925e-16
2			10			-3.03577e-18
3			10			-6.98226e-17
4			10			-4.33681e-19
5			10			-4.33681e-19

0			10.05			2.12504e-17
1			10.05			6.28837e-17
2			10.05			2.12504e-17
3			10.05			-1.32273e-16
4			10.05			7.58942e-17
5			10.05			-9.06393e-17

0			10.1			3.64292e-17
1			10.1			1.9082e-17
2			10.1			4.68375e-17
3			10.1			-1.33574e-16
4			10.1			6.07153e-17
5			10.1			-7.80626e-17

0			10.15			4.55365e-17
1			10.15			6.28837e-17
2			10.15			2.81893e-17
3			10.15			-1.28803e-16
4			10.15			5.1608e-17
5			10.15			-5.94143e-17

0			10.2			5.50775e-17
1			10.2			3.77302e-17
2			10.2			3.07913e-17
3			10.2			-1.24466e-16
4			10.2			4.2067e-17
5			10.2			-4.11997e-17

0			10.25			5.81132e-17
1			10.25			3.03577e-17
2			10.25			3.72966e-17
3			10.25			-1.27502e-16
4			10.25			3.90313e-17
5			10.25			-4.42354e-17

0			10.3			3.81639e-17
1			10.3			9.02056e-17
2			10.3			1.38778e-17
3			10.3			-1.00614e-16
4			10.3			3.46945e-18
5			10.3			-3.81639e-17

0			10.35			7.28584e-17
1			10.35			3.1225e-17
2			10.35			7.28584e-17
3			10.35			-1.2837e-16
4			10.35			6.59195e-17
5			10.35			-1.2837e-16

0			10.4			2.21177e-17
1			10.4			1.01915e-16
2			10.4			3.25261e-17
3			10.4			-1.05384e-16
4			10.4			5.63785e-18
5			10.4			-7.76289e-17

0			10.45			4.72712e-17
1			10.45			1.95156e-17
2			10.45			1.1666e-16
3			10.45			-1.86049e-16
4			10.45			1.05384e-16
5			10.45			-1.44416e-16

0			10.5			3.46945e-17
1			10.5			6.93889e-17
2			10.5			9.71445e-17
3			10.5			-1.80411e-16
4			10.5			6.245e-17
5			10.5			-1.17961e-16

0			10.55			8.37004e-17
1			10.55			-9.97466e-18
2			10.55			1.4962e-16
3			10.55			-2.50234e-16
4			10.55			1.661e-16
5			10.55			-1.66967e-16

0			10.6			8.23994e-18
1			10.6			7.41594e-17
2			10.6			5.33427e-17
3			10.6			-1.26201e-16
4			10.6			1.02782e-16
5			10.6			-7.76289e-17

0			10.65			1.04083e-17
1			10.65			4.51028e-17
2			10.65			8.67362e-17
3			10.65			-1.42247e-16
4			10.65			1.2837e-16
5			10.65			-1.35308e-16

0			10.7			1.38778e-17
1			10.7			3.81639e-17
2			10.7			1.00614e-16
3			10.7			-1.45717e-16
4			10.7			1.249e-16
5			10.7			-1.249e-16

0			10.75			1.10589e-16
1			10.75			-1.43115e-17
2			10.75			1.24466e-16
3			10.75			-1.79978e-16
4			10.75			1.25334e-16
5			10.75			-1.661e-16

0			10.8			1.11022e-16
1			10.8			-2.77556e-17
2			10.8			8.32667e-17
3			10.8			-1.66533e-16
4			10.8			1.38778e-16
5			10.8			-1.11022e-16

0			10.85			4.0766e-17
1			10.85			9.54098e-18
2			10.85			3.72966e-17
3			10.85			-1.24033e-16
4			10.85			7.02563e-17
5			10.85			-4.0766e-17

0			10.9			1.36609e-16
1			10.9			-1.95156e-17
2			10.9			9.15067e-17
3			10.9			-1.92121e-16
4			10.9			1.68702e-16
5			10.9			-1.22732e-16

0			10.95			1.07553e-16
1			10.95			-1.38778e-17
2			10.95			5.55112e-17
3			10.95			-1.63064e-16
4			10.95			1.42247e-16
5			10.95			-1.07553e-16

0			11			4.94396e-17
1			11			-6.07153e-18
2			11			1.47451e-17
3			11			-1.18829e-16
4			11			1.03216e-16
5			11			-4.94396e-17

0			11.05			6.59195e-17
1			11.05			-3.46945e-18
2			11.05			1.04083e-17
3			11.05			-9.36751e-17
4			11.05			1.14492e-16
5			11.05			-6.59195e-17

0			11.1			5.11743e-17
1			11.1			-1.82146e-17
2			11.1			2.34188e-17
3			11.1			-1.13624e-16
4			11.1			1.15359e-16
5			11.1			-1.06685e-16

0			11.15			3.64292e-17
1			11.15			-6.76542e-17
2			11.15			8.67362e-18
3			11.15			-7.80626e-17
4			11.15			1.43982e-16
5			11.15			-5.0307e-17

0			11.2			1.38778e-16
1			11.2			-1.07553e-16
2			11.2			7.97973e-17
3			11.2			-1.45717e-16
4			11.2			1.80411e-16
5			11.2			-1.249e-16

0			11.25			6.28837e-17
1			11.25			-4.46691e-17
2			11.25			1.0842e-17
3			11.25			-9.75782e-17
4			11.25			1.59161e-16
5			11.25			-9.06393e-17

0			11.3			-3.90313e-18
1			11.3			-4.90059e-17
2			11.3			1.34441e-17
3			11.3			-8.63025e-17
4			11.3			1.28803e-16
5			11.3			-9.32414e-17

0			11.35			2.60209e-17
1			11.35			-1.56125e-17
2			11.35			-2.25514e-17
3			11.35			-1.9082e-17
4			11.35			9.88792e-17
5			11.35			-3.98986e-17

0			11.4			3.1225e-17
1			11.4			-3.46945e-18
2			11.4			-5.89806e-17
3			11.4			-3.46945e-18
4			11.4			9.36751e-17
5			11.4			2.42861e-17

0			11.45			9.36751e-17
1			11.45			-7.63278e-17
2			11.45			-1.38778e-17
3			11.45			-4.51028e-17
4			11.45			1.56125e-16
5			11.45			-9.36751e-17

0			11.5			8.71699e-17
1			11.5			-9.32414e-17
2			11.5			3.90313e-18
3			11.5			-4.55365e-17
4			11.5			1.76508e-16
5			11.5			-1.01048e-16

0			11.55			3.55618e-17
1			11.55			-7.1991e-17
2			11.55			-2.34188e-17
3			11.55			-2.1684e-17
4			11.55			1.30972e-16
5			11.55			-4.94396e-17

0			11.6			9.58435e-17
1			11.6			-7.069e-17
2			11.6			5.63785e-18
3			11.6			-5.42101e-17
4			11.6			1.40079e-16
5			11.6			-8.19657e-17

0			11.65			3.59955e-17
1			11.65			-6.46184e-17
2			11.65			-2.9924e-17
3			11.65			-2.90566e-17
4			11.65			1.72171e-16
5			11.65			-6.37511e-17

0			11.7			2.68882e-17
1			11.7			-3.20924e-17
2			11.7			-5.9848e-17
3			11.7			8.67362e-19
4			11.7			1.67401e-16
5			11.7			-2.68882e-17

0			11.75			6.93889e-18
1			11.75			-3.1225e-17
2			11.75			-5.89806e-17
3			11.75			6.93889e-18
4			11.75			1.17961e-16
5			11.75			-3.46945e-17

0			11.8			5.89806e-17
1			11.8			-6.59195e-17
2			11.8			-5.20417e-17
3			11.8			-1.73472e-17
4			11.8			1.63064e-16
5			11.8			-7.28584e-17

0			11.85			7.02563e-17
1			11.85			-1.03216e-16
2			11.85			-4.0766e-17
3			11.85			-3.55618e-17
4			11.85			1.79544e-16
5			11.85			-8.41341e-17

0			11.9			5.37764e-17
1			11.9			-1.33574e-16
2			11.9			1.9082e-17
3			11.9			-6.07153e-17
4			11.9			1.68268e-16
5			11.9			-6.76542e-17

0			11.95			2.34188e-17
1			11.95			-8.06646e-17
2			11.95			-3.20924e-17
3			11.95			-1.64799e-17
4			11.95			1.29237e-16
5			11.95			-2.34188e-17

0			12			6.245e-17
1			12			-1.00614e-16
2			12			-1.04083e-17
3			12			0
4			12			1.31839e-16
5			12			-3.46945e-17

0			12.05			5.72459e-17
1			12.05			-1.37043e-16
2			12.05			1.73472e-18
3			12.05			-1.56125e-17
4			12.05			1.78677e-16
5			12.05			-9.88792e-17

0			12.1			8.93383e-17
1			12.1			-1.46584e-16
2			12.1			1.30104e-17
3			12.1			-4.77049e-17
4			12.1			2.43729e-16
5			12.1			-1.72605e-16

0			12.15			6.28837e-17
1			12.15			-1.27936e-16
2			12.15			-3.03577e-18
3			12.15			-4.33681e-19
4			12.15			1.73039e-16
5			12.15			-1.4615e-16

0			12.2			6.67869e-17
1			12.2			-1.30972e-16
2			12.2			8.67362e-19
3			12.2			9.54098e-18
4			12.2			1.96891e-16
5			12.2			-1.36176e-16

0			12.25			3.90313e-18
1			12.25			-1.6263e-16
2			12.25			3.16587e-17
3			12.25			-3.90313e-18
4			12.25			2.32019e-16
5			12.25			-1.28803e-16

0			12.3			8.10983e-17
1			12.3			-1.89519e-16
2			12.3			4.64039e-17
3			12.3			-1.86483e-17
4			12.3			2.24213e-16
5			12.3			-2.05998e-16

0			12.35			8.93383e-17
1			12.35			-1.77809e-16
2			12.35			5.11743e-17
3			12.35			-2.68882e-17
4			12.35			2.15973e-16
5			12.35			-1.44849e-16

0			12.4			1.56125e-16
1			12.4			-2.08167e-16
2			12.4			7.63278e-17
3			12.4			-8.67362e-17
4			12.4			2.46331e-16
5			12.4			-2.39392e-16

0			12.45			1.53089e-16
1			12.45			-1.73039e-16
2			12.45			6.98226e-17
3			12.45			-9.06393e-17
4			12.45			2.21611e-16
5			12.45			-1.53089e-16

0			12.5			1.70003e-16
1			12.5			-2.08167e-16
2			12.5			4.85723e-17
3			12.5			-8.67362e-17
4			12.5			2.60209e-16
5			12.5			-2.25514e-16

0			12.55			1.92554e-16
1			12.55			-1.75207e-16
2			12.55			6.76542e-17
3			12.55			-8.84709e-17
4			12.55			2.51535e-16
5			12.55			-2.48065e-16

0			12.6			1.79544e-16
1			12.6			-2.19443e-16
2			12.6			1.06685e-16
3			12.6			-1.51788e-16
4			12.6			2.92301e-16
5			12.6			-1.79544e-16

0			12.65			1.45717e-16
1			12.65			-2.18575e-16
2			12.65			7.97973e-17
3			12.65			-1.66533e-16
4			12.65			3.1225e-16
5			12.65			-1.45717e-16

0			12.7			1.97325e-16
1			12.7			-2.25948e-16
2			12.7			8.63025e-17
3			12.7			-1.34875e-16
4			12.7			3.02276e-16
5			12.7			-2.11203e-16

0			12.75			1.0018e-16
1			12.75			-1.91253e-16
2			12.75			7.93636e-17
3			12.75			-1.41814e-16
4			12.75			2.88398e-16
5			12.75			-1.69569e-16

0			12.8			1.09721e-16
1			12.8			-1.81712e-16
2			12.8			6.80879e-17
3			12.8			-1.23599e-16
4			12.8			2.92735e-16
5			12.8			-1.37477e-16

0			12.85			4.81386e-17
1			12.85			-1.73906e-16
2			12.85			5.50775e-17
3			12.85			-1.38344e-16
4			12.85			2.98806e-16
5			12.85			-1.59161e-16

0			12.9			2.06432e-16
1			12.9			-2.41127e-16
2			12.9			1.19696e-16
3			12.9			-1.92554e-16
4			12.9			3.48679e-16
5			12.9			-2.34188e-16

0			12.95			2.15973e-16
1			12.95			-2.45463e-16
2			12.95			1.22298e-16
3			12.95			-1.88217e-16
4			12.95			3.53016e-16
5			12.95			-2.57606e-16

0			13			1.43115e-16
1			13			-1.58727e-16
2			13			9.1073e-17
3			13			-1.7087e-16
4			13			2.59341e-16
5			13			-1.56992e-16

0			13.05			2.00361e-16
1			13.05			-2.47198e-16
2			13.05			1.48319e-16
3			13.05			-2.35055e-16
4			13.05			2.71484e-16
5			13.05			-1.44849e-16

0			13.1			1.46584e-16
1			13.1			-2.0383e-16
2			13.1			1.36176e-16
3			13.1			-2.29851e-16
4			13.1			3.25261e-16
5			13.1			-1.7434e-16

0			13.15			1.31405e-16
1			13.15			-1.87784e-16
2			13.15			1.45283e-16
3			13.15			-2.2855e-16
4			13.15			2.71051e-16
5			13.15			-1.59161e-16

0			13.2			1.31405e-16
1			13.2			-1.98192e-16
2			13.2			1.34875e-16
3			13.2			-2.42428e-16
4			13.2			2.57173e-16
5			13.2			-1.59161e-16

0			13.25			1.76942e-16
1			13.25			-1.76942e-16
2			13.25			1.70003e-16
3			13.25			-1.97758e-16
4			13.25			2.39392e-16
5			13.25			-1.76942e-16

0			13.3			1.40079e-16
1			13.3			-1.72171e-16
2			13.3			1.12323e-16
3			13.3			-1.81712e-16
4			13.3			2.48499e-16
5			13.3			-1.9559e-16

0			13.35			7.67615e-17
1			13.35			-1.17528e-16
2			13.35			8.37004e-17
3			13.35			-1.53089e-16
4			13.35			2.14672e-16
5			13.35			-1.32273e-16

0			13.4			1.04517e-16
1			13.4			-1.52222e-16
2			13.4			9.75782e-17
3			13.4			-1.87784e-16
4			13.4			2.14672e-16
5			13.4			-1.60028e-16

0			13.45			1.80845e-16
1			13.45			-1.48753e-16
2			13.45			1.21864e-16
3			13.45			-1.73906e-16
4			13.45			2.49366e-16
5			13.45			-1.66967e-16

0			13.5			1.66533e-16
1			13.5			-1.249e-16
2			13.5			9.71445e-17
3			13.5			-1.80411e-16
4			13.5			2.498e-16
5			13.5			-1.52656e-16

0			13.55			2.86229e-17
1			13.55			-5.81132e-17
2			13.55			3.90313e-17
3			13.55			-1.04951e-16
4			13.55			1.37911e-16
5			13.55			-1.25767e-16

0			13.6			1.39645e-16
1			13.6			-8.58688e-17
2			13.6			6.67869e-17
3			13.6			-1.39645e-16
4			13.6			1.65666e-16
5			13.6			-1.25767e-16

0			13.65			9.28077e-17
1			13.65			-1.1189e-16
2			13.65			9.62772e-17
3			13.65			-1.83013e-16
4			13.65			1.98626e-16
5			13.65			-1.76074e-16

0			13.7			8.1532e-17
1			13.7			-8.1532e-17
2			13.7			9.88792e-17
3			13.7			-1.5786e-16
4			13.7			1.96024e-16
5			13.7			-1.09288e-16

0			13.75			8.54351e-17
1			13.75			-6.37511e-17
2			13.75			8.19657e-17
3			13.75			-1.61763e-16
4			13.75			1.64365e-16
5			13.75			-1.68702e-16

0			13.8			5.33427e-17
1			13.8			-6.1149e-17
2			13.8			1.12323e-16
3			13.8			-1.85182e-16
4			13.8			2.10335e-16
5			13.8			-1.92121e-16

0			13.85			4.72712e-17
1			13.85			9.1073e-18
2			13.85			7.15573e-17
3			13.85			-1.51355e-16
4			13.85			2.02529e-16
5			13.85			-1.72171e-16

0			13.9			-1.04083e-17
1			13.9			3.46945e-18
2			13.9			7.28584e-17
3			13.9			-1.42247e-16
4			13.9			1.63064e-16
5			13.9			-1.14492e-16

0			13.95			2.12504e-17
1			13.95			3.16587e-17
2			13.95			8.0231e-17
3			13.95			-1.53089e-16
4			13.95			1.17528e-16
5			13.95			-1.4615e-16

0			14			1.51788e-17
1			14			-1.25767e-17
2			14			1.05384e-16
3			14			-1.74773e-16
4			14			1.7911e-16
5			14			-1.53957e-16

0			14.05			7.32921e-17
1			14.05			-9.97466e-18
2			14.05			1.28803e-16
3			14.05			-2.1207e-16
4			14.05			2.04264e-16
5			14.05			-2.1207e-16

0			14.1			1.31405e-16
1			14.1			-4.2067e-17
2			14.1			1.73039e-16
3			14.1			-2.42428e-16
4			14.1			2.15539e-16
5			14.1			-2.14672e-16

0			14.15			9.45424e-17
1			14.15			-6.07153e-18
2			14.15			1.1189e-16
3			14.15			-1.91687e-16
4			14.15			1.13624e-16
5			14.15			-1.22298e-16

0			14.2			9.19403e-17
1			14.2			-1.9082e-17
2			14.2			1.26635e-16
3			14.2			-2.1684e-16
4			14.2			1.71738e-16
5			14.2			-1.19696e-16

0			14.25			1.43115e-16
1			14.25			-9.54098e-18
2			14.25			1.43115e-16
3			14.25			-1.84748e-16
4			14.25			1.48319e-16
5			14.25			-1.84748e-16

0			14.3			1.91687e-16
1			14.3			-1.64799e-17
2			14.3			1.43115e-16
3			14.3			-2.40259e-16
4			14.3			1.55258e-16
5			14.3			-1.50054e-16

0			14.35			2.09034e-16
1			14.35			-7.54605e-17
2			14.35			1.46584e-16
3			14.35			-2.02095e-16
4			14.35			1.79544e-16
5			14.35			-2.09034e-16

0			14.4			2.23346e-16
1			14.4			-5.42101e-17
2			14.4			1.40079e-16
3			14.4			-2.09468e-16
4			14.4			1.65232e-16
5			14.4			-2.23346e-16

0			14.45			2.04697e-16
1			14.45			-5.20417e-17
2			14.45			1.14492e-16
3			14.45			-2.18575e-16
4			14.45			1.2837e-16
5			14.45			-1.76942e-16

0			14.5			1.15359e-16
1			14.5			-4.42354e-17
2			14.5			1.29237e-16
3			14.5			-2.3332e-16
4			14.5			1.76074e-16
5			14.5			-1.7087e-16

0			14.55			1.83013e-16
1			14.55			-4.94396e-17
2			14.55			1.03216e-16
3			14.55			-2.17708e-16
4			14.55			1.63931e-16
5			14.55			-1.83013e-16

0			14.6			1.61329e-16
1			14.6			-6.07153e-17
2			14.6			8.50015e-17
3			14.6			-2.09902e-16
4			14.6			1.85615e-16
5			14.6			-1.89085e-16

0			14.65			1.75641e-16
1			14.65			-8.10983e-17
2			14.65			1.34007e-16
3			14.65			-2.31152e-16
4			14.65			1.85182e-16
5			14.65			-2.58907e-16

0			14.7			1.92121e-16
1			14.7			-7.50268e-17
2			14.7			1.26201e-16
3			14.7			-2.12937e-16
4			14.7			1.40946e-16
5			14.7			-2.19876e-16

0			14.75			2.55872e-16
1			14.75			-1.01481e-16
2			14.75			1.20563e-16
3			14.75			-2.48933e-16
4			14.75			1.7434e-16
5			14.75			-2.00361e-16

0			14.8			2.32453e-16
1			14.8			-8.32667e-17
2			14.8			9.71445e-17
3			14.8			-1.9082e-16
4			14.8			1.70003e-16
5			14.8			-1.76942e-16

0			14.85			2.96638e-16
1			14.85			-1.43982e-16
2			14.85			1.33574e-16
3			14.85			-2.27249e-16
4			14.85			2.44596e-16
5			14.85			-1.71738e-16

0			14.9			1.67401e-16
1			14.9			-9.62772e-17
2			14.9			8.41341e-17
3			14.9			-1.67401e-16
4			14.9			1.79544e-16
5			14.9			-1.53523e-16

0			14.95			1.91253e-16
1			14.95			-1.17528e-16
2			14.95			1.04517e-16
3			14.95			-2.05131e-16
4			14.95			2.80592e-16
5			14.95			-2.88398e-16

0			15			1.18395e-16
1			15			-3.07913e-17
2			15			1.77809e-17
3			15			-1.18395e-16
4			15			1.59161e-16
5			15			-1.4615e-16

0			15.05			1.38778e-16
1			15.05			-1.00614e-16
2			15.05			1.14492e-16
3			15.05			-1.8735e-16
4			15.05			2.498e-16
5			15.05			-2.22045e-16

0			15.1			1.50487e-16
1			15.1			-1.44416e-16
2			15.1			1.40079e-16
3			15.1			-1.85182e-16
4			15.1			2.10335e-16
5			15.1			-2.19876e-16

0			15.15			1.73906e-16
1			15.15			-1.10589e-16
2			15.15			1.60028e-16
3			15.15			-2.36356e-16
4			15.15			2.2855e-16
5			15.15			-2.43295e-16

0			15.2			2.56739e-16
1			15.2			-1.8735e-16
2			15.2			1.52656e-16
3			15.2			-2.28983e-16
4			15.2			2.42861e-16
5			15.2			-2.70617e-16

0			15.25			2.0383e-16
1			15.25			-1.18829e-16
2			15.25			1.17094e-16
3			15.25			-1.89952e-16
4			15.25			2.54137e-16
5			15.25			-2.0383e-16

0			15.3			1.47885e-16
1			15.3			-4.98733e-17
2			15.3			5.42101e-17
3			15.3			-1.40946e-16
4			15.3			1.71304e-16
5			15.3			-1.47885e-16

0			15.35			7.71952e-17
1			15.35			-6.15827e-17
2			15.35			4.25007e-17
3			15.35			-1.18829e-16
4			15.35			1.44849e-16
5			15.35			-1.32706e-16

0			15.4			1.64799e-16
1			15.4			-1.16226e-16
2			15.4			9.88792e-17
3			15.4			-1.43982e-16
4			15.4			2.23779e-16
5			15.4			-2.2031e-16

0			15.45			1.44849e-16
1			15.45			-1.22298e-16
2			15.45			5.11743e-17
3			15.45			-9.62772e-17
4			15.45			2.15973e-16
5			15.45			-2.55872e-16

0			15.5			1.37477e-16
1			15.5			-1.29671e-16
2			15.5			5.76796e-17
3			15.5			-1.02782e-16
4			15.5			1.81712e-16
5			15.5			-1.65232e-16

0			15.55			1.04951e-16
1			15.55			-1.10155e-16
2			15.55			1.47451e-17
3			15.55			-4.94396e-17
4			15.55			1.72605e-16
5			15.55			-1.18829e-16

0			15.6			1.27068e-16
1			15.6			-9.84456e-17
2			15.6			-1.30104e-18
3			15.6			-6.46184e-17
4			15.6			1.64365e-16
5			15.6			-1.40946e-16

0			15.65			9.06393e-17
1			15.65			-1.24466e-16
2			15.65			2.81893e-17
3			15.65			-6.98226e-17
4			15.65			1.86916e-16
5			15.65			-1.73906e-16

0			15.7			3.9465e-17
1			15.7			-8.54351e-17
2			15.7			2.55872e-17
3			15.7			-6.02816e-17
4			15.7			1.27068e-16
5			15.7			-1.78243e-16

0			15.75			5.72459e-17
1			15.75			-8.50015e-17
2			15.75			5.20417e-18
3			15.75			-2.25514e-17
4			15.75			1.50921e-16
5			15.75			-8.50015e-17

0			15.8			1.02349e-16
1			15.8			-9.19403e-17
2			15.8			-1.73472e-18
3			15.8			-1.21431e-17
4			15.8			1.19696e-16
5			15.8			-8.84709e-17

0			15.85			1.37043e-16
1			15.85			-1.16226e-16
2			15.85			2.25514e-17
3			15.85			-3.98986e-17
4			15.85			1.5439e-16
5			15.85			-1.23165e-16

0			15.9			6.76542e-17
1			15.9			-1.43982e-16
2			15.9			2.25514e-17
3			15.9			-4.68375e-17
4			15.9			1.68268e-16
5			15.9			-1.23165e-16

0			15.95			-8.67362e-18
1			15.95			-8.50015e-17
2			15.95			-8.67362e-18
3			15.95			-5.20417e-18
4			15.95			1.33574e-16
5			15.95			-1.02349e-16

0			16			2.86229e-17
1			16			-5.81132e-17
2			16			-4.42354e-17
3			16			4.0766e-17
4			16			1.24033e-16
5			16			-4.25007e-17

0			16.05			2.73219e-17
1			16.05			-1.14925e-16
2			16.05			-1.0842e-17
3			16.05			-5.50775e-17
4			16.05			1.94723e-16
5			16.05			-9.67108e-17

0			16.1			1.04083e-17
1			16.1			-1.00614e-16
2			16.1			-3.1225e-17
3			16.1			-1.04083e-17
4			16.1			1.56125e-16
5			16.1			-2.42861e-17

0			16.15			1.60462e-17
1			16.15			-4.64039e-17
2			16.15			-6.02816e-17
3			16.15			-2.9924e-17
4			16.15			1.64365e-16
5			16.15			-2.1684e-18

0			16.2			3.20924e-17
1			16.2			-5.11743e-17
2			16.2			-5.81132e-17
3			16.2			-1.12757e-17
4			16.2			1.34441e-16
5			16.2			9.54098e-18

0			16.25			7.80626e-18
1			16.25			-8.58688e-17
2			16.25			-2.34188e-17
3			16.25			-3.55618e-17
4			16.25			1.86483e-16
5			16.25			-2.1684e-17

0			16.3			-1.34441e-17
1			16.3			-4.46691e-17
2			16.3			-7.24247e-17
3			16.3			1.34441e-17
4			16.3			1.661e-16
5			16.3			-4.33681e-19

0			16.35			-2.25514e-17
1			16.35			-6.41848e-17
2			16.35			-7.11237e-17
3			16.35			1.73472e-18
4			16.35			1.33574e-16
5			16.35			-3.29597e-17

0			16.4			9.54098e-18
1			16.4			-1.0842e-16
2			16.4			-1.12757e-17
3			16.4			-5.11743e-17
4			16.4			2.26381e-16
5			16.4			-6.50521e-17

0			16.45			-1.02349e-16
1			16.45			-3.98986e-17
2			16.45			-1.37043e-16
3			16.45			6.76542e-17
4			16.45			1.30104e-16
5			16.45			4.68375e-17

0			16.5			-9.97466e-18
1			16.5			-4.46691e-17
2			16.5			-7.93636e-17
3			16.5			1.69136e-17
4			16.5			7.93636e-17
5			16.5			2.38524e-17

0			16.55			-1.77809e-17
1			16.55			-1.18395e-16
2			16.55			-3.51282e-17
3			16.55			-5.1608e-17
4			16.55			2.39826e-16
5			16.55			-2.38524e-17

0			16.6			3.38271e-17
1			16.6			-1.32706e-16
2			16.6			-2.1684e-17
3			16.6			-4.77049e-17
4			16.6			2.29851e-16
5			16.6			-8.93383e-17

0			16.65			-2.94903e-17
1			16.65			-1.26635e-16
2			16.65			-2.94903e-17
3			16.65			-5.20417e-18
4			16.65			2.09902e-16
5			16.65			-5.37764e-17

0			16.7			8.23994e-18
1			16.7			-1.54824e-16
2			16.7			-2.29851e-17
3			16.7			-4.29344e-17
4			16.7			2.55438e-16
5			16.7			-7.76289e-17

0			16.75			3.90313e-18
1			16.75			-8.97719e-17
2			16.75			-3.42608e-17
3			16.75			-3.85976e-17
4			16.75			2.04264e-16
5			16.75			-4.55365e-17

0			16.8			-1.04083e-17
1			16.8			-7.63278e-17
2			16.8			-4.16334e-17
3			16.8			-3.1225e-17
4			16.8			1.63064e-16
5			16.8			-3.1225e-17

0			16.85			2.55872e-17
1			16.85			-6.1149e-17
2			16.85			-8.19657e-17
3			16.85			1.60462e-17
4			16.85			1.68702e-16
5			16.85			-3.9465e-17

0			16.9			9.1073e-17
1			16.9			-1.06685e-16
2			16.9			-9.54098e-18
3			16.9			-6.33174e-17
4			16.9			2.14238e-16
5			16.9			-3.55618e-17

0			16.95			2.29851e-17
1			16.95			-8.45678e-17
2			16.95			-8.23994e-18
3			16.95			-6.46184e-17
4			16.95			1.85182e-16
5			16.95			-7.84962e-17

0			17			6.20164e-17
1			17			-8.0231e-17
2			17			-3.90313e-18
3			17			-8.2833e-17
4			17			1.73906e-16
5			17			-6.20164e-17

0			17.05			-5.11743e-17
1			17.05			7.80626e-18
2			17.05			-6.15827e-17
3			17.05			-1.82146e-17
4			17.05			1.06685e-16
5			17.05			5.11743e-17

0			17.1			-7.1991e-17
1			17.1			7.80626e-18
2			17.1			-6.07153e-18
3			17.1			-2.51535e-17
4			17.1			1.69136e-16
5			17.1			-5.29091e-17

0			17.15			-3.81639e-17
1			17.15			-5.20417e-17
2			17.15			5.89806e-17
3			17.15			-1.14492e-16
4			17.15			2.04697e-16
5			17.15			-8.67362e-17

0			17.2			3.07913e-17
1			17.2			-8.71699e-17
2			17.2			6.54858e-17
3			17.2			-1.27936e-16
4			17.2			2.19009e-16
5			17.2			-1.0018e-16

0			17.25			1.73472e-18
1			17.25			-2.94903e-17
2			17.25			3.98986e-17
3			17.25			-1.40513e-16
4			17.25			2.06432e-16
5			17.25			-1.26635e-16

0			17.3			-3.46945e-17
1			17.3			-2.77556e-17
2			17.3			3.46945e-17
3			17.3			-1.17961e-16
4			17.3			1.8735e-16
5			17.3			-7.63278e-17

0			17.35			1.17094e-17
1			17.35			-5.63785e-18
2			17.35			2.21177e-17
3			17.35			-8.10983e-17
4			17.35			1.40946e-16
5			17.35			-3.9465e-17

0			17.4			4.85723e-17
1			17.4			-6.245e-17
2			17.4			1.04083e-16
3			17.4			-1.80411e-16
4			17.4			1.8735e-16
5			17.4			-7.63278e-17

0			17.45			2.25514e-17
1			17.45			-5.72459e-17
2			17.45			6.76542e-17
3			17.45			-1.47451e-16
4			17.45			1.71738e-16
5			17.45			-6.41848e-17

0			17.5			6.59195e-17
1			17.5			-1.38778e-17
2			17.5			2.77556e-17
3			17.5			-8.67362e-17
4			17.5			1.14492e-16
5			17.5			3.46945e-18

0			17.55			1.21431e-17
1			17.55			5.0307e-17
2			17.55			-1.21431e-17
3			17.55			-8.1532e-17
4			17.55			7.11237e-17
5			17.55			1.73472e-18

0			17.6			-5.85469e-17
1			17.6			5.24754e-17
2			17.6			-3.77302e-17
3			17.6			-1.0842e-17
4			17.6			4.46691e-17
5			17.6			-3.85976e-17

0			17.65			3.03577e-17
1			17.65			-8.67362e-19
2			17.65			4.0766e-17
3			17.65			-1.13624e-16
4			17.65			9.45424e-17
5			17.65			-8.58688e-17

0			17.7			4.77049e-18
1			17.7			5.33427e-17
2			17.7			1.17094e-17
3			17.7			-6.72205e-17
4			17.7			7.84962e-17
5			17.7			-3.25261e-17

0			17.75			-1.04083e-17
1			17.75			5.55112e-17
2			17.75			6.93889e-18
3			17.75			-3.81639e-17
4			17.75			2.42861e-17
5			17.75			-4.51028e-17

0			17.8			6.20164e-17
1			17.8			6.20164e-17
2			17.8			-1.43115e-17
3			17.8			-4.81386e-17
4			17.8			7.37257e-18
5			17.8			-3.42608e-17

0			17.85			1.60462e-17
1			17.85			1.25767e-17
2			17.85			-3.59955e-17
3			17.85			-2.29851e-17
4			17.85			6.72205e-17
5			17.85			-2.1684e-18

0			17.9			5.63785e-18
1			17.9			1.60462e-17
2			17.9			-3.9465e-17
3			17.9			-3.33934e-17
4			17.9			7.76289e-17
5			17.9			-6.1149e-17

0			17.95			-2.55872e-17
1			17.95			8.54351e-17
2			17.95			-5.33427e-17
3			17.95			-2.29851e-17
4			17.95			1.17094e-17
5			17.95			-1.60462e-17

