0			0			-0.191332
1			0			0.191332
2			0			-0.191332
3			0			0.191332
4			0			-0.191332
5			0			0.191332

0			0.05			-0.191185
1			0.05			0.191185
2			0.05			-0.191185
3			0.05			0.191185
4			0.05			-0.191185
5			0.05			0.191185

0			0.1			-0.190745
1			0.1			0.190745
2			0.1			-0.190745
3			0.1			0.190745
4			0.1			-0.190745
5			0.1			0.190745

0			0.15			-0.190014
1			0.15			0.190014
2			0.15			-0.190014
3			0.15			0.190014
4			0.15			-0.190014
5			0.15			0.190014

0			0.2			-0.188996
1			0.2			0.188996
2			0.2			-0.188996
3			0.2			0.188996
4			0.2			-0.188996
5			0.2			0.188996

0			0.25			-0.187696
1			0.25			0.187696
2			0.25			-0.187696
3			0.25			0.187696
4			0.25			-0.187696
5			0.25			0.187696

0			0.3			-0.186121
1			0.3			0.186121
2			0.3			-0.186121
3			0.3			0.186121
4			0.3			-0.186121
5			0.3			0.186121

0			0.35			-0.18428
1			0.35			0.18428
2			0.35			-0.18428
3			0.35			0.18428
4			0.35			-0.18428
5			0.35			0.18428

0			0.4			-0.18218
1			0.4			0.18218
2			0.4			-0.18218
3			0.4			0.18218
4			0.4			-0.18218
5			0.4			0.18218

0			0.45			-0.179834
1			0.45			0.179834
2			0.45			-0.179834
3			0.45			0.179834
4			0.45			-0.179834
5			0.45			0.179834

0			0.5			-0.177251
1			0.5			0.177251
2			0.5			-0.177251
3			0.5			0.177251
4			0.5			-0.177251
5			0.5			0.177251

0			0.55			-0.174442
1			0.55			0.174442
2			0.55			-0.174442
3			0.55			0.174442
4			0.55			-0.174442
5			0.55			0.174442

0			0.6			-0.171421
1			0.6			0.171421
2			0.6			-0.171421
3			0.6			0.171421
4			0.6			-0.171421
5			0.6			0.171421

0			0.65			-0.168199
1			0.65			0.168199
2			0.65			-0.168199
3			0.65			0.168199
4			0.65			-0.168199
5			0.65			0.168199

0			0.7			-0.164789
1			0.7			0.164789
2			0.7			-0.164789
3			0.7			0.164789
4			0.7			-0.164789
5			0.7			0.164789

0			0.75			-0.161204
1			0.75			0.161204
2			0.75			-0.161204
3			0.75			0.161204
4			0.75			-0.161204
5			0.75			0.161204

0			0.8			-0.157454
1			0.8			0.157454
2			0.8			-0.157454
3			0.8			0.157454
4			0.8			-0.157454
5			0.8			0.157454

0			0.85			-0.153553
1			0.85			0.153553
2			0.85			-0.153553
3			0.85			0.153553
4			0.85			-0.153553
5			0.85			0.153553

0			0.9			-0.149511
1			0.9			0.149511
2			0.9			-0.149511
3			0.9			0.149511
4			0.9			-0.149511
5			0.9			0.149511

0			0.95			-0.145338
1			0.95			0.145338
2			0.95			-0.145338
3			0.95			0.145338
4			0.95			-0.145338
5			0.95			0.145338

0			1			-0.141043
1			1			0.141043
2			1			-0.141043
3			1			0.141043
4			1			-0.141043
5			1			0.141043

0			1.05			-0.136637
1			1.05			0.136637
2			1.05			-0.136637
3			1.05			0.136637
4			1.05			-0.136637
5			1.05			0.136637

0			1.1			-0.132125
1			1.1			0.132125
2			1.1			-0.132125
3			1.1			0.132125
4			1.1			-0.132125
5			1.1			0.132125

0			1.15			-0.127516
1			1.15			0.127516
2			1.15			-0.127516
3			1.15			0.127516
4			1.15			-0.127516
5			1.15			0.127516

0			1.2			-0.122814
1			1.2			0.122814
2			1.2			-0.122814
3			1.2			0.122814
4			1.2			-0.122814
5			1.2			0.122814

0			1.25			-0.118023
1			1.25			0.118023
2			1.25			-0.118023
3			1.25			0.118023
4			1.25			-0.118023
5			1.25			0.118023

0			1.3			-0.113148
1			1.3			0.113148
2			1.3			-0.113148
3			1.3			0.113148
4			1.3			-0.113148
5			1.3			0.113148

0			1.35			-0.108191
1			1.35			0.108191
2			1.35			-0.108191
3			1.35			0.108191
4			1.35			-0.108191
5			1.35			0.108191

0			1.4			-0.103154
1			1.4			0.103154
2			1.4			-0.103154
3			1.4			0.103154
4			1.4			-0.103154
5			1.4			0.103154

0			1.45			-0.0980381
1			1.45			0.0980381
2			1.45			-0.0980381
3			1.45			0.0980381
4			1.45			-0.0980381
5			1.45			0.0980381

0			1.5			-0.092843
1			1.5			0.092843
2			1.5			-0.092843
3			1.5			0.092843
4			1.5			-0.092843
5			1.5			0.092843

0			1.55			-0.0875688
1			1.55			0.0875688
2			1.55			-0.0875688
3			1.55			0.0875688
4			1.55			-0.0875688
5			1.55			0.0875688

0			1.6			-0.0822152
1			1.6			0.0822152
2			1.6			-0.0822152
3			1.6			0.0822152
4			1.6			-0.0822152
5			1.6			0.0822152

0			1.65			-0.0767814
1			1.65			0.0767814
2			1.65			-0.0767814
3			1.65			0.0767814
4			1.65			-0.0767814
5			1.65			0.0767814

0			1.7			-0.0712665
1			1.7			0.0712665
2			1.7			-0.0712665
3			1.7			0.0712665
4			1.7			-0.0712665
5			1.7			0.0712665

0			1.75			-0.06567
1			1.75			0.06567
2			1.75			-0.06567
3			1.75			0.06567
4			1.75			-0.06567
5			1.75			0.06567

0			1.8			-0.0599916
1			1.8			0.0599916
2			1.8			-0.0599916
3			1.8			0.0599916
4			1.8			-0.0599916
5			1.8			0.0599916

0			1.85			-0.0542312
1			1.85			0.0542312
2			1.85			-0.0542312
3			1.85			0.0542312
4			1.85			-0.0542312
5			1.85			0.0542312

0			1.9			-0.0483896
1			1.9			0.0483896
2			1.9			-0.0483896
3			1.9			0.0483896
4			1.9			-0.0483896
5			1.9			0.0483896

0			1.95			-0.0424681
1			1.95			0.0424681
2			1.95			-0.0424681
3			1.95			0.0424681
4			1.95			-0.0424681
5			1.95			0.0424681

0			2			-0.0364689
1			2			0.0364689
2			2			-0.0364689
3			2			0.0364689
4			2			-0.0364689
5			2			0.0364689

0			2.05			-0.0303952
1			2.05			0.0303952
2			2.05			-0.0303952
3			2.05			0.0303952
4			2.05			-0.0303952
5			2.05			0.0303952

0			2.1			-0.0242511
1			2.1			0.0242511
2			2.1			-0.0242511
3			2.1			0.0242511
4			2.1			-0.0242511
5			2.1			0.0242511

0			2.15			-0.0180417
1			2.15			0.0180417
2			2.15			-0.0180417
3			2.15			0.0180417
4			2.15			-0.0180417
5			2.15			0.0180417

0			2.2			-0.0117734
1			2.2			0.0117734
2			2.2			-0.0117734
3			2.2			0.0117734
4			2.2			-0.0117734
5			2.2			0.0117734

0			2.25			-0.00545352
1			2.25			0.00545352
2			2.25			-0.00545352
3			2.25			0.00545352
4			2.25			-0.00545352
5			2.25			0.00545352

0			2.3			0.000909406
1			2.3			-0.000909406
2			2.3			0.000909406
3			2.3			-0.000909406
4			2.3			0.000909406
5			2.3			-0.000909406

0			2.35			0.00730587
1			2.35			-0.00730587
2			2.35			0.00730587
3			2.35			-0.00730587
4			2.35			0.00730587
5			2.35			-0.00730587

0			2.4			0.0137254
1			2.4			-0.0137254
2			2.4			0.0137254
3			2.4			-0.0137254
4			2.4			0.0137254
5			2.4			-0.0137254

0			2.45			0.0201565
1			2.45			-0.0201565
2			2.45			0.0201565
3			2.45			-0.0201565
4			2.45			0.0201565
5			2.45			-0.0201565

0			2.5			0.0265872
1			2.5			-0.0265872
2			2.5			0.0265872
3			2.5			-0.0265872
4			2.5			0.0265872
5			2.5			-0.0265872

0			2.55			0.0330044
1			2.55			-0.0330044
2			2.55			0.0330044
3			2.55			-0.0330044
4			2.55			0.0330044
5			2.55			-0.0330044

0			2.6			0.039395
1			2.6			-0.039395
2			2.6			0.039395
3			2.6			-0.039395
4			2.6			0.039395
5			2.6			-0.039395

0			2.65			0.0457452
1			2.65			-0.0457452
2			2.65			0.0457452
3			2.65			-0.0457452
4			2.65			0.0457452
5			2.65			-0.0457452

0			2.7			0.052041
1			2.7			-0.052041
2			2.7			0.052041
3			2.7			-0.052041
4			2.7			0.052041
5			2.7			-0.052041

0			2.75			0.0582687
1			2.75			-0.0582687
2			2.75			0.0582687
3			2.75			-0.0582687
4			2.75			0.0582687
5			2.75			-0.0582687

0			2.8			0.0644143
1			2.8			-0.0644143
2			2.8			0.0644143
3			2.8			-0.0644143
4			2.8			0.0644143
5			2.8			-0.0644143

0			2.85			0.0704645
1			2.85			-0.0704645
2			2.85			0.0704645
3			2.85			-0.0704645
4			2.85			0.0704645
5			2.85			-0.0704645

0			2.9			0.0764064
1			2.9			-0.0764064
2			2.9			0.0764064
3			2.9			-0.0764064
4			2.9			0.0764064
5			2.9			-0.0764064

0			2.95			0.0822276
1			2.95			-0.0822276
2			2.95			0.0822276
3			2.95			-0.0822276
4			2.95			0.0822276
5			2.95			-0.0822276

0			3			0.0879166
1			3			-0.0879166
2			3			0.0879166
3			3			-0.0879166
4			3			0.0879166
5			3			-0.0879166

0			3.05			0.093463
1			3.05			-0.093463
2			3.05			0.093463
3			3.05			-0.093463
4			3.05			0.093463
5			3.05			-0.093463

0			3.1			0.098857
1			3.1			-0.098857
2			3.1			0.098857
3			3.1			-0.098857
4			3.1			0.098857
5			3.1			-0.098857

0			3.15			0.10409
1			3.15			-0.10409
2			3.15			0.10409
3			3.15			-0.10409
4			3.15			0.10409
5			3.15			-0.10409

0			3.2			0.109156
1			3.2			-0.109156
2			3.2			0.109156
3			3.2			-0.109156
4			3.2			0.109156
5			3.2			-0.109156

0			3.25			0.114048
1			3.25			-0.114048
2			3.25			0.114048
3			3.25			-0.114048
4			3.25			0.114048
5			3.25			-0.114048

0			3.3			0.118762
1			3.3			-0.118762
2			3.3			0.118762
3			3.3			-0.118762
4			3.3			0.118762
5			3.3			-0.118762

0			3.35			0.123294
1			3.35			-0.123294
2			3.35			0.123294
3			3.35			-0.123294
4			3.35			0.123294
5			3.35			-0.123294

0			3.4			0.127643
1			3.4			-0.127643
2			3.4			0.127643
3			3.4			-0.127643
4			3.4			0.127643
5			3.4			-0.127643

0			3.45			0.131806
1			3.45			-0.131806
2			3.45			0.131806
3			3.45			-0.131806
4			3.45			0.131806
5			3.45			-0.131806

0			3.5			0.135786
1			3.5			-0.135786
2			3.5			0.135786
3			3.5			-0.135786
4			3.5			0.135786
5			3.5			-0.135786

0			3.55			0.139583
1			3.55			-0.139583
2			3.55			0.139583
3			3.55			-0.139583
4			3.55			0.139583
5			3.55			-0.139583

0			3.6			0.143199
1			3.6			-0.143199
2			3.6			0.143199
3			3.6			-0.143199
4			3.6			0.143199
5			3.6			-0.143199

0			3.65			0.146637
1			3.65			-0.146637
2			3.65			0.146637
3			3.65			-0.146637
4			3.65			0.146637
5			3.65			-0.146637

0			3.7			0.149901
1			3.7			-0.149901
2			3.7			0.149901
3			3.7			-0.149901
4			3.7			0.149901
5			3.7			-0.149901

0			3.75			0.152995
1			3.75			-0.152995
2			3.75			0.152995
3			3.75			-0.152995
4			3.75			0.152995
5			3.75			-0.152995

0			3.8			0.155924
1			3.8			-0.155924
2			3.8			0.155924
3			3.8			-0.155924
4			3.8			0.155924
5			3.8			-0.155924

0			3.85			0.158692
1			3.85			-0.158692
2			3.85			0.158692
3			3.85			-0.158692
4			3.85			0.158692
5			3.85			-0.158692

0			3.9			0.161303
1			3.9			-0.161303
2			3.9			0.161303
3			3.9			-0.161303
4			3.9			0.161303
5			3.9			-0.161303

0			3.95			0.163763
1			3.95			-0.163763
2			3.95			0.163763
3			3.95			-0.163763
4			3.95			0.163763
5			3.95			-0.163763

0			4			0.166074
1			4			-0.166074
2			4			0.166074
3			4			-0.166074
4			4			0.166074
5			4			-0.166074

0			4.05			0.168241
1			4.05			-0.168241
2			4.05			0.168241
3			4.05			-0.168241
4			4.05			0.168241
5			4.05			-0.168241

0			4.1			0.170265
1			4.1			-0.170265
2			4.1			0.170265
3			4.1			-0.170265
4			4.1			0.170265
5			4.1			-0.170265

0			4.15			0.17215
1			4.15			-0.17215
2			4.15			0.17215
3			4.15			-0.17215
4			4.15			0.17215
5			4.15			-0.17215

0			4.2			0.173896
1			4.2			-0.173896
2			4.2			0.173896
3			4.2			-0.173896
4			4.2			0.173896
5			4.2			-0.173896

0			4.25			0.175504
1			4.25			-0.175504
2			4.25			0.175504
3			4.25			-0.175504
4			4.25			0.175504
5			4.25			-0.175504

0			4.3			0.176972
1			4.3			-0.176972
2			4.3			0.176972
3			4.3			-0.176972
4			4.3			0.176972
5			4.3			-0.176972

0			4.35			0.178299
1			4.35			-0.178299
2			4.35			0.178299
3			4.35			-0.178299
4			4.35			0.178299
5			4.35			-0.178299

0			4.4			0.179482
1			4.4			-0.179482
2			4.4			0.179482
3			4.4			-0.179482
4			4.4			0.179482
5			4.4			-0.179482

0			4.45			0.180517
1			4.45			-0.180517
2			4.45			0.180517
3			4.45			-0.180517
4			4.45			0.180517
5			4.45			-0.180517

0			4.5			0.181398
1			4.5			-0.181398
2			4.5			0.181398
3			4.5			-0.181398
4			4.5			0.181398
5			4.5			-0.181398

0			4.55			0.18212
1			4.55			-0.18212
2			4.55			0.18212
3			4.55			-0.18212
4			4.55			0.18212
5			4.55			-0.18212

0			4.6			0.182677
1			4.6			-0.182677
2			4.6			0.182677
3			4.6			-0.182677
4			4.6			0.182677
5			4.6			-0.182677

0			4.65			0.18306
1			4.65			-0.18306
2			4.65			0.18306
3			4.65			-0.18306
4			4.65			0.18306
5			4.65			-0.18306

0			4.7			0.183263
1			4.7			-0.183263
2			4.7			0.183263
3			4.7			-0.183263
4			4.7			0.183263
5			4.7			-0.183263

0			4.75			0.183275
1			4.75			-0.183275
2			4.75			0.183275
3			4.75			-0.183275
4			4.75			0.183275
5			4.75			-0.183275

0			4.8			0.18309
1			4.8			-0.18309
2			4.8			0.18309
3			4.8			-0.18309
4			4.8			0.18309
5			4.8			-0.18309

0			4.85			0.182697
1			4.85			-0.182697
2			4.85			0.182697
3			4.85			-0.182697
4			4.85			0.182697
5			4.85			-0.182697

0			4.9			0.182089
1			4.9			-0.182089
2			4.9			0.182089
3			4.9			-0.182089
4			4.9			0.182089
5			4.9			-0.182089

0			4.95			0.181258
1			4.95			-0.181258
2			4.95			0.181258
3			4.95			-0.181258
4			4.95			0.181258
5			4.95			-0.181258

0			5			0.180194
1			5			-0.180194
2			5			0.180194
3			5			-0.180194
4			5			0.180194
5			5			-0.180194

0			5.05			0.178891
1			5.05			-0.178891
2			5.05			0.178891
3			5.05			-0.178891
4			5.05			0.178891
5			5.05			-0.178891

0			5.1			0.177343
1			5.1			-0.177343
2			5.1			0.177343
3			5.1			-0.177343
4			5.1			0.177343
5			5.1			-0.177343

0			5.15			0.175543
1			5.15			-0.175543
2			5.15			0.175543
3			5.15			-0.175543
4			5.15			0.175543
5			5.15			-0.175543

0			5.2			0.173489
1			5.2			-0.173489
2			5.2			0.173489
3			5.2			-0.173489
4			5.2			0.173489
5			5.2			-0.173489

0			5.25			0.171176
1			5.25			-0.171176
2			5.25			0.171176
3			5.25			-0.171176
4			5.25			0.171176
5			5.25			-0.171176

0			5.3			0.168603
1			5.3			-0.168603
2			5.3			0.168603
3			5.3			-0.168603
4			5.3			0.168603
5			5.3			-0.168603

0			5.35			0.165769
1			5.35			-0.165769
2			5.35			0.165769
3			5.35			-0.165769
4			5.35			0.165769
5			5.35			-0.165769

0			5.4			0.162676
1			5.4			-0.162676
2			5.4			0.162676
3			5.4			-0.162676
4			5.4			0.162676
5			5.4			-0.162676

0			5.45			0.159327
1			5.45			-0.159327
2			5.45			0.159327
3			5.45			-0.159327
4			5.45			0.159327
5			5.45			-0.159327

0			5.5			0.155725
1			5.5			-0.155725
2			5.5			0.155725
3			5.5			-0.155725
4			5.5			0.155725
5			5.5			-0.155725

0			5.55			0.151877
1			5.55			-0.151877
2			5.55			0.151877
3			5.55			-0.151877
4			5.55			0.151877
5			5.55			-0.151877

0			5.6			0.147789
1			5.6			-0.147789
2			5.6			0.147789
3			5.6			-0.147789
4			5.6			0.147789
5			5.6			-0.147789

0			5.65			0.14347
1			5.65			-0.14347
2			5.65			0.14347
3			5.65			-0.14347
4			5.65			0.14347
5			5.65			-0.14347

0			5.7			0.13893
1			5.7			-0.13893
2			5.7			0.13893
3			5.7			-0.13893
4			5.7			0.13893
5			5.7			-0.13893

0			5.75			0.134179
1			5.75			-0.134179
2			5.75			0.134179
3			5.75			-0.134179
4			5.75			0.134179
5			5.75			-0.134179

0			5.8			0.12923
1			5.8			-0.12923
2			5.8			0.12923
3			5.8			-0.12923
4			5.8			0.12923
5			5.8			-0.12923

0			5.85			0.124096
1			5.85			-0.124096
2			5.85			0.124096
3			5.85			-0.124096
4			5.85			0.124096
5			5.85			-0.124096

0			5.9			0.118789
1			5.9			-0.118789
2			5.9			0.118789
3			5.9			-0.118789
4			5.9			0.118789
5			5.9			-0.118789

0			5.95			0.113325
1			5.95			-0.113325
2			5.95			0.113325
3			5.95			-0.113325
4			5.95			0.113325
5			5.95			-0.113325

0			6			0.107717
1			6			-0.107717
2			6			0.107717
3			6			-0.107717
4			6			0.107717
5			6			-0.107717

0			6.05			0.10198
1			6.05			-0.10198
2			6.05			0.10198
3			6.05			-0.10198
4			6.05			0.10198
5			6.05			-0.10198

0			6.1			0.0961281
1			6.1			-0.0961281
2			6.1			0.0961281
3			6.1			-0.0961281
4			6.1			0.0961281
5			6.1			-0.0961281

0			6.15			0.0901765
1			6.15			-0.0901765
2			6.15			0.0901765
3			6.15			-0.0901765
4			6.15			0.0901765
5			6.15			-0.0901765

0			6.2			0.0841388
1			6.2			-0.0841388
2			6.2			0.0841388
3			6.2			-0.0841388
4			6.2			0.0841388
5			6.2			-0.0841388

0			6.25			0.0780284
1			6.25			-0.0780284
2			6.25			0.0780284
3			6.25			-0.0780284
4			6.25			0.0780284
5			6.25			-0.0780284

0			6.3			0.0718581
1			6.3			-0.0718581
2			6.3			0.0718581
3			6.3			-0.0718581
4			6.3			0.0718581
5			6.3			-0.0718581

0			6.35			0.0656398
1			6.35			-0.0656398
2			6.35			0.0656398
3			6.35			-0.0656398
4			6.35			0.0656398
5			6.35			-0.0656398

0			6.4			0.0593847
1			6.4			-0.0593847
2			6.4			0.0593847
3			6.4			-0.0593847
4			6.4			0.0593847
5			6.4			-0.0593847

0			6.45			0.053103
1			6.45			-0.053103
2			6.45			0.053103
3			6.45			-0.053103
4			6.45			0.053103
5			6.45			-0.053103

0			6.5			0.0468036
1			6.5			-0.0468036
2			6.5			0.0468036
3			6.5			-0.0468036
4			6.5			0.0468036
5			6.5			-0.0468036

0			6.55			0.0404948
1			6.55			-0.0404948
2			6.55			0.0404948
3			6.55			-0.0404948
4			6.55			0.0404948
5			6.55			-0.0404948

0			6.6			0.0341833
1			6.6			-0.0341833
2			6.6			0.0341833
3			6.6			-0.0341833
4			6.6			0.0341833
5			6.6			-0.0341833

0			6.65			0.0278753
1			6.65			-0.0278753
2			6.65			0.0278753
3			6.65			-0.0278753
4			6.65			0.0278753
5			6.65			-0.0278753

0			6.7			0.0215756
1			6.7			-0.0215756
2			6.7			0.0215756
3			6.7			-0.0215756
4			6.7			0.0215756
5			6.7			-0.0215756

0			6.75			0.0152882
1			6.75			-0.0152882
2			6.75			0.0152882
3			6.75			-0.0152882
4			6.75			0.0152882
5			6.75			-0.0152882

0			6.8			0.00901625
1			6.8			-0.00901625
2			6.8			0.00901625
3			6.8			-0.00901625
4			6.8			0.00901625
5			6.8			-0.00901625

0			6.85			0.00276216
1			6.85			-0.00276216
2			6.85			0.00276216
3			6.85			-0.00276216
4			6.85			0.00276216
5			6.85			-0.00276216

0			6.9			-0.0034723
1			6.9			0.0034723
2			6.9			-0.0034723
3			6.9			0.0034723
4			6.9			-0.0034723
5			6.9			0.0034723

0			6.95			-0.00968585
1			6.95			0.00968585
2			6.95			-0.00968585
3			6.95			0.00968585
4			6.95			-0.00968585
5			6.95			0.00968585

0			7			-0.0158775
1			7			0.0158775
2			7			-0.0158775
3			7			0.0158775
4			7			-0.0158775
5			7			0.0158775

0			7.05			-0.0220466
1			7.05			0.0220466
2			7.05			-0.0220466
3			7.05			0.0220466
4			7.05			-0.0220466
5			7.05			0.0220466

0			7.1			-0.0281924
1			7.1			0.0281924
2			7.1			-0.0281924
3			7.1			0.0281924
4			7.1			-0.0281924
5			7.1			0.0281924

0			7.15			-0.034314
1			7.15			0.034314
2			7.15			-0.034314
3			7.15			0.034314
4			7.15			-0.034314
5			7.15			0.034314

0			7.2			-0.0404103
1			7.2			0.0404103
2			7.2			-0.0404103
3			7.2			0.0404103
4			7.2			-0.0404103
5			7.2			0.0404103

0			7.25			-0.0464797
1			7.25			0.0464797
2			7.25			-0.0464797
3			7.25			0.0464797
4			7.25			-0.0464797
5			7.25			0.0464797

0			7.3			-0.0525202
1			7.3			0.0525202
2			7.3			-0.0525202
3			7.3			0.0525202
4			7.3			-0.0525202
5			7.3			0.0525202

0			7.35			-0.0585291
1			7.35			0.0585291
2			7.35			-0.0585291
3			7.35			0.0585291
4			7.35			-0.0585291
5			7.35			0.0585291

0			7.4			-0.0645027
1			7.4			0.0645027
2			7.4			-0.0645027
3			7.4			0.0645027
4			7.4			-0.0645027
5			7.4			0.0645027

0			7.45			-0.0704367
1			7.45			0.0704367
2			7.45			-0.0704367
3			7.45			0.0704367
4			7.45			-0.0704367
5			7.45			0.0704367

0			7.5			-0.0763257
1			7.5			0.0763257
2			7.5			-0.0763257
3			7.5			0.0763257
4			7.5			-0.0763257
5			7.5			0.0763257

0			7.55			-0.0821635
1			7.55			0.0821635
2			7.55			-0.0821635
3			7.55			0.0821635
4			7.55			-0.0821635
5			7.55			0.0821635

0			7.6			-0.0879429
1			7.6			0.0879429
2			7.6			-0.0879429
3			7.6			0.0879429
4			7.6			-0.0879429
5			7.6			0.0879429

0			7.65			-0.0936555
1			7.65			0.0936555
2			7.65			-0.0936555
3			7.65			0.0936555
4			7.65			-0.0936555
5			7.65			0.0936555

0			7.7			-0.0992924
1			7.7			0.0992924
2			7.7			-0.0992924
3			7.7			0.0992924
4			7.7			-0.0992924
5			7.7			0.0992924

0			7.75			-0.104843
1			7.75			0.104843
2			7.75			-0.104843
3			7.75			0.104843
4			7.75			-0.104843
5			7.75			0.104843

0			7.8			-0.110298
1			7.8			0.110298
2			7.8			-0.110298
3			7.8			0.110298
4			7.8			-0.110298
5			7.8			0.110298

0			7.85			-0.115644
1			7.85			0.115644
2			7.85			-0.115644
3			7.85			0.115644
4			7.85			-0.115644
5			7.85			0.115644

0			7.9			-0.12087
1			7.9			0.12087
2			7.9			-0.12087
3			7.9			0.12087
4			7.9			-0.12087
5			7.9			0.12087

0			7.95			-0.125963
1			7.95			0.125963
2			7.95			-0.125963
3			7.95			0.125963
4			7.95			-0.125963
5			7.95			0.125963

0			8			-0.130911
1			8			0.130911
2			8			-0.130911
3			8			0.130911
4			8			-0.130911
5			8			0.130911

0			8.05			-0.1357
1			8.05			0.1357
2			8.05			-0.1357
3			8.05			0.1357
4			8.05			-0.1357
5			8.05			0.1357

0			8.1			-0.140319
1			8.1			0.140319
2			8.1			-0.140319
3			8.1			0.140319
4			8.1			-0.140319
5			8.1			0.140319

0			8.15			-0.144754
1			8.15			0.144754
2			8.15			-0.144754
3			8.15			0.144754
4			8.15			-0.144754
5			8.15			0.144754

0			8.2			-0.148992
1			8.2			0.148992
2			8.2			-0.148992
3			8.2			0.148992
4			8.2			-0.148992
5			8.2			0.148992

0			8.25			-0.153024
1			8.25			0.153024
2			8.25			-0.153024
3			8.25			0.153024
4			8.25			-0.153024
5			8.25			0.153024

0			8.3			-0.156838
1			8.3			0.156838
2			8.3			-0.156838
3			8.3			0.156838
4			8.3			-0.156838
5			8.3			0.156838

0			8.35			-0.160423
1			8.35			0.160423
2			8.35			-0.160423
3			8.35			0.160423
4			8.35			-0.160423
5			8.35			0.160423

0			8.4			-0.163771
1			8.4			0.163771
2			8.4			-0.163771
3			8.4			0.163771
4			8.4			-0.163771
5			8.4			0.163771

0			8.45			-0.166875
1			8.45			0.166875
2			8.45			-0.166875
3			8.45			0.166875
4			8.45			-0.166875
5			8.45			0.166875

0			8.5			-0.169729
1			8.5			0.169729
2			8.5			-0.169729
3			8.5			0.169729
4			8.5			-0.169729
5			8.5			0.169729

0			8.55			-0.172326
1			8.55			0.172326
2			8.55			-0.172326
3			8.55			0.172326
4			8.55			-0.172326
5			8.55			0.172326

0			8.6			-0.174663
1			8.6			0.174663
2			8.6			-0.174663
3			8.6			0.174663
4			8.6			-0.174663
5			8.6			0.174663

0			8.65			-0.17674
1			8.65			0.17674
2			8.65			-0.17674
3			8.65			0.17674
4			8.65			-0.17674
5			8.65			0.17674

0			8.7			-0.178553
1			8.7			0.178553
2			8.7			-0.178553
3			8.7			0.178553
4			8.7			-0.178553
5			8.7			0.178553

0			8.75			-0.180105
1			8.75			0.180105
2			8.75			-0.180105
3			8.75			0.180105
4			8.75			-0.180105
5			8.75			0.180105

0			8.8			-0.181398
1			8.8			0.181398
2			8.8			-0.181398
3			8.8			0.181398
4			8.8			-0.181398
5			8.8			0.181398

0			8.85			-0.182435
1			8.85			0.182435
2			8.85			-0.182435
3			8.85			0.182435
4			8.85			-0.182435
5			8.85			0.182435

0			8.9			-0.183221
1			8.9			0.183221
2			8.9			-0.183221
3			8.9			0.183221
4			8.9			-0.183221
5			8.9			0.183221

0			8.95			-0.183762
1			8.95			0.183762
2			8.95			-0.183762
3			8.95			0.183762
4			8.95			-0.183762
5			8.95			0.183762

0			9			-0.184064
1			9			0.184064
2			9			-0.184064
3			9			0.184064
4			9			-0.184064
5			9			0.184064

0			9.05			-0.184136
1			9.05			0.184136
2			9.05			-0.184136
3			9.05			0.184136
4			9.05			-0.184136
5			9.05			0.184136

0			9.1			-0.183986
1			9.1			0.183986
2			9.1			-0.183986
3			9.1			0.183986
4			9.1			-0.183986
5			9.1			0.183986

0			9.15			-0.183623
1			9.15			0.183623
2			9.15			-0.183623
3			9.15			0.183623
4			9.15			-0.183623
5			9.15			0.183623

0			9.2			-0.183056
1			9.2			0.183056
2			9.2			-0.183056
3			9.2			0.183056
4			9.2			-0.183056
5			9.2			0.183056

0			9.25			-0.182294
1			9.25			0.182294
2			9.25			-0.182294
3			9.25			0.182294
4			9.25			-0.182294
5			9.25			0.182294

0			9.3			-0.181347
1			9.3			0.181347
2			9.3			-0.181347
3			9.3			0.181347
4			9.3			-0.181347
5			9.3			0.181347

0			9.35			-0.180224
1			9.35			0.180224
2			9.35			-0.180224
3			9.35			0.180224
4			9.35			-0.180224
5			9.35			0.180224

0			9.4			-0.178934
1			9.4			0.178934
2			9.4			-0.178934
3			9.4			0.178934
4			9.4			-0.178934
5			9.4			0.178934

0			9.45			-0.177486
1			9.45			0.177486
2			9.45			-0.177486
3			9.45			0.177486
4			9.45			-0.177486
5			9.45			0.177486

0			9.5			-0.175885
1			9.5			0.175885
2			9.5			-0.175885
3			9.5			0.175885
4			9.5			-0.175885
5			9.5			0.175885

0			9.55			-0.174141
1			9.55			0.174141
2			9.55			-0.174141
3			9.55			0.174141
4			9.55			-0.174141
5			9.55			0.174141

0			9.6			-0.172257
1			9.6			0.172257
2			9.6			-0.172257
3			9.6			0.172257
4			9.6			-0.172257
5			9.6			0.172257

0			9.65			-0.17024
1			9.65			0.17024
2			9.65			-0.17024
3			9.65			0.17024
4			9.65			-0.17024
5			9.65			0.17024

0			9.7			-0.168093
1			9.7			0.168093
2			9.7			-0.168093
3			9.7			0.168093
4			9.7			-0.168093
5			9.7			0.168093

0			9.75			-0.165818
1			9.75			0.165818
2			9.75			-0.165818
3			9.75			0.165818
4			9.75			-0.165818
5			9.75			0.165818

0			9.8			-0.163418
1			9.8			0.163418
2			9.8			-0.163418
3			9.8			0.163418
4			9.8			-0.163418
5			9.8			0.163418

0			9.85			-0.160892
1			9.85			0.160892
2			9.85			-0.160892
3			9.85			0.160892
4			9.85			-0.160892
5			9.85			0.160892

0			9.9			-0.158241
1			9.9			0.158241
2			9.9			-0.158241
3			9.9			0.158241
4			9.9			-0.158241
5			9.9			0.158241

0			9.95			-0.155462
1			9.95			0.155462
2			9.95			-0.155462
3			9.95			0.155462
4			9.95			-0.155462
5			9.95			0.155462

0			10			-0.152554
1			10			0.152554
2			10			-0.152554
3			10			0.152554
4			10			-0.152554
5			10			0.152554

0			10.05			-0.149514
1			10.05			0.149514
2			10.05			-0.149514
3			10.05			0.149514
4			10.05			-0.149514
5			10.05			0.149514

0			10.1			-0.146338
1			10.1			0.146338
2			10.1			-0.146338
3			10.1			0.146338
4			10.1			-0.146338
5			10.1			0.146338

0			10.15			-0.143021
1			10.15			0.143021
2			10.15			-0.143021
3			10.15			0.143021
4			10.15			-0.143021
5			10.15			0.143021

0			10.2			-0.13956
1			10.2			0.13956
2			10.2			-0.13956
3			10.2			0.13956
4			10.2			-0.13956
5			10.2			0.13956

0			10.25			-0.135949
1			10.25			0.135949
2			10.25			-0.135949
3			10.25			0.135949
4			10.25			-0.135949
5			10.25			0.135949

0			10.3			-0.132185
1			10.3			0.132185
2			10.3			-0.132185
3			10.3			0.132185
4			10.3			-0.132185
5			10.3			0.132185

0			10.35			-0.128262
1			10.35			0.128262
2			10.35			-0.128262
3			10.35			0.128262
4			10.35			-0.128262
5			10.35			0.128262

0			10.4			-0.124178
1			10.4			0.124178
2			10.4			-0.124178
3			10.4			0.124178
4			10.4			-0.124178
5			10.4			0.124178

0			10.45			-0.119928
1			10.45			0.119928
2			10.45			-0.119928
3			10.45			0.119928
4			10.45			-0.119928
5			10.45			0.119928

0			10.5			-0.11551
1			10.5			0.11551
2			10.5			-0.11551
3			10.5			0.11551
4			10.5			-0.11551
5			10.5			0.11551

0			10.55			-0.110923
1			10.55			0.110923
2			10.55			-0.110923
3			10.55			0.110923
4			10.55			-0.110923
5			10.55			0.110923

0			10.6			-0.106165
1			10.6			0.106165
2			10.6			-0.106165
3			10.6			0.106165
4			10.6			-0.106165
5			10.6			0.106165

0			10.65			-0.101236
1			10.65			0.101236
2			10.65			-0.101236
3			10.65			0.101236
4			10.65			-0.101236
5			10.65			0.101236

0			10.7			-0.0961394
1			10.7			0.0961394
2			10.7			-0.0961394
3			10.7			0.0961394
4			10.7			-0.0961394
5			10.7			0.0961394

0			10.75			-0.0908767
1			10.75			0.0908767
2			10.75			-0.0908767
3			10.75			0.0908767
4			10.75			-0.0908767
5			10.75			0.0908767

0			10.8			-0.0854524
1			10.8			0.0854524
2			10.8			-0.0854524
3			10.8			0.0854524
4			10.8			-0.0854524
5			10.8			0.0854524

0			10.85			-0.0798718
1			10.85			0.0798718
2			10.85			-0.0798718
3			10.85			0.0798718
4			10.85			-0.0798718
5			10.85			0.0798718

0			10.9			-0.0741419
1			10.9			0.0741419
2			10.9			-0.0741419
3			10.9			0.0741419
4			10.9			-0.0741419
5			10.9			0.0741419

0			10.95			-0.0682707
1			10.95			0.0682707
2			10.95			-0.0682707
3			10.95			0.0682707
4			10.95			-0.0682707
5			10.95			0.0682707

0			11			-0.0622676
1			11			0.0622676
2			11			-0.0622676
3			11			0.0622676
4			11			-0.0622676
5			11			0.0622676

0			11.05			-0.056143
1			11.05			0.056143
2			11.05			-0.056143
3			11.05			0.056143
4			11.05			-0.056143
5			11.05			0.056143

0			11.1			-0.0499086
1			11.1			0.0499086
2			11.1			-0.0499086
3			11.1			0.0499086
4			11.1			-0.0499086
5			11.1			0.0499086

0			11.15			-0.0435769
1			11.15			0.0435769
2			11.15			-0.0435769
3			11.15			0.0435769
4			11.15			-0.0435769
5			11.15			0.0435769

0			11.2			-0.037161
1			11.2			0.037161
2			11.2			-0.037161
3			11.2			0.037161
4			11.2			-0.037161
5			11.2			0.037161

0			11.25			-0.0306749
1			11.25			0.0306749
2			11.25			-0.0306749
3			11.25			0.0306749
4			11.25			-0.0306749
5			11.25			0.0306749

0			11.3			-0.0241331
1			11.3			0.0241331
2			11.3			-0.0241331
3			11.3			0.0241331
4			11.3			-0.0241331
5			11.3			0.0241331

0			11.35			-0.0175501
1			11.35			0.0175501
2			11.35			-0.0175501
3			11.35			0.0175501
4			11.35			-0.0175501
5			11.35			0.0175501

0			11.4			-0.0109408
1			11.4			0.0109408
2			11.4			-0.0109408
3			11.4			0.0109408
4			11.4			-0.0109408
5			11.4			0.0109408

0			11.45			-0.00431986
1			11.45			0.00431986
2			11.45			-0.00431986
3			11.45			0.00431986
4			11.45			-0.00431986
5			11.45			0.00431986

0			11.5			0.00229817
1			11.5			-0.00229817
2			11.5			0.00229817
3			11.5			-0.00229817
4			11.5			0.00229817
5			11.5			-0.00229817

0			11.55			0.0088992
1			11.55			-0.0088992
2			11.55			0.0088992
3			11.55			-0.0088992
4			11.55			0.0088992
5			11.55			-0.0088992

0			11.6			0.0154697
1			11.6			-0.0154697
2			11.6			0.0154697
3			11.6			-0.0154697
4			11.6			0.0154697
5			11.6			-0.0154697

0			11.65			0.0219968
1			11.65			-0.0219968
2			11.65			0.0219968
3			11.65			-0.0219968
4			11.65			0.0219968
5			11.65			-0.0219968

0			11.7			0.0284686
1			11.7			-0.0284686
2			11.7			0.0284686
3			11.7			-0.0284686
4			11.7			0.0284686
5			11.7			-0.0284686

0			11.75			0.0348739
1			11.75			-0.0348739
2			11.75			0.0348739
3			11.75			-0.0348739
4			11.75			0.0348739
5			11.75			-0.0348739

0			11.8			0.0412027
1			11.8			-0.0412027
2			11.8			0.0412027
3			11.8			-0.0412027
4			11.8			0.0412027
5			11.8			-0.0412027

0			11.85			0.0474461
1			11.85			-0.0474461
2			11.85			0.0474461
3			11.85			-0.0474461
4			11.85			0.0474461
5			11.85			-0.0474461

0			11.9			0.0535962
1			11.9			-0.0535962
2			11.9			0.0535962
3			11.9			-0.0535962
4			11.9			0.0535962
5			11.9			-0.0535962

0			11.95			0.0596463
1			11.95			-0.0596463
2			11.95			0.0596463
3			11.95			-0.0596463
4			11.95			0.0596463
5			11.95			-0.0596463

0			12			0.0655909
1			12			-0.0655909
2			12			0.0655909
3			12			-0.0655909
4			12			0.0655909
5			12			-0.0655909

0			12.05			0.0714255
1			12.05			-0.0714255
2			12.05			0.0714255
3			12.05			-0.0714255
4			12.05			0.0714255
5			12.05			-0.0714255

0			12.1			0.0771467
1			12.1			-0.0771467
2			12.1			0.0771467
3			12.1			-0.0771467
4			12.1			0.0771467
5			12.1			-0.0771467

0			12.15			0.082752
1			12.15			-0.082752
2			12.15			0.082752
3			12.15			-0.082752
4			12.15			0.082752
5			12.15			-0.082752

0			12.2			0.0882398
1			12.2			-0.0882398
2			12.2			0.0882398
3			12.2			-0.0882398
4			12.2			0.0882398
5			12.2			-0.0882398

0			12.25			0.0936093
1			12.25			-0.0936093
2			12.25			0.0936093
3			12.25			-0.0936093
4			12.25			0.0936093
5			12.25			-0.0936093

0			12.3			0.0988601
1			12.3			-0.0988601
2			12.3			0.0988601
3			12.3			-0.0988601
4			12.3			0.0988601
5			12.3			-0.0988601

0			12.35			0.103993
1			12.35			-0.103993
2			12.35			0.103993
3			12.35			-0.103993
4			12.35			0.103993
5			12.35			-0.103993

0			12.4			0.109007
1			12.4			-0.109007
2			12.4			0.109007
3			12.4			-0.109007
4			12.4			0.109007
5			12.4			-0.109007

0			12.45			0.113904
1			12.45			-0.113904
2			12.45			0.113904
3			12.45			-0.113904
4			12.45			0.113904
5			12.45			-0.113904

0			12.5			0.118685
1			12.5			-0.118685
2			12.5			0.118685
3			12.5			-0.118685
4			12.5			0.118685
5			12.5			-0.118685

0			12.55			0.12335
1			12.55			-0.12335
2			12.55			0.12335
3			12.55			-0.12335
4			12.55			0.12335
5			12.55			-0.12335

0			12.6			0.127899
1			12.6			-0.127899
2			12.6			0.127899
3			12.6			-0.127899
4			12.6			0.127899
5			12.6			-0.127899

0			12.65			0.132332
1			12.65			-0.132332
2			12.65			0.132332
3			12.65			-0.132332
4			12.65			0.132332
5			12.65			-0.132332

0			12.7			0.136648
1			12.7			-0.136648
2			12.7			0.136648
3			12.7			-0.136648
4			12.7			0.136648
5			12.7			-0.136648

0			12.75			0.140846
1			12.75			-0.140846
2			12.75			0.140846
3			12.75			-0.140846
4			12.75			0.140846
5			12.75			-0.140846

0			12.8			0.144923
1			12.8			-0.144923
2			12.8			0.144923
3			12.8			-0.144923
4			12.8			0.144923
5			12.8			-0.144923

0			12.85			0.148877
1			12.85			-0.148877
2			12.85			0.148877
3			12.85			-0.148877
4			12.85			0.148877
5			12.85			-0.148877

0			12.9			0.152702
1			12.9			-0.152702
2			12.9			0.152702
3			12.9			-0.152702
4			12.9			0.152702
5			12.9			-0.152702

0			12.95			0.156395
1			12.95			-0.156395
2			12.95			0.156395
3			12.95			-0.156395
4			12.95			0.156395
5			12.95			-0.156395

0			13			0.159949
1			13			-0.159949
2			13			0.159949
3			13			-0.159949
4			13			0.159949
5			13			-0.159949

0			13.05			0.163357
1			13.05			-0.163357
2			13.05			0.163357
3			13.05			-0.163357
4			13.05			0.163357
5			13.05			-0.163357

0			13.1			0.166613
1			13.1			-0.166613
2			13.1			0.166613
3			13.1			-0.166613
4			13.1			0.166613
5			13.1			-0.166613

0			13.15			0.169706
1			13.15			-0.169706
2			13.15			0.169706
3			13.15			-0.169706
4			13.15			0.169706
5			13.15			-0.169706

0			13.2			0.172629
1			13.2			-0.172629
2			13.2			0.172629
3			13.2			-0.172629
4			13.2			0.172629
5			13.2			-0.172629

0			13.25			0.175371
1			13.25			-0.175371
2			13.25			0.175371
3			13.25			-0.175371
4			13.25			0.175371
5			13.25			-0.175371

0			13.3			0.177922
1			13.3			-0.177922
2			13.3			0.177922
3			13.3			-0.177922
4			13.3			0.177922
5			13.3			-0.177922

0			13.35			0.180272
1			13.35			-0.180272
2			13.35			0.180272
3			13.35			-0.180272
4			13.35			0.180272
5			13.35			-0.180272

0			13.4			0.182411
1			13.4			-0.182411
2			13.4			0.182411
3			13.4			-0.182411
4			13.4			0.182411
5			13.4			-0.182411

0			13.45			0.184326
1			13.45			-0.184326
2			13.45			0.184326
3			13.45			-0.184326
4			13.45			0.184326
5			13.45			-0.184326

0			13.5			0.186009
1			13.5			-0.186009
2			13.5			0.186009
3			13.5			-0.186009
4			13.5			0.186009
5			13.5			-0.186009

0			13.55			0.187449
1			13.55			-0.187449
2			13.55			0.187449
3			13.55			-0.187449
4			13.55			0.187449
5			13.55			-0.187449

0			13.6			0.188637
1			13.6			-0.188637
2			13.6			0.188637
3			13.6			-0.188637
4			13.6			0.188637
5			13.6			-0.188637

0			13.65			0.189564
1			13.65			-0.189564
2			13.65			0.189564
3			13.65			-0.189564
4			13.65			0.189564
5			13.65			-0.189564

0			13.7			0.190222
1			13.7			-0.190222
2			13.7			0.190222
3			13.7			-0.190222
4			13.7			0.190222
5			13.7			-0.190222

0			13.75			0.190605
1			13.75			-0.190605
2			13.75			0.190605
3			13.75			-0.190605
4			13.75			0.190605
5			13.75			-0.190605

0			13.8			0.190707
1			13.8			-0.190707
2			13.8			0.190707
3			13.8			-0.190707
4			13.8			0.190707
5			13.8			-0.190707

0			13.85			0.190524
1			13.85			-0.190524
2			13.85			0.190524
3			13.85			-0.190524
4			13.85			0.190524
5			13.85			-0.190524

0			13.9			0.190054
1			13.9			-0.190054
2			13.9			0.190054
3			13.9			-0.190054
4			13.9			0.190054
5			13.9			-0.190054

0			13.95			0.189294
1			13.95			-0.189294
2			13.95			0.189294
3			13.95			-0.189294
4			13.95			0.189294
5			13.95			-0.189294

0			14			0.188246
1			14			-0.188246
2			14			0.188246
3			14			-0.188246
4			14			0.188246
5			14			-0.188246

0			14.05			0.186911
1			14.05			-0.186911
2			14.05			0.186911
3			14.05			-0.186911
4			14.05			0.186911
5			14.05			-0.186911

0			14.1			0.185292
1			14.1			-0.185292
2			14.1			0.185292
3			14.1			-0.185292
4			14.1			0.185292
5			14.1			-0.185292

0			14.15			0.183395
1			14.15			-0.183395
2			14.15			0.183395
3			14.15			-0.183395
4			14.15			0.183395
5			14.15			-0.183395

0			14.2			0.181225
1			14.2			-0.181225
2			14.2			0.181225
3			14.2			-0.181225
4			14.2			0.181225
5			14.2			-0.181225

0			14.25			0.178791
1			14.25			-0.178791
2			14.25			0.178791
3			14.25			-0.178791
4			14.25			0.178791
5			14.25			-0.178791

0			14.3			0.176101
1			14.3			-0.176101
2			14.3			0.176101
3			14.3			-0.176101
4			14.3			0.176101
5			14.3			-0.176101

0			14.35			0.173167
1			14.35			-0.173167
2			14.35			0.173167
3			14.35			-0.173167
4			14.35			0.173167
5			14.35			-0.173167

0			14.4			0.169998
1			14.4			-0.169998
2			14.4			0.169998
3			14.4			-0.169998
4			14.4			0.169998
5			14.4			-0.169998

0			14.45			0.166608
1			14.45			-0.166608
2			14.45			0.166608
3			14.45			-0.166608
4			14.45			0.166608
5			14.45			-0.166608

0			14.5			0.163008
1			14.5			-0.163008
2			14.5			0.163008
3			14.5			-0.163008
4			14.5			0.163008
5			14.5			-0.163008

0			14.55			0.159212
1			14.55			-0.159212
2			14.55			0.159212
3			14.55			-0.159212
4			14.55			0.159212
5			14.55			-0.159212

0			14.6			0.155234
1			14.6			-0.155234
2			14.6			0.155234
3			14.6			-0.155234
4			14.6			0.155234
5			14.6			-0.155234

0			14.65			0.151087
1			14.65			-0.151087
2			14.65			0.151087
3			14.65			-0.151087
4			14.65			0.151087
5			14.65			-0.151087

0			14.7			0.146786
1			14.7			-0.146786
2			14.7			0.146786
3			14.7			-0.146786
4			14.7			0.146786
5			14.7			-0.146786

0			14.75			0.142342
1			14.75			-0.142342
2			14.75			0.142342
3			14.75			-0.142342
4			14.75			0.142342
5			14.75			-0.142342

0			14.8			0.13777
1			14.8			-0.13777
2			14.8			0.13777
3			14.8			-0.13777
4			14.8			0.13777
5			14.8			-0.13777

0			14.85			0.133081
1			14.85			-0.133081
2			14.85			0.133081
3			14.85			-0.133081
4			14.85			0.133081
5			14.85			-0.133081

0			14.9			0.128288
1			14.9			-0.128288
2			14.9			0.128288
3			14.9			-0.128288
4			14.9			0.128288
5			14.9			-0.128288

0			14.95			0.1234
1			14.95			-0.1234
2			14.95			0.1234
3			14.95			-0.1234
4			14.95			0.1234
5			14.95			-0.1234

0			15			0.118428
1			15			-0.118428
2			15			0.118428
3			15			-0.118428
4			15			0.118428
5			15			-0.118428

0			15.05			0.113381
1			15.05			-0.113381
2			15.05			0.113381
3			15.05			-0.113381
4			15.05			0.113381
5			15.05			-0.113381

0			15.1			0.108266
1			15.1			-0.108266
2			15.1			0.108266
3			15.1			-0.108266
4			15.1			0.108266
5			15.1			-0.108266

0			15.15			0.103089
1			15.15			-0.103089
2			15.15			0.103089
3			15.15			-0.103089
4			15.15			0.103089
5			15.15			-0.103089

0			15.2			0.0978565
1			15.2			-0.0978565
2			15.2			0.0978565
3			15.2			-0.0978565
4			15.2			0.0978565
5			15.2			-0.0978565

0			15.25			0.0925722
1			15.25			-0.0925722
2			15.25			0.0925722
3			15.25			-0.0925722
4			15.25			0.0925722
5			15.25			-0.0925722

0			15.3			0.0872393
1			15.3			-0.0872393
2			15.3			0.0872393
3			15.3			-0.0872393
4			15.3			0.0872393
5			15.3			-0.0872393

0			15.35			0.0818601
1			15.35			-0.0818601
2			15.35			0.0818601
3			15.35			-0.0818601
4			15.35			0.0818601
5			15.35			-0.0818601

0			15.4			0.0764358
1			15.4			-0.0764358
2			15.4			0.0764358
3			15.4			-0.0764358
4			15.4			0.0764358
5			15.4			-0.0764358

0			15.45			0.070967
1			15.45			-0.070967
2			15.45			0.070967
3			15.45			-0.070967
4			15.45			0.070967
5			15.45			-0.070967

0			15.5			0.0654534
1			15.5			-0.0654534
2			15.5			0.0654534
3			15.5			-0.0654534
4			15.5			0.0654534
5			15.5			-0.0654534

0			15.55			0.0598943
1			15.55			-0.0598943
2			15.55			0.0598943
3			15.55			-0.0598943
4			15.55			0.0598943
5			15.55			-0.0598943

0			15.6			0.0542886
1			15.6			-0.0542886
2			15.6			0.0542886
3			15.6			-0.0542886
4			15.6			0.0542886
5			15.6			-0.0542886

0			15.65			0.0486351
1			15.65			-0.0486351
2			15.65			0.0486351
3			15.65			-0.0486351
4			15.65			0.0486351
5			15.65			-0.0486351

0			15.7			0.0429325
1			15.7			-0.0429325
2			15.7			0.0429325
3			15.7			-0.0429325
4			15.7			0.0429325
5			15.7			-0.0429325

0			15.75			0.0371795
1			15.75			-0.0371795
2			15.75			0.0371795
3			15.75			-0.0371795
4			15.75			0.0371795
5			15.75			-0.0371795

0			15.8			0.0313752
1			15.8			-0.0313752
2			15.8			0.0313752
3			15.8			-0.0313752
4			15.8			0.0313752
5			15.8			-0.0313752

0			15.85			0.0255192
1			15.85			-0.0255192
2			15.85			0.0255192
3			15.85			-0.0255192
4			15.85			0.0255192
5			15.85			-0.0255192

0			15.9			0.0196117
1			15.9			-0.0196117
2			15.9			0.0196117
3			15.9			-0.0196117
4			15.9			0.0196117
5			15.9			-0.0196117

0			15.95			0.0136535
1			15.95			-0.0136535
2			15.95			0.0136535
3			15.95			-0.0136535
4			15.95			0.0136535
5			15.95			-0.0136535

0			16			0.00764632
1			16			-0.00764632
2			16			0.00764632
3			16			-0.00764632
4			16			0.00764632
5			16			-0.00764632

0			16.05			0.00159293
1			16.05			-0.00159293
2			16.05			0.00159293
3			16.05			-0.00159293
4			16.05			0.00159293
5			16.05			-0.00159293

0			16.1			-0.004503
1			16.1			0.004503
2			16.1			-0.004503
3			16.1			0.004503
4			16.1			-0.004503
5			16.1			0.004503

0			16.15			-0.0106367
1			16.15			0.0106367
2			16.15			-0.0106367
3			16.15			0.0106367
4			16.15			-0.0106367
5			16.15			0.0106367

0			16.2			-0.0168022
1			16.2			0.0168022
2			16.2			-0.0168022
3			16.2			0.0168022
4			16.2			-0.0168022
5			16.2			0.0168022

0			16.25			-0.0229926
1			16.25			0.0229926
2			16.25			-0.0229926
3			16.25			0.0229926
4			16.25			-0.0229926
5			16.25			0.0229926

0			16.3			-0.0291997
1			16.3			0.0291997
2			16.3			-0.0291997
3			16.3			0.0291997
4			16.3			-0.0291997
5			16.3			0.0291997

0			16.35			-0.0354144
1			16.35			0.0354144
2			16.35			-0.0354144
3			16.35			0.0354144
4			16.35			-0.0354144
5			16.35			0.0354144

0			16.4			-0.0416266
1			16.4			0.0416266
2			16.4			-0.0416266
3			16.4			0.0416266
4			16.4			-0.0416266
5			16.4			0.0416266

0			16.45			-0.0478253
1			16.45			0.0478253
2			16.45			-0.0478253
3			16.45			0.0478253
4			16.45			-0.0478253
5			16.45			0.0478253

0			16.5			-0.0539986
1			16.5			0.0539986
2			16.5			-0.0539986
3			16.5			0.0539986
4			16.5			-0.0539986
5			16.5			0.0539986

0			16.55			-0.0601341
1			16.55			0.0601341
2			16.55			-0.0601341
3			16.55			0.0601341
4			16.55			-0.0601341
5			16.55			0.0601341

0			16.6			-0.066219
1			16.6			0.066219
2			16.6			-0.066219
3			16.6			0.066219
4			16.6			-0.066219
5			16.6			0.066219

0			16.65			-0.0722398
1			16.65			0.0722398
2			16.65			-0.0722398
3			16.65			0.0722398
4			16.65			-0.0722398
5			16.65			0.0722398

0			16.7			-0.0781832
1			16.7			0.0781832
2			16.7			-0.0781832
3			16.7			0.0781832
4			16.7			-0.0781832
5			16.7			0.0781832

0			16.75			-0.0840357
1			16.75			0.0840357
2			16.75			-0.0840357
3			16.75			0.0840357
4			16.75			-0.0840357
5			16.75			0.0840357

0			16.8			-0.089784
1			16.8			0.089784
2			16.8			-0.089784
3			16.8			0.089784
4			16.8			-0.089784
5			16.8			0.089784

0			16.85			-0.0954152
1			16.85			0.0954152
2			16.85			-0.0954152
3			16.85			0.0954152
4			16.85			-0.0954152
5			16.85			0.0954152

0			16.9			-0.100917
1			16.9			0.100917
2			16.9			-0.100917
3			16.9			0.100917
4			16.9			-0.100917
5			16.9			0.100917

0			16.95			-0.106277
1			16.95			0.106277
2			16.95			-0.106277
3			16.95			0.106277
4			16.95			-0.106277
5			16.95			0.106277

0			17			-0.111485
1			17			0.111485
2			17			-0.111485
3			17			0.111485
4			17			-0.111485
5			17			0.111485

0			17.05			-0.11653
1			17.05			0.11653
2			17.05			-0.11653
3			17.05			0.11653
4			17.05			-0.11653
5			17.05			0.11653

0			17.1			-0.121404
1			17.1			0.121404
2			17.1			-0.121404
3			17.1			0.121404
4			17.1			-0.121404
5			17.1			0.121404

0			17.15			-0.126098
1			17.15			0.126098
2			17.15			-0.126098
3			17.15			0.126098
4			17.15			-0.126098
5			17.15			0.126098

0			17.2			-0.130606
1			17.2			0.130606
2			17.2			-0.130606
3			17.2			0.130606
4			17.2			-0.130606
5			17.2			0.130606

0			17.25			-0.134923
1			17.25			0.134923
2			17.25			-0.134923
3			17.25			0.134923
4			17.25			-0.134923
5			17.25			0.134923

0			17.3			-0.139044
1			17.3			0.139044
2			17.3			-0.139044
3			17.3			0.139044
4			17.3			-0.139044
5			17.3			0.139044

0			17.35			-0.142967
1			17.35			0.142967
2			17.35			-0.142967
3			17.35			0.142967
4			17.35			-0.142967
5			17.35			0.142967

0			17.4			-0.146689
1			17.4			0.146689
2			17.4			-0.146689
3			17.4			0.146689
4			17.4			-0.146689
5			17.4			0.146689

0			17.45			-0.15021
1			17.45			0.15021
2			17.45			-0.15021
3			17.45			0.15021
4			17.45			-0.15021
5			17.45			0.15021

0			17.5			-0.153532
1			17.5			0.153532
2			17.5			-0.153532
3			17.5			0.153532
4			17.5			-0.153532
5			17.5			0.153532

0			17.55			-0.156654
1			17.55			0.156654
2			17.55			-0.156654
3			17.55			0.156654
4			17.55			-0.156654
5			17.55			0.156654

0			17.6			-0.15958
1			17.6			0.15958
2			17.6			-0.15958
3			17.6			0.15958
4			17.6			-0.15958
5			17.6			0.15958

0			17.65			-0.162313
1			17.65			0.162313
2			17.65			-0.162313
3			17.65			0.162313
4			17.65			-0.162313
5			17.65			0.162313

0			17.7			-0.164857
1			17.7			0.164857
2			17.7			-0.164857
3			17.7			0.164857
4			17.7			-0.164857
5			17.7			0.164857

0			17.75			-0.167215
1			17.75			0.167215
2			17.75			-0.167215
3			17.75			0.167215
4			17.75			-0.167215
5			17.75			0.167215

0			17.8			-0.169393
1			17.8			0.169393
2			17.8			-0.169393
3			17.8			0.169393
4			17.8			-0.169393
5			17.8			0.169393

0			17.85			-0.171394
1			17.85			0.171394
2			17.85			-0.171394
3			17.85			0.171394
4			17.85			-0.171394
5			17.85			0.171394

0			17.9			-0.173224
1			17.9			0.173224
2			17.9			-0.173224
3			17.9			0.173224
4			17.9			-0.173224
5			17.9			0.173224

0			17.95			-0.174887
1			17.95			0.174887
2			17.95			-0.174887
3			17.95			0.174887
4			17.95			-0.174887
5			17.95			0.174887

